1
2 1
6
1 3
2 3
4 3
3 4
2 3
1 2
4
2 1
3 2
4 3
5 4
7
7 8
6 7
5 6
4 5
3 4
2 3
1 2
7
1 5
2 5
4 5
4 5
3 4
2 3
1 2
14
1 10
2 10
3 10
4 10
5 10
9 10
8 9
7 8
6 7
5 6
4 5
3 4
2 3
1 2
10
4 2
5 2
6 2
7 2
2 1
3 2
4 3
5 4
6 5
7 6
2
2 1
3 2
27
2 14
4 14
6 14
8 14
11 14
13 14
17 14
18 14
2 1
3 2
4 3
5 4
6 5
7 6
8 7
9 8
10 9
11 10
12 11
13 12
14 13
15 14
16 15
17 16
18 17
19 18
20 19
27
4 2
5 2
7 2
9 2
13 2
16 2
18 2
20 2
19 20
18 19
17 18
16 17
15 16
14 15
13 14
12 13
11 12
10 11
9 10
8 9
7 8
6 7
5 6
4 5
3 4
2 3
1 2