960
97200
66150
73
193536
11016
57344
323
51030
92
8976
23040
4620
322560
11664
45
110
99
38
112
104
4655
1100
38497
116640
53
20592
85536
19008
2304
153600
24192
3120
49392
18720
3360
93312
22950
5304
10368
5200
3312
84579
201600
122877509
16320
268800
125440
32256
2730
641
101
16000
393216
4000
1584
13056
96768
85050
62
4733
129600
5280
2640
5657
56
480000
84240
12960
1960
393660
5346
2097152
448
583200
22464
92160
7392
26880
64
7920
1001
5760
466560
31500
82268566
235200
1260
4032
126
655360
19440
24576
70560
98415
161280
625433749
782
1520
17424
646
4312
1824
19656
77760
6840
88704
116
476014
16128
214573
34300
41580
13860
34560
94770
32805
100800
27720
697106497
302400
243000
900
4725
47958485
8250
42768
622080
79200
13
7500
4160
43740
75264
71805
8624
118272
4943
164640
954158175
4
7389
1600
186624
8347
131980
40960
805306368
9800
473
28
70
589833267
29160
64680
7040
85712697
180
196608
3900
27456
155520
432000
20
42336
92317161
67200
3564
49000
813
51840
4788
70235461
2352
19200
10710
93
28000
257
70000
21504
395
87
6765
114688
42755209
420
2906162
442368
518400
86
6300
11
17640
5297
211680
70200
44928
34
36
281
301056
6400
169344
9180
25600
4704
4539685
4680
361
1764
41600
39936
37440
5400
17920
163840
961175759
391
1944
1817
91857
3645
300
6037
16224
6804
34944
1000000000
23760
135
115200
35503
28800
134400
209952
362880
12544
82
5721
42
8660
7680
8320
1680
54432
8208
2431
9000
67584
78750
78
7897861
106
459270
18816
66
15400
89
12672
5940
2560
9827
142560
124
4675
11264
640
10752
405000
65610
5120
17820
49280
150528
241920
7390
43200
63
8100
21383
104976
63180
7025
42000
25200
2200
233280
73728
138240
27000
21000
40
37800
157464
202500
346742385
2940
457481
1500
2430
2592
57
7776
2707
3696
43680
5601
184320
80
432255
123480
118263990
3371
89100
91
17550
77
37
49896
132000
215040
80640
172032
108000
2156
35100
306180
4536
25920
162000
524880
552960
7
49920
2000
3600
32640
58
1920
67
12870
17136
4488
816
11000
75
375000
102
8
36864
1620
66528
81
349920
45360
29484
96
31680
262440
4410
42105
86400
121
115248
60
768
12150
21168
145800
3584
31590
536870912
672
84000
7290
1
38880
7785
21840
25
10080
38016
151200
110592
8424
87480
86016
76032
216000
14688
29700
71280
926315427
2688
9504
97
54000
3024
170
1800
270000
6399199
8087519
111
688978813
279936
245760
6930
6075
660
4800
24696
1836
322081025
43
1134
68
55296
3510
981028563
145152
80949857
120
725573
71
22176
21870
510205
42120
30973
1671
1386
16380
999999998
14560
132300
131
999999937
3264
29400
128
94500
57624
1632
4200
46464
3960
57024
48510
1056
53760
122
81000
107
9425
1728
3509575
12000
168960
30
957262828
224
69984
30720
52800
6750
3528
15
1048576
998506315
630
198450
44800
236250
13122
24000
170100
7056
99000
9900
653477439
5600
4320
1701
900360029
23115571
6
8316
3456
16
92400
11232
61966
179200
94080
259200
519
14256
294912
29250
792
916855204
1323
409342369
2310
21384
1249
18000
204120
112000
281250
57600
216
9409159
120000
123
20328
225792
7938
139968
986129769
147456
21
949106497
109
15288
226800
10800
967669583
22500
72900
4914
331776
56160
28672
24480
108
4480
12800
3168
193
226151256
33401221
31104
52416
83
4374
28080
96000
16800
2600
100696425
65536
2016
589824
69
13230
64152
85881
35
24
50400
221184
15876
189
2070
59400
127
307200
8550
163296
430080
107520
192
16524
491520
922505446
32
699840
20000
59
2618049
517759
63000
1215
72576
117
27216
746803744
240000
50688
50544
30240
23
3240
1512
69120
8960
50000
1890
61440
105
8640
15120
63360
102060
2100
2160
696
252000
256000
101250
14112
13440
1440
700
314928
360000
20480
17
3864
150000
33108
20736
88
504
34020
864
14400
559
33696
115
105000
938017885
141120
9216
22680
75600
3
1000000
194241
128000
72
160
72000
64800
67893369
26
74880
131220
84480
90
65
60000
76800
47
35640
29
7296
373248
17280
969
665
8400
74
31
31200
21952
200000
76
12348
21600
62208
129024
165888
15680
48000
94
18432
362
540
180000
24750
1008
48384
192000
174960
85
14336
4050
33600
38400
113
587234
59136
29120
9450
1530
14040
460800
125
56448
23814
8015864
14700
276480
64922375
5625
26460
46
408240
79
474
207360
6000
182250
524288
3375
124416
10500
5767201
501
18240
11085765
345600
13680
2340
45000
144000
40950
34848
49152
11340
614400
320
40320
50
126720
5184
3157819
47628
546750
10560
34111
64512
291600
49
9100
33
168000
994617
336000
9408
987
52488
55
12288
230400
904152917
78000
1001604
95040
13500
576
546
29952
15552
181440
10000
110250
5044
8448
112896
1904
5
4752
998244353
2880
52
1615
16464
1741
99840
4560
44
32670
8772
24300
194400
8064
23100
70400
20160
35280
2268
388800
999999999
2
14
90720
396
810
468
2250
118
9
4158
272160
2400
8372259
6541551
60480
39600
288000
10
5824
786432
58320
12768
8826131
2520
122880
47473
10240
414720
89600
33750
28512
118800
40824
69888
129
324000
934
5520
288
44550
103680
3780
217728
105600
176400
95256
53940
787320
567
10260
248832
9600
621008
51
2403381
2376
7560
6552
95
13824
48238
282791
311040
12096
300000
54880
2736
18
54600
31752
61740
340200
364500
482421315
32076
244944
52920
5073
81648
56700
32000
7128
3072
472392
74088
5616
8000
49500
27184698
25002
2025
6720
4896
12240
30030
58800
983900459
16200
33792
486000
633
79548
36283838
964532929
41472
46080
47040
912
8748
142884
7455307
23232
108864
48
63504
58054077
32400
81920
54
32768
2720
68040
5376
23328
9240
22
98
83160
5808
6480
673921
19
4608
119
67500
127008
15840
48600
98304
84
18480
1848
19800
25490988
5250
15750
133650
23400
135000
368640
82944
3000
136080
989447237
105840
103
22848
7200
5000
5040
441
9489
96228
