965
6144
994617
2100
57624
112000
510205
50000
58
93
78000
91
38497
805306368
252000
8448
20592
21168
2156
13230
18816
123
84480
625433749
32000
969
41580
168000
75264
95
182250
110
24480
48000
67584
31680
19656
22848
216
85712697
474
164640
57024
53760
518400
24750
29120
20
47040
2250
1260
15840
5940
77
42755209
362
240000
120000
90
15680
18240
132300
72576
122877509
20480
5657
14560
112
24192
93312
48384
21000
1520
97200
193536
782
16224
5601
73728
189
349920
13440
900
12240
33600
80
1600
641
1215
23400
5304
23814
938017885
40950
118272
16200
4536
640
67893369
519
51030
2097152
91857
10752
76032
2268
55296
3072
105840
2160
6840
115200
48
109
16128
118263990
5184
84579
3024
27184698
49500
5280
160
8372259
10080
28672
13824
16320
48600
96768
86
11264
113
52920
6720
8316
4733
697106497
29250
21952
300
49000
816
96
102060
103680
41600
3696
71
4320
100800
949106497
12768
192000
630
5016
524880
19008
92
243000
87480
3360
12672
172032
314928
97
56160
486000
64680
409342369
161280
6300
150528
193
62208
28000
64152
270000
82
174960
49152
12870
15750
1134
2730
2430
1000000
491520
28
8772
81
233280
170100
15288
84000
180
665
82944
307200
22680
13
361
32805
33108
17280
22
155520
362880
194400
14336
4160
1944
99840
32670
7392
36
11664
5040
8087519
1680
1890
102
131980
47958485
5297
34
136080
3157819
3168
54600
813
986129769
117
4200
9504
19440
129600
11000
241920
198450
114688
468
33696
28080
448
700
11340
655360
32400
459270
54432
151200
49280
131220
116
8100
4675
7056
21600
138240
4488
1904
1764
98304
86016
5760
139968
11232
20736
23100
44550
589833267
64922375
16
118800
999999998
4788
74880
8748
89100
2000
122
43200
393660
552960
1008
38
589824
1632
16800
346742385
998244353
217728
26
23
57
999999937
40
2940
2016
7920
9900
129
7200
7938
108000
123480
5616
126
414720
4480
63
482421315
214573
21
78750
272160
57344
5044
22500
9180
17550
302400
5767201
660
66150
1048576
10500
76
7897861
52416
5400
116640
1817
15552
9409159
30720
105600
80949857
108
340200
24576
11
92400
9425
42768
46
961175759
49
2592
226800
34944
1615
8660
587234
4725
25490988
52800
7296
101250
2304
45360
13122
393216
10260
59136
391
8250
934
176400
8424
32640
6399199
81648
103
70
58800
124
17920
35100
8000
100696425
57600
48510
207360
567
170
18480
7290
3375
954158175
9100
368640
2880
28800
2376
4410
112896
912
76800
50544
142884
322081025
1056
21383
5625
32076
1920
688978813
473
1741
279936
24
61440
236250
22950
14400
165888
17
29484
1836
259200
576
3864
4032
14
133650
4
9
150000
69120
22176
981028563
21384
345600
725573
2310
40960
142560
614400
194241
20160
40320
204120
73
216000
24696
26460
24300
134400
276480
46464
3312
49896
69984
6552
7680
6541551
2736
1440
432255
268800
12288
16000
38880
30
84
50
61966
5520
987
98415
1
6075
63360
322560
92160
476014
41472
221184
301056
121
6804
2200
12150
9450
63000
54880
16380
29400
900360029
1001604
200000
19800
256000
5808
192
2340
16524
85
70200
460800
13500
75
10710
168960
16464
2618049
44800
792
105000
245760
4050
14688
81000
30240
58320
119
47473
6400
6000
144000
27720
33792
4312
184320
1500
4800
14256
84240
49392
3510
7389
69888
10000
922505446
72900
2906162
94500
129024
29160
11016
14040
26880
45
37440
17424
395
18720
8400
8320
1100
964532929
56
52
13056
71805
94770
52488
104976
60000
69
1671
4560
13860
196608
115248
1824
2688
15876
983900459
262440
153600
2600
2707
147456
63504
7025
44928
51840
27456
106
15400
61740
12096
21504
4896
1800
15
209952
87
8640
501
96000
23115571
1386
998506315
466560
17820
536870912
1728
23232
17136
8960
2
583200
101
672
35640
15120
10240
4158
12800
257
5721
8208
6037
72000
96228
646
53940
3900
35
127008
288000
281
540
9000
225792
60
360000
8624
14700
9600
282791
31104
1512
215040
3240
5120
226151256
70000
25920
4914
3
34560
36864
31
34111
291600
131
33
82268566
43
5376
115
79548
42
67500
3888
68
18432
110592
323
1001
72
7
32256
55
653477439
331776
405000
31200
59400
79
696
107520
40824
4000
60480
128
9489
107
94
8347
169344
80640
180000
22464
66
2025
125440
6
4704
420
12000
989447237
746803744
78
30030
53
90720
699840
1530
281250
294912
125
56448
5200
85536
4752
92317161
70235461
3528
58054077
5361
373248
89
39936
35280
37
2431
104
1000000000
65
916855204
64
7390
20000
967669583
12544
181440
38400
306180
3509575
3564
23760
904152917
430080
44
14112
31752
7500
54
957262828
75600
9240
43740
42000
45000
77760
120
51
128000
50400
10368
1701
4374
79200
6480
23040
59
64800
42336
375000
47
224
441
35503
248832
25600
7040
202500
23328
2352
110250
28512
19200
1960
2560
111
324000
926315427
18000
5073
10800
83160
8
47628
4620
32768
81920
442368
88704
21840
7785
9800
70400
4655
38016
108864
388800
186624
472392
127
86400
2070
3371
85881
480000
25
4943
124416
621008
2400
5000
50688
145152
39600
71280
4539685
5824
8015864
2640
7128
8826131
33750
89600
1848
1620
396
6600
3000
244944
3584
8976
25002
17640
88
768
3456
9827
66528
62
3780
408240
810
235200
37800
2520
787320
85050
13680
36283838
54000
432000
211680
2403381
5
7560
1249
83
517759
27000
19
10560
7776
300000
99
42105
18
864
230400
31590
12348
364500
70560
3600
135
6750
64512
49920
56700
4680
94080
163296
504
74088
288
546750
9408
179200
42120
9216
30973
95040
63180
43680
559
8550
24000
32
20328
633
546
122880
29
786432
10
157464
105
65610
999999999
7455307
11085765
65536
163840
95256
141120
67200
336000
3960
29952
12960
68040
33401221
99000
5600
31500
98
46080
201600
1323
673921
320
4608
118
126720
27216
74
34020
34300
2720
21870
6765
29700
3264
5250
3645
34848
622080
6930
311040
145800
3120
1584
135000
67
162000
25200
8064
5346
457481
132000
48238
524288
