Case #1: 7 12 9 5 5 4 3 3 
Case #2: 6 10 9 7 7 5 3 
Case #3: -1
Case #4: 7 8 7 6 6 6 4 4 
Case #5: 5 17 12 6 3 3 
Case #6: 6 8 8 8 8 7 2 
Case #7: 7 19 17 1 1 1 1 1 
Case #8: 6 10 9 9 7 3 3 
Case #9: 16 23 4 1 1 1 1 1 1 1 1 1 1 1 1 1 1 
Case #10: 5 17 11 8 3 2 
Case #11: 5 16 8 6 6 5 
Case #12: 4 21 11 5 4 
Case #13: 8 9 7 5 4 4 4 4 4 
Case #14: 5 18 9 8 3 3 
Case #15: 25 15 3 1 1 1 1 1 1 1 1 1 1 1 1 1 1 1 1 1 1 1 1 1 1 1 
Case #16: 16 22 5 1 1 1 1 1 1 1 1 1 1 1 1 1 1 
Case #17: 7 33 3 1 1 1 1 1 
Case #18: 4 38 1 1 1 
Case #19: 11 28 4 1 1 1 1 1 1 1 1 1 
Case #20: 13 26 4 1 1 1 1 1 1 1 1 1 1 1 
Case #21: 7 19 7 7 5 1 1 1 
Case #22: 4 25 11 4 1 
Case #23: -1
Case #24: 7 12 6 6 6 5 3 3 
Case #25: -1
Case #26: 5 13 11 9 4 4 
Case #27: 6 11 6 6 6 6 6 
Case #28: 6 16 11 6 3 3 2 
Case #29: 3 16 16 9 
Case #30: 7 10 8 6 5 4 4 4 
Case #31: 5 16 7 6 6 6 
Case #32: 4 26 6 5 4 
Case #33: 6 14 7 7 6 4 3 
Case #34: 5 13 12 8 5 3 
Case #35: 4 21 10 8 2 
Case #36: 6 9 8 6 6 6 6 
Case #37: 6 17 10 5 3 3 3 
Case #38: 4 17 13 8 3 
Case #39: 4 12 12 9 8 
Case #40: 6 16 13 5 5 1 1 
Case #41: 5 23 9 4 4 1 
Case #42: -1
Case #43: 7 8 7 6 6 5 5 4 
Case #44: -1
Case #45: 5 17 10 6 4 4 
Case #46: 8 10 7 5 4 4 4 4 3 
Case #47: 7 8 8 7 7 5 4 2 
Case #48: 5 12 8 8 7 6 
Case #49: 4 26 7 5 3 
Case #50: -1
Case #51: -1
Case #52: 6 16 10 5 5 4 1 
Case #53: 9 8 8 4 4 4 4 4 3 2 
Case #54: 6 25 5 4 4 2 1 
Case #55: 3 24 11 6 
Case #56: 5 17 12 4 4 4 
Case #57: 6 8 8 7 6 6 6 
Case #58: 6 9 9 7 6 5 5 
Case #59: 10 31 2 1 1 1 1 1 1 1 1 
Case #60: -1
Case #61: 7 12 6 6 5 5 4 3 
Case #62: 4 22 8 6 5 
Case #63: 4 22 12 5 2 
Case #64: -1
Case #65: 13 28 2 1 1 1 1 1 1 1 1 1 1 1 
Case #66: 9 8 5 5 5 5 4 4 3 2 
Case #67: 7 13 9 5 4 4 3 3 
Case #68: 5 20 6 6 6 3 
Case #69: 3 20 14 7 
Case #70: 9 9 6 6 5 3 3 3 3 3 
Case #71: 4 18 11 9 3 
Case #72: -1
Case #73: 3 32 7 2 
Case #74: 9 6 6 6 5 5 4 3 3 3 
Case #75: 5 13 12 6 6 4 
Case #76: 6 8 8 8 6 6 5 
Case #77: 4 14 12 11 4 
Case #78: 5 14 8 8 6 5 
Case #79: 9 32 2 1 1 1 1 1 1 1 
Case #80: 4 16 11 9 5 
Case #81: 13 13 11 7 1 1 1 1 1 1 1 1 1 1 
Case #82: 4 20 9 8 4 
Case #83: 9 9 6 5 4 4 4 3 3 3 
Case #84: 5 10 10 9 7 5 
Case #85: -1
Case #86: 8 8 7 7 5 5 4 3 2 
Case #87: 4 21 15 4 1 
Case #88: 4 24 7 6 4 
Case #89: 16 21 6 1 1 1 1 1 1 1 1 1 1 1 1 1 1 
Case #90: 9 8 5 4 4 4 4 4 4 4 
Case #91: 5 18 6 6 6 5 
Case #92: 6 16 8 8 4 3 2 
Case #93: 6 12 7 7 6 5 4 
Case #94: 7 9 9 9 5 3 3 3 
Case #95: 7 10 7 6 6 4 4 4 
Case #96: -1
Case #97: -1
Case #98: 4 19 16 5 1 
Case #99: 5 12 11 11 4 3 
Case #100: 6 19 17 2 1 1 1 
Case #101: 4 14 14 11 2 
Case #102: 3 19 16 6 
Case #103: 5 13 12 7 6 3 
Case #104: 6 12 6 6 6 6 5 
Case #105: 4 19 10 6 6 
Case #106: 7 11 9 7 4 4 4 2 
Case #107: 10 29 4 1 1 1 1 1 1 1 1 
Case #108: -1
Case #109: 5 18 8 7 4 4 
Case #110: -1
Case #111: 5 10 10 7 7 7 
Case #112: 6 12 11 7 5 3 3 
Case #113: 5 15 11 7 6 2 
Case #114: 5 10 9 8 8 6 
Case #115: 8 13 10 3 3 3 3 3 3 
Case #116: 5 9 9 9 9 5 
Case #117: 7 14 6 5 5 4 4 3 
Case #118: 5 12 11 7 6 5 
Case #119: -1
Case #120: 8 9 7 5 5 4 4 4 3 
Case #121: 8 10 6 6 5 5 3 3 3 
Case #122: 3 30 6 5 
Case #123: 5 25 7 3 3 3 
Case #124: -1
Case #125: 4 15 11 10 5 
Case #126: 6 12 11 6 6 3 3 
Case #127: 9 6 6 6 5 4 4 4 3 3 
Case #128: 6 11 8 6 6 5 5 
Case #129: 29 13 1 1 1 1 1 1 1 1 1 1 1 1 1 1 1 1 1 1 1 1 1 1 1 1 1 1 1 1 
Case #130: 5 15 10 10 5 1 
Case #131: 4 20 13 4 4 
Case #132: 6 12 9 9 5 3 3 
Case #133: 6 8 8 8 7 7 3 
Case #134: -1
Case #135: 4 16 11 7 7 
Case #136: 7 11 8 7 4 4 4 3 
Case #137: -1
Case #138: 7 8 7 7 7 5 4 3 
Case #139: -1
Case #140: 38 4 1 1 1 1 1 1 1 1 1 1 1 1 1 1 1 1 1 1 1 1 1 1 1 1 1 1 1 1 1 1 1 1 1 1 1 1 1 
Case #141: -1
Case #142: 3 25 8 8 
Case #143: 7 9 6 6 6 6 4 4 
Case #144: -1
Case #145: -1
Case #146: 6 16 8 5 4 4 4 
Case #147: -1
Case #148: 4 14 10 10 7 
Case #149: -1
Case #150: 14 28 1 1 1 1 1 1 1 1 1 1 1 1 1 
Case #151: 6 35 2 1 1 1 1 
Case #152: -1
Case #153: 5 12 9 9 6 5 
Case #154: 6 11 8 7 7 5 3 
Case #155: 4 16 11 10 4 
Case #156: -1
Case #157: 2 36 5 
Case #158: 8 8 8 8 4 4 4 3 2 
Case #159: 4 20 13 5 3 
Case #160: 6 13 11 8 4 3 2 
Case #161: 7 10 6 6 6 6 4 3 
Case #162: 8 6 6 6 5 5 5 4 4 
Case #163: 22 20 1 1 1 1 1 1 1 1 1 1 1 1 1 1 1 1 1 1 1 1 1 
Case #164: 6 14 9 7 4 4 3 
Case #165: -1
Case #166: 6 12 8 7 5 5 4 
Case #167: 5 22 9 6 3 1 
Case #168: 6 10 10 7 7 5 2 
Case #169: -1
Case #170: 6 15 6 6 6 4 4 
Case #171: 4 19 12 7 3 
Case #172: -1
Case #173: 4 21 14 4 2 
Case #174: 5 16 10 6 5 4 
Case #175: 6 17 10 7 3 3 1 
Case #176: 9 31 3 1 1 1 1 1 1 1 
Case #177: 5 10 10 10 7 4 
Case #178: -1
Case #179: 6 10 10 7 5 5 4 
Case #180: 5 16 8 7 6 4 
Case #181: -1
Case #182: 11 29 3 1 1 1 1 1 1 1 1 1 
Case #183: -1
Case #184: 7 8 8 8 7 4 4 2 
Case #185: -1
Case #186: 2 21 20 
Case #187: -1
Case #188: 9 9 6 4 4 4 4 4 4 2 
Case #189: 9 9 5 5 4 4 4 4 3 3 
Case #190: -1
Case #191: 4 20 9 7 5 
Case #192: 31 11 1 1 1 1 1 1 1 1 1 1 1 1 1 1 1 1 1 1 1 1 1 1 1 1 1 1 1 1 1 1 
Case #193: 5 18 7 7 5 4 
Case #194: -1
Case #195: 7 7 7 6 6 6 5 4 
Case #196: 6 13 6 6 6 5 5 
Case #197: 6 13 9 8 4 4 3 
Case #198: 8 34 1 1 1 1 1 1 1 
Case #199: 6 36 1 1 1 1 1 
Case #200: -1
Case #201: 8 8 7 7 4 4 4 4 3 
Case #202: 4 20 8 8 5 
Case #203: 7 9 7 7 6 4 4 4 
Case #204: 5 17 10 9 3 2 
Case #205: 6 20 5 4 4 4 4 
Case #206: 5 21 8 7 4 1 
Case #207: -1
Case #208: 5 26 5 4 3 3 
Case #209: 5 19 19 1 1 1 
Case #210: 3 21 14 6 
Case #211: 6 13 8 8 5 5 2 
Case #212: 6 13 12 4 4 4 4 
Case #213: 6 13 12 5 4 4 3 
Case #214: 4 18 10 10 3 
Case #215: 5 16 10 7 4 4 
Case #216: 7 8 8 8 5 4 4 4 
Case #217: -1
Case #218: 3 23 17 1 
Case #219: 4 27 8 3 3 
Case #220: -1
Case #221: -1
Case #222: 5 27 5 3 3 3 
Case #223: 3 30 10 1 
Case #224: -1
Case #225: 5 13 13 8 4 3 
Case #226: 5 21 9 6 3 2 
Case #227: 6 13 8 8 7 3 2 
Case #228: -1
Case #229: 5 12 11 9 5 4 
Case #230: 11 27 5 1 1 1 1 1 1 1 1 1 
Case #231: 7 12 8 5 5 4 4 3 
Case #232: -1
Case #233: 5 12 10 8 6 5 
Case #234: 7 12 7 5 5 4 4 4 
Case #235: 8 9 9 6 4 4 3 3 3 
Case #236: 8 7 6 6 6 5 4 4 3 
Case #237: 6 16 8 7 7 2 1 
Case #238: -1
Case #239: -1
Case #240: 20 21 2 1 1 1 1 1 1 1 1 1 1 1 1 1 1 1 1 1 1 
Case #241: -1
Case #242: 4 16 12 8 5 
Case #243: 6 16 13 5 4 2 1 
Case #244: 3 24 10 7 
Case #245: 6 14 6 6 6 6 3 
Case #246: 5 19 12 4 3 3 
Case #247: 3 17 13 11 
Case #248: 4 15 10 10 6 
Case #249: 6 11 8 8 6 4 4 
Case #250: 6 10 9 7 5 5 5 
Case #251: 2 39 2 
Case #252: -1
Case #253: -1
Case #254: 10 10 7 3 3 3 3 3 3 3 3 
Case #255: 5 16 8 7 7 3 
Case #256: 8 33 2 1 1 1 1 1 1 
Case #257: 6 11 10 10 7 2 1 
Case #258: -1
Case #259: 5 18 11 4 4 4 
Case #260: 4 15 12 11 3 
Case #261: 6 16 16 5 2 1 1 
Case #262: -1
Case #263: 7 11 6 6 6 5 4 3 
Case #264: 8 31 4 1 1 1 1 1 1 
Case #265: 7 17 11 5 5 1 1 1 
Case #266: 5 16 11 8 4 2 
Case #267: 3 32 5 4 
Case #268: 5 21 8 4 4 4 
Case #269: 8 6 6 6 5 5 5 5 3 
Case #270: 6 9 9 9 6 5 3 
Case #271: 4 16 16 5 4 
Case #272: 5 15 11 6 6 3 
Case #273: 6 11 8 8 7 5 2 
Case #274: 7 8 8 7 7 4 4 3 
Case #275: 8 10 7 6 4 4 4 3 3 
Case #276: -1
Case #277: 6 16 6 6 5 5 3 
Case #278: 19 21 3 1 1 1 1 1 1 1 1 1 1 1 1 1 1 1 1 1 
Case #279: 4 15 12 9 5 
Case #280: -1
Case #281: 7 9 9 9 4 4 3 3 
Case #282: 7 13 10 6 3 3 3 3 
Case #283: -1
Case #284: 6 16 7 5 5 5 3 
Case #285: 5 15 8 7 6 5 
Case #286: 3 20 11 10 
Case #287: 7 6 6 6 6 6 6 5 
Case #288: 6 9 8 8 8 4 4 
Case #289: 7 12 6 6 5 4 4 4 
Case #290: 5 12 10 9 5 5 
Case #291: 5 15 10 7 5 4 
Case #292: 2 40 1 
Case #293: 6 15 8 7 5 3 3 
Case #294: 8 9 9 8 3 3 3 3 3 
Case #295: 7 9 6 6 5 5 5 5 
Case #296: -1
Case #297: 5 21 10 7 2 1 
Case #298: -1
Case #299: 3 25 10 6 
Case #300: 4 27 6 5 3 
Case #301: 4 27 6 4 4 
Case #302: 21 19 3 1 1 1 1 1 1 1 1 1 1 1 1 1 1 1 1 1 1 1 
Case #303: 4 18 9 8 6 
Case #304: -1
Case #305: 5 22 8 7 3 1 
Case #306: 6 13 10 7 4 4 3 
Case #307: -1
Case #308: 7 8 8 6 6 5 4 4 
Case #309: 19 20 4 1 1 1 1 1 1 1 1 1 1 1 1 1 1 1 1 1 
Case #310: -1
Case #311: 7 10 7 7 7 4 3 3 
Case #312: -1
Case #313: -1
Case #314: 7 11 10 6 5 3 3 3 
Case #315: 23 13 7 1 1 1 1 1 1 1 1 1 1 1 1 1 1 1 1 1 1 1 1 1 
Case #316: 6 15 13 5 3 3 2 
Case #317: 25 11 7 1 1 1 1 1 1 1 1 1 1 1 1 1 1 1 1 1 1 1 1 1 1 1 
Case #318: 5 37 1 1 1 1 
Case #319: 6 11 9 8 7 3 3 
Case #320: 7 11 8 5 5 5 4 3 
Case #321: 8 10 7 6 4 4 4 4 2 
Case #322: 6 10 8 7 6 6 4 
Case #323: 7 8 8 7 6 4 4 4 
Case #324: 7 12 8 5 5 5 3 3 
Case #325: 5 14 14 11 1 1 
Case #326: 6 13 12 5 5 3 3 
Case #327: 9 10 7 6 3 3 3 3 3 3 
Case #328: 4 21 9 8 3 
Case #329: 5 15 8 6 6 6 
Case #330: 7 10 6 6 6 5 5 3 
Case #331: 9 6 6 6 6 5 3 3 3 3 
Case #332: 9 9 5 4 4 4 4 4 4 3 
Case #333: 35 7 1 1 1 1 1 1 1 1 1 1 1 1 1 1 1 1 1 1 1 1 1 1 1 1 1 1 1 1 1 1 1 1 1 1 
Case #334: 6 13 10 6 4 4 4 
Case #335: 4 25 10 4 2 
Case #336: 4 25 6 6 4 
Case #337: 6 17 8 5 4 4 3 
Case #338: 12 29 2 1 1 1 1 1 1 1 1 1 1 
Case #339: 4 20 16 3 2 
Case #340: -1
Case #341: 6 13 11 10 3 3 1 
Case #342: 5 17 9 7 4 4 
Case #343: 6 17 11 8 3 1 1 
Case #344: 8 17 16 3 1 1 1 1 1 
Case #345: 4 11 10 10 10 
Case #346: 15 25 3 1 1 1 1 1 1 1 1 1 1 1 1 1 
Case #347: 8 8 5 5 5 5 5 5 3 
Case #348: 6 34 3 1 1 1 1 
Case #349: 34 8 1 1 1 1 1 1 1 1 1 1 1 1 1 1 1 1 1 1 1 1 1 1 1 1 1 1 1 1 1 1 1 1 1 
Case #350: 5 9 8 8 8 8 
Case #351: 3 18 18 5 
Case #352: 6 11 9 7 6 4 4 
Case #353: 13 27 3 1 1 1 1 1 1 1 1 1 1 1 
Case #354: 8 6 6 6 6 6 5 3 3 
Case #355: 6 15 7 6 6 4 3 
Case #356: 5 13 9 7 6 6 
Case #357: 8 32 3 1 1 1 1 1 1 
Case #358: 5 11 10 8 6 6 
Case #359: 8 9 6 6 6 5 3 3 3 
Case #360: 4 21 10 7 3 
Case #361: -1
Case #362: 6 10 8 6 6 6 5 
Case #363: 21 11 11 1 1 1 1 1 1 1 1 1 1 1 1 1 1 1 1 1 1 1 
Case #364: 7 8 7 7 7 7 3 2 
Case #365: 11 30 2 1 1 1 1 1 1 1 1 1 
Case #366: 4 32 4 3 2 
Case #367: 6 18 9 5 5 3 1 
Case #368: 5 14 9 8 7 3 
Case #369: 7 9 9 6 5 5 4 3 
Case #370: 4 16 16 7 2 
Case #371: 6 13 10 9 3 3 3 
Case #372: -1
Case #373: 4 24 14 2 1 
Case #374: 6 10 8 7 6 5 5 
Case #375: 4 18 9 9 5 
Case #376: 41 1 1 1 1 1 1 1 1 1 1 1 1 1 1 1 1 1 1 1 1 1 1 1 1 1 1 1 1 1 1 1 1 1 1 1 1 1 1 1 1 1 
Case #377: 6 15 9 6 4 4 3 
Case #378: -1
Case #379: 5 13 12 7 5 4 
Case #380: 17 25 1 1 1 1 1 1 1 1 1 1 1 1 1 1 1 1 
Case #381: 4 14 10 9 8 
Case #382: 6 12 11 8 4 3 3 
Case #383: 7 10 7 6 6 5 4 3 
Case #384: 7 12 9 4 4 4 4 4 
Case #385: 5 18 13 4 3 3 
Case #386: 6 9 9 6 6 6 5 
Case #387: 6 8 8 8 7 6 4 
Case #388: 6 11 8 6 6 6 4 
Case #389: 7 8 6 6 6 5 5 5 
Case #390: 5 17 9 8 4 3 
Case #391: 5 11 10 9 6 5 
Case #392: 6 11 9 6 6 5 4 
Case #393: -1
Case #394: 4 24 8 7 2 
Case #395: 4 12 12 11 6 
Case #396: -1
Case #397: 6 15 6 6 5 5 4 
Case #398: 4 21 12 6 2 
Case #399: 4 34 5 1 1 
Case #400: 3 20 15 6 
Case #401: 8 10 6 5 5 5 4 3 3 
Case #402: -1
Case #403: -1
Case #404: 3 37 3 1 
Case #405: -1
Case #406: 8 9 6 6 6 4 4 3 3 
Case #407: 8 12 5 4 4 4 4 4 4 
Case #408: 4 18 11 7 5 
Case #409: 7 25 3 3 3 3 3 1 
Case #410: 5 22 15 2 1 1 
Case #411: 4 20 12 5 4 
Case #412: 5 14 9 7 7 4 
Case #413: 3 18 17 6 
Case #414: -1
Case #415: -1
Case #416: 4 27 7 6 1 
Case #417: 7 34 2 1 1 1 1 1 
Case #418: 6 12 9 8 4 4 4 
Case #419: 6 26 5 3 3 3 1 
Case #420: -1
Case #421: 7 9 9 7 4 4 4 4 
Case #422: -1
Case #423: 9 30 4 1 1 1 1 1 1 1 
Case #424: -1
Case #425: -1
Case #426: 5 14 11 6 6 4 
Case #427: 6 18 9 5 3 3 3 
Case #428: -1
Case #429: 6 13 10 6 6 3 3 
Case #430: -1
Case #431: -1
Case #432: 6 22 9 7 1 1 1 
Case #433: 5 14 13 6 5 3 
Case #434: -1
Case #435: 6 14 13 5 4 4 1 
Case #436: 7 10 7 7 6 5 3 3 
Case #437: -1
Case #438: -1
Case #439: 4 17 16 6 2 
Case #440: 5 12 10 7 7 5 
Case #441: 7 32 4 1 1 1 1 1 
Case #442: 7 14 6 5 5 5 3 3 
Case #443: 8 8 7 7 7 7 3 1 1 
Case #444: 5 17 16 6 1 1 
Case #445: 4 24 7 5 5 
Case #446: 6 11 11 8 4 4 3 
Case #447: 4 22 10 6 3 
Case #448: 6 11 9 9 4 4 4 
Case #449: 6 11 10 7 7 3 3 
Case #450: 3 22 16 3 
Case #451: 6 14 8 6 5 4 4 
Case #452: -1
Case #453: 6 10 9 6 6 5 5 
Case #454: -1
Case #455: -1
Case #456: 3 24 9 8 
Case #457: -1
Case #458: 5 20 8 5 5 3 
Case #459: 8 11 8 5 4 4 4 3 2 
Case #460: 12 30 1 1 1 1 1 1 1 1 1 1 1 
Case #461: -1
Case #462: 4 32 7 1 1 
Case #463: 6 9 9 9 6 4 4 
Case #464: 5 12 8 8 8 5 
Case #465: 6 12 11 5 5 4 4 
Case #466: 4 15 15 6 5 
Case #467: 4 24 7 7 3 
Case #468: 27 15 1 1 1 1 1 1 1 1 1 1 1 1 1 1 1 1 1 1 1 1 1 1 1 1 1 1 
Case #469: 11 4 4 4 4 4 4 4 4 4 4 1 
Case #470: -1
Case #471: 4 30 7 3 1 
Case #472: 8 10 7 7 5 3 3 3 3 
Case #473: 6 16 7 5 5 4 4 
Case #474: 8 10 7 5 5 5 3 3 3 
Case #475: 8 18 9 3 3 3 3 1 1 
Case #476: 5 15 8 8 5 5 
Case #477: 7 9 7 6 6 5 5 3 
Case #478: 4 14 14 9 4 
Case #479: 7 11 10 5 5 4 3 3 
Case #480: 5 22 6 5 5 3 
Case #481: -1
Case #482: 4 20 10 7 4 
Case #483: 4 24 6 6 5 
Case #484: 5 27 7 3 3 1 
Case #485: -1
Case #486: -1
Case #487: 36 6 1 1 1 1 1 1 1 1 1 1 1 1 1 1 1 1 1 1 1 1 1 1 1 1 1 1 1 1 1 1 1 1 1 1 1 
Case #488: 5 22 7 6 3 3 
Case #489: 4 24 9 4 4 
Case #490: 26 16 1 1 1 1 1 1 1 1 1 1 1 1 1 1 1 1 1 1 1 1 1 1 1 1 1 
Case #491: 7 11 8 7 5 5 3 2 
Case #492: 5 16 13 6 3 3 
Case #493: -1
Case #494: 7 8 8 7 5 5 4 4 
Case #495: 6 8 8 7 7 6 5 
Case #496: 8 10 6 6 5 4 4 3 3 
Case #497: -1
Case #498: 5 12 12 11 3 3 
Case #499: 8 9 8 4 4 4 4 4 4 
Case #500: 8 13 10 5 5 3 3 1 1 
Case #501: 6 24 11 3 1 1 1 
Case #502: -1
Case #503: 3 27 7 7 
Case #504: -1
Case #505: 4 15 14 11 1 
Case #506: 5 12 11 9 6 3 
Case #507: -1
Case #508: 5 18 8 5 5 5 
Case #509: 8 10 7 6 6 3 3 3 3 
Case #510: 7 14 5 5 5 4 4 4 
Case #511: 8 10 5 5 5 5 5 3 3 
Case #512: 6 12 10 6 5 4 4 
Case #513: 3 36 3 2 
Case #514: -1
Case #515: 7 10 10 5 5 4 4 3 
Case #516: -1
Case #517: 6 11 11 8 7 3 1 
Case #518: 8 9 7 7 4 4 4 4 2 
Case #519: 4 18 9 7 7 
Case #520: 7 9 9 6 6 4 4 3 
Case #521: -1
Case #522: 7 9 8 8 4 4 4 4 
Case #523: 21 21 1 1 1 1 1 1 1 1 1 1 1 1 1 1 1 1 1 1 1 1 
Case #524: -1
Case #525: -1
Case #526: 5 14 13 7 4 3 
Case #527: 7 7 6 6 6 6 5 5 
Case #528: 4 12 10 10 9 
Case #529: -1
Case #530: 5 15 10 6 5 5 
Case #531: 6 9 9 9 5 5 4 
Case #532: 4 18 13 7 3 
Case #533: 8 9 6 6 4 4 4 4 4 
Case #534: 6 13 9 6 5 4 4 
Case #535: 6 16 8 7 4 4 2 
Case #536: 6 17 10 4 4 3 3 
Case #537: 4 36 3 1 1 
Case #538: 6 20 8 7 4 1 1 
Case #539: 5 20 8 5 4 4 
Case #540: 4 22 12 4 3 
Case #541: -1
Case #542: -1
Case #543: -1
Case #544: 5 12 9 8 6 6 
Case #545: 6 13 9 7 4 4 4 
Case #546: -1
Case #547: 6 27 3 3 3 3 2 
Case #548: 5 13 10 6 6 6 
Case #549: 7 15 5 5 4 4 4 4 
Case #550: 5 16 10 7 5 3 
Case #551: 5 26 5 5 4 1 
Case #552: -1
Case #553: 7 8 8 8 8 4 4 1 
Case #554: 3 21 12 8 
Case #555: 9 9 4 4 4 4 4 4 4 4 
Case #556: 17 23 3 1 1 1 1 1 1 1 1 1 1 1 1 1 1 1 
Case #557: 6 21 7 5 3 3 2 
Case #558: 6 11 9 6 6 6 3 
Case #559: -1
Case #560: 7 35 1 1 1 1 1 1 
Case #561: 18 24 1 1 1 1 1 1 1 1 1 1 1 1 1 1 1 1 1 
Case #562: 6 15 7 6 5 4 4 
Case #563: 8 12 6 4 4 4 4 4 3 
Case #564: 5 18 7 7 6 3 
Case #565: 9 27 7 1 1 1 1 1 1 1 
Case #566: 6 23 10 3 3 1 1 
Case #567: 6 11 10 6 6 5 3 
Case #568: -1
Case #569: 8 10 6 5 4 4 4 4 4 
Case #570: 6 19 10 5 3 3 1 
Case #571: 7 9 7 6 6 6 4 3 
Case #572: 9 8 7 5 4 4 4 4 3 2 
Case #573: 7 14 6 5 4 4 4 4 
Case #574: 5 32 6 1 1 1 
Case #575: 5 17 9 6 6 3 
Case #576: 9 10 4 4 4 4 4 4 4 3 
Case #577: -1
Case #578: 10 32 1 1 1 1 1 1 1 1 1 
Case #579: 10 9 5 4 4 4 3 3 3 3 3 
Case #580: 5 16 10 5 5 5 
Case #581: -1
Case #582: -1
Case #583: -1
Case #584: 6 14 6 6 5 5 5 
Case #585: 3 27 9 5 
Case #586: 6 12 7 6 6 6 4 
Case #587: 21 13 9 1 1 1 1 1 1 1 1 1 1 1 1 1 1 1 1 1 1 1 
Case #588: 5 14 9 6 6 6 
Case #589: -1
Case #590: 8 10 6 5 5 5 4 4 2 
Case #591: 6 12 11 6 4 4 4 
Case #592: 6 13 9 6 6 4 3 
Case #593: 5 12 10 7 6 6 
Case #594: 19 23 1 1 1 1 1 1 1 1 1 1 1 1 1 1 1 1 1 1 
Case #595: 4 24 9 5 3 
Case #596: 4 24 9 7 1 
Case #597: 6 12 8 6 6 5 4 
Case #598: 4 16 10 8 7 
Case #599: 6 16 5 5 5 5 5 
Case #600: 4 27 7 5 2 
Case #601: 6 12 8 8 5 4 4 
Case #602: 5 35 3 1 1 1 
Case #603: 4 16 10 9 6 
Case #604: 5 18 8 7 5 3 
Case #605: 6 11 10 6 6 4 4 
Case #606: 7 10 9 7 6 3 3 3 
Case #607: 3 21 10 10 
Case #608: 3 20 12 9 
Case #609: 4 29 8 3 1 
Case #610: 8 10 7 5 5 4 4 3 3 
Case #611: 8 8 8 5 5 5 4 4 2 
Case #612: 8 15 5 5 5 3 3 3 2 
Case #613: 5 16 9 7 7 2 
Case #614: 5 20 7 6 4 4 
Case #615: 3 24 12 5 
Case #616: 3 25 14 2 
Case #617: 9 9 9 4 4 3 3 3 3 3 
Case #618: 8 9 5 5 5 5 4 4 4 
Case #619: 5 16 8 8 5 4 
Case #620: 25 17 1 1 1 1 1 1 1 1 1 1 1 1 1 1 1 1 1 1 1 1 1 1 1 1 
Case #621: 4 23 8 7 3 
Case #622: 7 12 5 5 5 5 5 4 
Case #623: -1
Case #624: 5 16 9 6 6 4 
Case #625: 17 22 4 1 1 1 1 1 1 1 1 1 1 1 1 1 1 1 
Case #626: 5 28 9 2 1 1 
Case #627: 5 10 9 9 7 6 
Case #628: 4 32 3 3 3 
Case #629: 5 20 6 6 5 4 
Case #630: -1
Case #631: 6 13 12 6 4 3 3 
Case #632: 15 23 5 1 1 1 1 1 1 1 1 1 1 1 1 1 
Case #633: 7 14 5 5 5 5 4 3 
Case #634: -1
Case #635: 7 10 7 7 6 4 4 3 
Case #636: 4 16 9 8 8 
Case #637: 5 15 9 7 6 4 
Case #638: 6 12 7 6 6 5 5 
Case #639: 39 3 1 1 1 1 1 1 1 1 1 1 1 1 1 1 1 1 1 1 1 1 1 1 1 1 1 1 1 1 1 1 1 1 1 1 1 1 1 1 
Case #640: -1
Case #641: -1
Case #642: 7 10 10 5 4 4 4 4 
Case #643: 5 36 2 1 1 1 
Case #644: 6 32 5 1 1 1 1 
Case #645: 6 12 8 6 5 5 5 
Case #646: 6 12 9 6 5 5 4 
Case #647: -1
Case #648: 16 26 1 1 1 1 1 1 1 1 1 1 1 1 1 1 1 
Case #649: 7 13 10 4 4 4 3 3 
Case #650: 7 9 9 6 6 5 3 3 
Case #651: 7 11 10 6 4 4 4 2 
Case #652: 10 30 3 1 1 1 1 1 1 1 1 
Case #653: 25 13 5 1 1 1 1 1 1 1 1 1 1 1 1 1 1 1 1 1 1 1 1 1 1 1 
Case #654: 6 12 10 5 5 5 4 
Case #655: 6 10 8 8 6 5 4 
Case #656: -1
Case #657: 6 11 10 9 6 3 2 
Case #658: 13 29 1 1 1 1 1 1 1 1 1 1 1 1 
Case #659: 4 19 8 8 6 
Case #660: 8 6 6 6 6 6 4 4 3 
Case #661: 5 18 8 6 5 4 
Case #662: 5 19 17 3 1 1 
Case #663: 13 19 7 5 1 1 1 1 1 1 1 1 1 1 
Case #664: 4 14 12 10 5 
Case #665: 4 37 2 1 1 
Case #666: 11 31 1 1 1 1 1 1 1 1 1 1 
Case #667: 6 13 12 5 5 4 2 
Case #668: 5 16 7 7 7 4 
Case #669: 7 8 8 5 5 5 5 5 
Case #670: 3 38 2 1 
Case #671: 5 18 7 7 7 2 
Case #672: 5 16 9 6 5 5 
Case #673: 6 12 9 6 6 4 4 
Case #674: 7 12 7 6 4 4 4 4 
Case #675: 7 9 8 6 6 4 4 4 
Case #676: 5 14 14 5 4 4 
Case #677: 6 16 6 5 5 5 4 
Case #678: -1
Case #679: 5 16 9 8 4 4 
Case #680: -1
Case #681: 3 30 9 2 
Case #682: 7 10 6 6 5 5 5 4 
Case #683: 6 15 11 5 5 3 2 
Case #684: 3 28 9 4 
Case #685: 6 14 9 6 4 4 4 
Case #686: 7 8 8 6 5 5 5 4 
Case #687: 7 9 6 6 6 6 5 3 
Case #688: 21 17 5 1 1 1 1 1 1 1 1 1 1 1 1 1 1 1 1 1 1 1 
Case #689: 5 16 8 8 7 2 
Case #690: 4 18 15 5 3 
Case #691: 5 10 10 8 7 6 
Case #692: 6 16 8 5 5 4 3 
Case #693: -1
Case #694: -1
Case #695: 6 11 8 8 7 4 3 
Case #696: 5 13 8 8 7 5 
Case #697: 4 15 10 9 7 
Case #698: 4 18 17 5 1 
Case #699: 5 15 13 6 4 3 
Case #700: 9 10 5 4 4 4 4 4 3 3 
Case #701: 13 25 5 1 1 1 1 1 1 1 1 1 1 1 
Case #702: 6 14 7 6 6 4 4 
Case #703: 6 18 7 7 3 3 3 
Case #704: -1
Case #705: 5 15 10 7 7 2 
Case #706: 8 10 6 6 4 4 4 4 3 
Case #707: -1
Case #708: 5 25 5 5 3 3 
Case #709: 5 15 7 7 6 6 
Case #710: 18 23 2 1 1 1 1 1 1 1 1 1 1 1 1 1 1 1 1 
Case #711: 9 9 7 5 4 4 3 3 3 3 
Case #712: -1
Case #713: -1
Case #714: 7 8 6 6 6 6 5 4 
Case #715: 4 20 10 6 5 
Case #716: 8 10 9 5 5 3 3 3 3 
Case #717: 10 8 4 4 4 4 4 4 4 4 1 
Case #718: 7 25 5 3 3 3 1 1 
Case #719: 7 12 6 6 6 4 4 3 
Case #720: 5 15 14 5 5 2 
Case #721: -1
Case #722: -1
Case #723: 6 19 8 5 4 3 2 
Case #724: -1
Case #725: 8 9 6 5 5 4 4 4 4 
Case #726: 5 19 9 5 4 4 
Case #727: 3 18 13 10 
Case #728: 6 15 8 5 5 5 3 
Case #729: 7 12 6 5 5 5 4 4 
Case #730: 6 13 10 7 5 3 3 
Case #731: 6 11 11 9 4 4 2 
Case #732: 7 16 8 4 4 4 3 2 
Case #733: 5 21 6 6 5 3 
Case #734: 9 8 5 5 4 4 4 4 4 3 
Case #735: 5 32 5 2 1 1 
Case #736: 6 16 7 6 5 4 3 
Case #737: 16 25 2 1 1 1 1 1 1 1 1 1 1 1 1 1 1 
Case #738: 7 11 9 5 4 4 4 4 
Case #739: 4 18 12 8 3 
Case #740: -1
Case #741: 6 12 9 7 7 3 3 
Case #742: 10 10 5 5 3 3 3 3 3 3 3 
Case #743: 4 12 11 10 8 
Case #744: -1
Case #745: 6 12 8 7 6 4 4 
Case #746: 8 9 6 6 5 5 4 3 3 
Case #747: 29 7 7 1 1 1 1 1 1 1 1 1 1 1 1 1 1 1 1 1 1 1 1 1 1 1 1 1 1 1 
Case #748: 5 13 10 10 7 1 
Case #749: 9 33 1 1 1 1 1 1 1 1 
Case #750: 7 10 7 6 5 5 4 4 
Case #751: -1
Case #752: 8 8 7 5 5 5 4 4 3 
Case #753: 4 14 12 8 7 
Case #754: -1
Case #755: 6 9 9 9 8 3 3 
Case #756: 27 11 5 1 1 1 1 1 1 1 1 1 1 1 1 1 1 1 1 1 1 1 1 1 1 1 1 1 
Case #757: 6 16 12 4 4 4 1 
Case #758: 8 12 5 5 4 4 4 4 3 
Case #759: -1
Case #760: 7 13 8 5 5 5 3 2 
Case #761: -1
Case #762: 7 11 10 6 4 4 3 3 
Case #763: 5 18 10 5 5 3 
Case #764: 3 32 6 3 
Case #765: 8 26 7 3 1 1 1 1 1 
Case #766: 5 13 8 8 6 6 
Case #767: 5 18 9 6 4 4 
Case #768: 7 9 7 6 6 5 4 4 
Case #769: 5 10 10 10 10 1 
Case #770: 8 10 7 7 5 5 3 3 1 
Case #771: -1
Case #772: 4 16 11 8 6 
Case #773: 7 12 7 7 4 4 4 3 
Case #774: 4 17 16 7 1 
Case #775: 37 5 1 1 1 1 1 1 1 1 1 1 1 1 1 1 1 1 1 1 1 1 1 1 1 1 1 1 1 1 1 1 1 1 1 1 1 1 
Case #776: 4 22 9 6 4 
Case #777: -1
Case #778: 4 24 10 4 3 
Case #779: 15 26 2 1 1 1 1 1 1 1 1 1 1 1 1 1 
Case #780: 3 19 17 5 
Case #781: 6 16 7 7 7 3 1 
Case #782: -1
Case #783: 7 13 8 5 4 4 4 3 
Case #784: 5 19 12 5 4 1 
Case #785: 19 22 2 1 1 1 1 1 1 1 1 1 1 1 1 1 1 1 1 1 
Case #786: 6 11 11 10 3 3 3 
Case #787: -1
Case #788: 5 15 9 6 6 5 
Case #789: 7 9 6 6 6 5 5 4 
Case #790: 4 18 8 8 7 
Case #791: 5 14 11 6 5 5 
Case #792: 6 11 8 8 5 5 4 
Case #793: 5 16 9 7 5 4 
Case #794: 5 10 9 8 7 7 
Case #795: 3 18 14 9 
Case #796: 8 6 6 6 6 5 5 4 3 
Case #797: -1
Case #798: 40 2 1 1 1 1 1 1 1 1 1 1 1 1 1 1 1 1 1 1 1 1 1 1 1 1 1 1 1 1 1 1 1 1 1 1 1 1 1 1 1 
Case #799: 28 14 1 1 1 1 1 1 1 1 1 1 1 1 1 1 1 1 1 1 1 1 1 1 1 1 1 1 1 
Case #800: 6 10 7 6 6 6 6 
Case #801: 3 33 6 2 
Case #802: 4 27 10 3 1 
Case #803: 7 26 9 2 1 1 1 1 
Case #804: 4 25 10 3 3 
Case #805: -1
Case #806: 33 9 1 1 1 1 1 1 1 1 1 1 1 1 1 1 1 1 1 1 1 1 1 1 1 1 1 1 1 1 1 1 1 1 
Case #807: 4 22 9 7 3 
Case #808: 8 9 7 6 5 4 4 3 3 
Case #809: 3 16 15 10 
Case #810: -1
Case #811: -1
Case #812: 6 14 6 6 6 5 4 
Case #813: 6 12 11 6 5 5 2 
Case #814: 8 10 6 5 5 4 4 4 3 
Case #815: 32 10 1 1 1 1 1 1 1 1 1 1 1 1 1 1 1 1 1 1 1 1 1 1 1 1 1 1 1 1 1 1 1 
Case #816: 5 16 13 7 4 1 
Case #817: 10 8 4 4 4 4 4 4 4 3 2 
Case #818: 6 12 9 6 6 5 3 
Case #819: 5 19 8 7 4 3 
Case #820: -1
Case #821: 3 15 14 12 
Case #822: 7 12 8 5 4 4 4 4 
Case #823: -1
Case #824: 6 20 8 4 4 4 1 
Case #825: 8 6 6 6 6 5 4 4 4 
Case #826: 6 8 8 8 7 5 5 
Case #827: 6 18 5 5 5 5 3 
Case #828: 5 12 11 6 6 6 
Case #829: 7 11 9 5 5 4 4 3 
Case #830: 6 14 9 6 6 3 3 
Case #831: 7 13 8 7 4 4 3 2 
Case #832: -1
Case #833: 8 9 6 5 5 5 4 4 3 
Case #834: -1
Case #835: 5 23 8 5 3 2 
Case #836: 2 32 9 
Case #837: 6 11 10 9 5 3 3 
Case #838: 7 12 9 5 4 4 4 3 
Case #839: 4 21 12 5 3 
Case #840: 7 7 6 6 6 6 6 4 
Case #841: 7 11 10 5 4 4 4 3 
Case #842: 7 9 7 7 5 5 4 4 
Case #843: 6 9 7 7 6 6 6 
Case #844: -1
Case #845: 10 6 6 6 5 3 3 3 3 3 3 
Case #846: 7 27 7 3 1 1 1 1 
Case #847: 5 19 10 6 3 3 
Case #848: 8 9 9 4 4 4 4 4 3 
Case #849: 4 15 10 8 8 
Case #850: -1
Case #851: 23 17 3 1 1 1 1 1 1 1 1 1 1 1 1 1 1 1 1 1 1 1 1 1 
Case #852: -1
Case #853: 3 18 12 11 
Case #854: 4 18 10 7 6 
Case #855: 5 14 13 9 4 1 
Case #856: 19 19 5 1 1 1 1 1 1 1 1 1 1 1 1 1 1 1 1 1 
Case #857: 5 18 8 8 4 3 
Case #858: -1
Case #859: -1
Case #860: 8 9 6 6 5 4 4 4 3 
Case #861: 5 21 6 6 4 4 
Case #862: 8 10 5 5 5 5 4 4 3 
Case #863: 6 14 7 7 5 4 4 
Case #864: 4 19 16 3 3 
Case #865: 24 18 1 1 1 1 1 1 1 1 1 1 1 1 1 1 1 1 1 1 1 1 1 1 1 
Case #866: 6 13 8 7 5 5 3 
Case #867: 5 12 9 7 7 6 
Case #868: 6 12 7 7 7 5 3 
Case #869: 8 7 6 6 6 5 5 3 3 
Case #870: 9 10 6 5 5 3 3 3 3 3 
Case #871: -1
Case #872: 5 11 9 9 6 6 
Case #873: 8 9 7 6 6 4 3 3 3 
Case #874: 6 14 7 6 6 5 3 
Case #875: -1
Case #876: 6 9 9 7 6 6 4 
Case #877: 6 12 9 7 5 5 3 
Case #878: 5 10 10 8 8 5 
Case #879: 4 18 11 6 6 
Case #880: 5 24 8 4 4 1 
Case #881: 10 9 8 3 3 3 3 3 3 3 3 
Case #882: 6 9 8 7 7 7 3 
Case #883: 4 18 13 6 4 
Case #884: 4 16 10 10 5 
Case #885: 6 12 11 5 5 5 3 
Case #886: -1
Case #887: -1
Case #888: 5 27 5 5 3 1 
Case #889: 4 20 8 7 6 
Case #890: 5 17 16 3 3 2 
Case #891: 5 17 12 5 4 3 
Case #892: 6 13 11 7 5 3 2 
Case #893: 6 14 7 6 5 5 4 
Case #894: -1
Case #895: 5 18 9 5 5 4 
Case #896: 5 11 8 8 8 6 
Case #897: 9 9 5 5 5 4 4 3 3 3 
Case #898: -1
Case #899: -1
Case #900: -1
Case #901: -1
Case #902: 6 16 6 6 6 4 3 
Case #903: 6 16 6 6 5 4 4 
Case #904: 6 15 7 7 4 4 4 
Case #905: 6 19 16 3 1 1 1 
Case #906: 5 18 9 9 3 2 
Case #907: 7 9 7 7 6 6 3 3 
Case #908: -1
Case #909: 5 11 11 8 8 3 
Case #910: 7 12 7 6 6 4 3 3 
Case #911: 17 24 2 1 1 1 1 1 1 1 1 1 1 1 1 1 1 1 
Case #912: 6 12 7 7 6 6 3 
Case #913: -1
Case #914: 5 10 10 9 6 6 
Case #915: 6 8 8 8 8 5 4 
Case #916: 14 27 2 1 1 1 1 1 1 1 1 1 1 1 1 
Case #917: 6 8 8 8 8 8 1 
Case #918: 5 17 16 5 2 1 
Case #919: 6 10 9 7 6 6 3 
Case #920: 4 21 8 8 4 
Case #921: 5 12 9 9 8 3 
Case #922: 4 15 11 8 7 
Case #923: 20 22 1 1 1 1 1 1 1 1 1 1 1 1 1 1 1 1 1 1 1 
Case #924: 22 14 7 1 1 1 1 1 1 1 1 1 1 1 1 1 1 1 1 1 1 1 1 
Case #925: 6 11 7 6 6 6 5 
Case #926: 4 16 11 11 3 
Case #927: 4 20 9 6 6 
Case #928: -1
Case #929: 23 19 1 1 1 1 1 1 1 1 1 1 1 1 1 1 1 1 1 1 1 1 1 1 
Case #930: 4 16 16 6 3 
Case #931: 19 17 7 1 1 1 1 1 1 1 1 1 1 1 1 1 1 1 1 1 
Case #932: 6 12 9 5 5 5 5 
Case #933: 7 9 8 7 7 4 3 3 
Case #934: 5 16 11 6 5 3 
Case #935: 6 15 6 6 6 5 3 
Case #936: 7 8 8 8 8 4 3 2 
Case #937: 12 28 3 1 1 1 1 1 1 1 1 1 1 
Case #938: 5 15 11 7 4 4 
Case #939: 3 22 12 7 
Case #940: 5 15 11 6 5 4 
Case #941: -1
Case #942: 4 21 10 5 5 
Case #943: 6 21 5 5 5 3 2 
Case #944: 8 11 10 5 3 3 3 3 3 
Case #945: 5 13 12 6 5 5 
Case #946: 7 12 6 5 5 5 5 3 
Case #947: 8 8 6 6 5 4 4 4 4 
Case #948: 6 9 8 8 6 6 4 
Case #949: 4 25 8 5 3 
Case #950: 7 10 7 6 6 6 3 3 
Case #951: -1
Case #952: 7 12 7 7 5 4 3 3 
Case #953: -1
Case #954: 6 17 8 7 4 3 2 
Case #955: 4 18 10 8 5 
Case #956: 5 25 5 5 4 2 
Case #957: 4 21 10 6 4 
Case #958: 13 21 7 3 1 1 1 1 1 1 1 1 1 1 
Case #959: -1
Case #960: 7 11 9 6 6 3 3 3 
