38 37 5 74
1 38 1
38 1 0
2 38 1
38 2 0
3 38 1
38 3 0
4 38 1
38 4 0
5 38 1
38 5 0
6 38 1
38 6 0
7 38 1
38 7 0
8 38 1
38 8 0
9 38 1
38 9 0
10 38 1
38 10 0
11 38 1
38 11 0
12 38 1
38 12 0
13 38 1
38 13 0
14 38 1
38 14 0
15 38 1
38 15 0
16 38 1
38 16 0
17 38 1
38 17 0
18 38 1
38 18 0
19 38 1
38 19 0
20 38 1
38 20 0
21 38 1
38 21 0
22 38 1
38 22 0
23 38 1
38 23 0
24 38 1
38 24 0
25 38 1
38 25 0
26 38 1
38 26 0
27 38 1
38 27 0
28 38 1
38 28 0
29 38 10
38 29 0
30 38 10
38 30 0
31 38 10
38 31 0
32 38 10
38 32 0
33 38 10
38 33 0
34 38 10
38 34 0
35 38 10
38 35 0
36 38 10
38 36 0
37 38 10
38 37 0
