3919 3918 174 7836
1 3919 1
3919 1 0
2 3919 1
3919 2 0
3 3919 1
3919 3 0
4 3919 1
3919 4 0
5 3919 1
3919 5 0
6 3919 1
3919 6 0
7 3919 1
3919 7 0
8 3919 1
3919 8 0
9 3919 1
3919 9 0
10 3919 1
3919 10 0
11 3919 1
3919 11 0
12 3919 1
3919 12 0
13 3919 1
3919 13 0
14 3919 1
3919 14 0
15 3919 1
3919 15 0
16 3919 1
3919 16 0
17 3919 1
3919 17 0
18 3919 1
3919 18 0
19 3919 1
3919 19 0
20 3919 1
3919 20 0
21 3919 1
3919 21 0
22 3919 1
3919 22 0
23 3919 1
3919 23 0
24 3919 1
3919 24 0
25 3919 1
3919 25 0
26 3919 1
3919 26 0
27 3919 1
3919 27 0
28 3919 1
3919 28 0
29 3919 1
3919 29 0
30 3919 1
3919 30 0
31 3919 1
3919 31 0
32 3919 1
3919 32 0
33 3919 1
3919 33 0
34 3919 1
3919 34 0
35 3919 1
3919 35 0
36 3919 1
3919 36 0
37 3919 1
3919 37 0
38 3919 1
3919 38 0
39 3919 1
3919 39 0
40 3919 1
3919 40 0
41 3919 1
3919 41 0
42 3919 1
3919 42 0
43 3919 1
3919 43 0
44 3919 1
3919 44 0
45 3919 1
3919 45 0
46 3919 1
3919 46 0
47 3919 1
3919 47 0
48 3919 1
3919 48 0
49 3919 1
3919 49 0
50 3919 1
3919 50 0
51 3919 1
3919 51 0
52 3919 1
3919 52 0
53 3919 1
3919 53 0
54 3919 1
3919 54 0
55 3919 1
3919 55 0
56 3919 1
3919 56 0
57 3919 1
3919 57 0
58 3919 1
3919 58 0
59 3919 1
3919 59 0
60 3919 1
3919 60 0
61 3919 1
3919 61 0
62 3919 1
3919 62 0
63 3919 1
3919 63 0
64 3919 1
3919 64 0
65 3919 1
3919 65 0
66 3919 1
3919 66 0
67 3919 1
3919 67 0
68 3919 1
3919 68 0
69 3919 1
3919 69 0
70 3919 1
3919 70 0
71 3919 1
3919 71 0
72 3919 1
3919 72 0
73 3919 1
3919 73 0
74 3919 1
3919 74 0
75 3919 1
3919 75 0
76 3919 1
3919 76 0
77 3919 1
3919 77 0
78 3919 1
3919 78 0
79 3919 1
3919 79 0
80 3919 1
3919 80 0
81 3919 1
3919 81 0
82 3919 1
3919 82 0
83 3919 1
3919 83 0
84 3919 1
3919 84 0
85 3919 1
3919 85 0
86 3919 1
3919 86 0
87 3919 1
3919 87 0
88 3919 1
3919 88 0
89 3919 1
3919 89 0
90 3919 1
3919 90 0
91 3919 1
3919 91 0
92 3919 1
3919 92 0
93 3919 1
3919 93 0
94 3919 1
3919 94 0
95 3919 1
3919 95 0
96 3919 1
3919 96 0
97 3919 1
3919 97 0
98 3919 1
3919 98 0
99 3919 1
3919 99 0
100 3919 1
3919 100 0
101 3919 1
3919 101 0
102 3919 1
3919 102 0
103 3919 1
3919 103 0
104 3919 1
3919 104 0
105 3919 1
3919 105 0
106 3919 1
3919 106 0
107 3919 1
3919 107 0
108 3919 1
3919 108 0
109 3919 1
3919 109 0
110 3919 1
3919 110 0
111 3919 1
3919 111 0
112 3919 1
3919 112 0
113 3919 1
3919 113 0
114 3919 1
3919 114 0
115 3919 1
3919 115 0
116 3919 1
3919 116 0
117 3919 1
3919 117 0
118 3919 1
3919 118 0
119 3919 1
3919 119 0
120 3919 1
3919 120 0
121 3919 1
3919 121 0
122 3919 1
3919 122 0
123 3919 1
3919 123 0
124 3919 1
3919 124 0
125 3919 1
3919 125 0
126 3919 1
3919 126 0
127 3919 1
3919 127 0
128 3919 1
3919 128 0
129 3919 1
3919 129 0
130 3919 1
3919 130 0
131 3919 1
3919 131 0
132 3919 1
3919 132 0
133 3919 1
3919 133 0
134 3919 1
3919 134 0
135 3919 1
3919 135 0
136 3919 1
3919 136 0
137 3919 1
3919 137 0
138 3919 1
3919 138 0
139 3919 1
3919 139 0
140 3919 1
3919 140 0
141 3919 1
3919 141 0
142 3919 1
3919 142 0
143 3919 1
3919 143 0
144 3919 1
3919 144 0
145 3919 1
3919 145 0
146 3919 1
3919 146 0
147 3919 1
3919 147 0
148 3919 1
3919 148 0
149 3919 1
3919 149 0
150 3919 1
3919 150 0
151 3919 1
3919 151 0
152 3919 1
3919 152 0
153 3919 1
3919 153 0
154 3919 1
3919 154 0
155 3919 1
3919 155 0
156 3919 1
3919 156 0
157 3919 1
3919 157 0
158 3919 1
3919 158 0
159 3919 1
3919 159 0
160 3919 1
3919 160 0
161 3919 1
3919 161 0
162 3919 1
3919 162 0
163 3919 1
3919 163 0
164 3919 1
3919 164 0
165 3919 1
3919 165 0
166 3919 1
3919 166 0
167 3919 1
3919 167 0
168 3919 1
3919 168 0
169 3919 1
3919 169 0
170 3919 1
3919 170 0
171 3919 1
3919 171 0
172 3919 1
3919 172 0
173 3919 1
3919 173 0
174 3919 1
3919 174 0
175 3919 1
3919 175 0
176 3919 1
3919 176 0
177 3919 1
3919 177 0
178 3919 1
3919 178 0
179 3919 1
3919 179 0
180 3919 1
3919 180 0
181 3919 1
3919 181 0
182 3919 1
3919 182 0
183 3919 1
3919 183 0
184 3919 1
3919 184 0
185 3919 1
3919 185 0
186 3919 1
3919 186 0
187 3919 1
3919 187 0
188 3919 1
3919 188 0
189 3919 1
3919 189 0
190 3919 1
3919 190 0
191 3919 1
3919 191 0
192 3919 1
3919 192 0
193 3919 1
3919 193 0
194 3919 1
3919 194 0
195 3919 1
3919 195 0
196 3919 1
3919 196 0
197 3919 1
3919 197 0
198 3919 1
3919 198 0
199 3919 1
3919 199 0
200 3919 1
3919 200 0
201 3919 1
3919 201 0
202 3919 1
3919 202 0
203 3919 1
3919 203 0
204 3919 1
3919 204 0
205 3919 1
3919 205 0
206 3919 1
3919 206 0
207 3919 1
3919 207 0
208 3919 1
3919 208 0
209 3919 1
3919 209 0
210 3919 1
3919 210 0
211 3919 1
3919 211 0
212 3919 1
3919 212 0
213 3919 1
3919 213 0
214 3919 1
3919 214 0
215 3919 1
3919 215 0
216 3919 1
3919 216 0
217 3919 1
3919 217 0
218 3919 1
3919 218 0
219 3919 1
3919 219 0
220 3919 1
3919 220 0
221 3919 1
3919 221 0
222 3919 1
3919 222 0
223 3919 1
3919 223 0
224 3919 1
3919 224 0
225 3919 1
3919 225 0
226 3919 1
3919 226 0
227 3919 1
3919 227 0
228 3919 1
3919 228 0
229 3919 1
3919 229 0
230 3919 1
3919 230 0
231 3919 1
3919 231 0
232 3919 1
3919 232 0
233 3919 1
3919 233 0
234 3919 1
3919 234 0
235 3919 1
3919 235 0
236 3919 1
3919 236 0
237 3919 1
3919 237 0
238 3919 1
3919 238 0
239 3919 1
3919 239 0
240 3919 1
3919 240 0
241 3919 1
3919 241 0
242 3919 1
3919 242 0
243 3919 1
3919 243 0
244 3919 1
3919 244 0
245 3919 1
3919 245 0
246 3919 1
3919 246 0
247 3919 1
3919 247 0
248 3919 1
3919 248 0
249 3919 1
3919 249 0
250 3919 1
3919 250 0
251 3919 1
3919 251 0
252 3919 1
3919 252 0
253 3919 1
3919 253 0
254 3919 1
3919 254 0
255 3919 1
3919 255 0
256 3919 1
3919 256 0
257 3919 1
3919 257 0
258 3919 1
3919 258 0
259 3919 1
3919 259 0
260 3919 1
3919 260 0
261 3919 1
3919 261 0
262 3919 1
3919 262 0
263 3919 1
3919 263 0
264 3919 1
3919 264 0
265 3919 1
3919 265 0
266 3919 1
3919 266 0
267 3919 1
3919 267 0
268 3919 1
3919 268 0
269 3919 1
3919 269 0
270 3919 1
3919 270 0
271 3919 1
3919 271 0
272 3919 1
3919 272 0
273 3919 1
3919 273 0
274 3919 1
3919 274 0
275 3919 1
3919 275 0
276 3919 1
3919 276 0
277 3919 1
3919 277 0
278 3919 1
3919 278 0
279 3919 1
3919 279 0
280 3919 1
3919 280 0
281 3919 1
3919 281 0
282 3919 1
3919 282 0
283 3919 1
3919 283 0
284 3919 1
3919 284 0
285 3919 1
3919 285 0
286 3919 1
3919 286 0
287 3919 1
3919 287 0
288 3919 1
3919 288 0
289 3919 1
3919 289 0
290 3919 1
3919 290 0
291 3919 1
3919 291 0
292 3919 1
3919 292 0
293 3919 1
3919 293 0
294 3919 1
3919 294 0
295 3919 1
3919 295 0
296 3919 1
3919 296 0
297 3919 1
3919 297 0
298 3919 1
3919 298 0
299 3919 1
3919 299 0
300 3919 1
3919 300 0
301 3919 1
3919 301 0
302 3919 1
3919 302 0
303 3919 1
3919 303 0
304 3919 1
3919 304 0
305 3919 1
3919 305 0
306 3919 1
3919 306 0
307 3919 1
3919 307 0
308 3919 1
3919 308 0
309 3919 1
3919 309 0
310 3919 1
3919 310 0
311 3919 1
3919 311 0
312 3919 1
3919 312 0
313 3919 1
3919 313 0
314 3919 1
3919 314 0
315 3919 1
3919 315 0
316 3919 1
3919 316 0
317 3919 1
3919 317 0
318 3919 1
3919 318 0
319 3919 1
3919 319 0
320 3919 1
3919 320 0
321 3919 1
3919 321 0
322 3919 1
3919 322 0
323 3919 1
3919 323 0
324 3919 1
3919 324 0
325 3919 1
3919 325 0
326 3919 1
3919 326 0
327 3919 1
3919 327 0
328 3919 1
3919 328 0
329 3919 1
3919 329 0
330 3919 1
3919 330 0
331 3919 1
3919 331 0
332 3919 1
3919 332 0
333 3919 1
3919 333 0
334 3919 1
3919 334 0
335 3919 1
3919 335 0
336 3919 1
3919 336 0
337 3919 1
3919 337 0
338 3919 1
3919 338 0
339 3919 1
3919 339 0
340 3919 1
3919 340 0
341 3919 1
3919 341 0
342 3919 1
3919 342 0
343 3919 1
3919 343 0
344 3919 1
3919 344 0
345 3919 1
3919 345 0
346 3919 1
3919 346 0
347 3919 1
3919 347 0
348 3919 1
3919 348 0
349 3919 1
3919 349 0
350 3919 1
3919 350 0
351 3919 1
3919 351 0
352 3919 1
3919 352 0
353 3919 1
3919 353 0
354 3919 1
3919 354 0
355 3919 1
3919 355 0
356 3919 1
3919 356 0
357 3919 1
3919 357 0
358 3919 1
3919 358 0
359 3919 1
3919 359 0
360 3919 1
3919 360 0
361 3919 1
3919 361 0
362 3919 1
3919 362 0
363 3919 1
3919 363 0
364 3919 1
3919 364 0
365 3919 1
3919 365 0
366 3919 1
3919 366 0
367 3919 1
3919 367 0
368 3919 1
3919 368 0
369 3919 1
3919 369 0
370 3919 1
3919 370 0
371 3919 1
3919 371 0
372 3919 1
3919 372 0
373 3919 1
3919 373 0
374 3919 1
3919 374 0
375 3919 1
3919 375 0
376 3919 1
3919 376 0
377 3919 1
3919 377 0
378 3919 1
3919 378 0
379 3919 1
3919 379 0
380 3919 1
3919 380 0
381 3919 1
3919 381 0
382 3919 1
3919 382 0
383 3919 1
3919 383 0
384 3919 1
3919 384 0
385 3919 1
3919 385 0
386 3919 1
3919 386 0
387 3919 1
3919 387 0
388 3919 1
3919 388 0
389 3919 1
3919 389 0
390 3919 1
3919 390 0
391 3919 1
3919 391 0
392 3919 1
3919 392 0
393 3919 1
3919 393 0
394 3919 1
3919 394 0
395 3919 1
3919 395 0
396 3919 1
3919 396 0
397 3919 1
3919 397 0
398 3919 1
3919 398 0
399 3919 1
3919 399 0
400 3919 1
3919 400 0
401 3919 1
3919 401 0
402 3919 1
3919 402 0
403 3919 1
3919 403 0
404 3919 1
3919 404 0
405 3919 1
3919 405 0
406 3919 1
3919 406 0
407 3919 1
3919 407 0
408 3919 1
3919 408 0
409 3919 1
3919 409 0
410 3919 1
3919 410 0
411 3919 1
3919 411 0
412 3919 1
3919 412 0
413 3919 1
3919 413 0
414 3919 1
3919 414 0
415 3919 1
3919 415 0
416 3919 1
3919 416 0
417 3919 1
3919 417 0
418 3919 1
3919 418 0
419 3919 1
3919 419 0
420 3919 1
3919 420 0
421 3919 1
3919 421 0
422 3919 1
3919 422 0
423 3919 1
3919 423 0
424 3919 1
3919 424 0
425 3919 1
3919 425 0
426 3919 1
3919 426 0
427 3919 1
3919 427 0
428 3919 1
3919 428 0
429 3919 1
3919 429 0
430 3919 1
3919 430 0
431 3919 1
3919 431 0
432 3919 1
3919 432 0
433 3919 1
3919 433 0
434 3919 1
3919 434 0
435 3919 1
3919 435 0
436 3919 1
3919 436 0
437 3919 1
3919 437 0
438 3919 1
3919 438 0
439 3919 1
3919 439 0
440 3919 1
3919 440 0
441 3919 1
3919 441 0
442 3919 1
3919 442 0
443 3919 1
3919 443 0
444 3919 1
3919 444 0
445 3919 1
3919 445 0
446 3919 1
3919 446 0
447 3919 1
3919 447 0
448 3919 1
3919 448 0
449 3919 1
3919 449 0
450 3919 1
3919 450 0
451 3919 1
3919 451 0
452 3919 1
3919 452 0
453 3919 1
3919 453 0
454 3919 1
3919 454 0
455 3919 1
3919 455 0
456 3919 1
3919 456 0
457 3919 1
3919 457 0
458 3919 1
3919 458 0
459 3919 1
3919 459 0
460 3919 1
3919 460 0
461 3919 1
3919 461 0
462 3919 1
3919 462 0
463 3919 1
3919 463 0
464 3919 1
3919 464 0
465 3919 1
3919 465 0
466 3919 1
3919 466 0
467 3919 1
3919 467 0
468 3919 1
3919 468 0
469 3919 1
3919 469 0
470 3919 1
3919 470 0
471 3919 1
3919 471 0
472 3919 1
3919 472 0
473 3919 1
3919 473 0
474 3919 1
3919 474 0
475 3919 1
3919 475 0
476 3919 1
3919 476 0
477 3919 1
3919 477 0
478 3919 1
3919 478 0
479 3919 1
3919 479 0
480 3919 1
3919 480 0
481 3919 1
3919 481 0
482 3919 1
3919 482 0
483 3919 1
3919 483 0
484 3919 1
3919 484 0
485 3919 1
3919 485 0
486 3919 1
3919 486 0
487 3919 1
3919 487 0
488 3919 1
3919 488 0
489 3919 1
3919 489 0
490 3919 1
3919 490 0
491 3919 1
3919 491 0
492 3919 1
3919 492 0
493 3919 1
3919 493 0
494 3919 1
3919 494 0
495 3919 1
3919 495 0
496 3919 1
3919 496 0
497 3919 1
3919 497 0
498 3919 1
3919 498 0
499 3919 1
3919 499 0
500 3919 1
3919 500 0
501 3919 1
3919 501 0
502 3919 1
3919 502 0
503 3919 1
3919 503 0
504 3919 1
3919 504 0
505 3919 1
3919 505 0
506 3919 1
3919 506 0
507 3919 1
3919 507 0
508 3919 1
3919 508 0
509 3919 1
3919 509 0
510 3919 1
3919 510 0
511 3919 1
3919 511 0
512 3919 1
3919 512 0
513 3919 1
3919 513 0
514 3919 1
3919 514 0
515 3919 1
3919 515 0
516 3919 1
3919 516 0
517 3919 1
3919 517 0
518 3919 1
3919 518 0
519 3919 1
3919 519 0
520 3919 1
3919 520 0
521 3919 1
3919 521 0
522 3919 1
3919 522 0
523 3919 1
3919 523 0
524 3919 1
3919 524 0
525 3919 1
3919 525 0
526 3919 1
3919 526 0
527 3919 1
3919 527 0
528 3919 1
3919 528 0
529 3919 1
3919 529 0
530 3919 1
3919 530 0
531 3919 1
3919 531 0
532 3919 1
3919 532 0
533 3919 1
3919 533 0
534 3919 1
3919 534 0
535 3919 1
3919 535 0
536 3919 1
3919 536 0
537 3919 1
3919 537 0
538 3919 1
3919 538 0
539 3919 1
3919 539 0
540 3919 1
3919 540 0
541 3919 1
3919 541 0
542 3919 1
3919 542 0
543 3919 1
3919 543 0
544 3919 1
3919 544 0
545 3919 1
3919 545 0
546 3919 1
3919 546 0
547 3919 1
3919 547 0
548 3919 1
3919 548 0
549 3919 1
3919 549 0
550 3919 1
3919 550 0
551 3919 1
3919 551 0
552 3919 1
3919 552 0
553 3919 1
3919 553 0
554 3919 1
3919 554 0
555 3919 1
3919 555 0
556 3919 1
3919 556 0
557 3919 1
3919 557 0
558 3919 1
3919 558 0
559 3919 1
3919 559 0
560 3919 1
3919 560 0
561 3919 1
3919 561 0
562 3919 1
3919 562 0
563 3919 1
3919 563 0
564 3919 1
3919 564 0
565 3919 1
3919 565 0
566 3919 1
3919 566 0
567 3919 1
3919 567 0
568 3919 1
3919 568 0
569 3919 1
3919 569 0
570 3919 1
3919 570 0
571 3919 1
3919 571 0
572 3919 1
3919 572 0
573 3919 1
3919 573 0
574 3919 1
3919 574 0
575 3919 1
3919 575 0
576 3919 1
3919 576 0
577 3919 1
3919 577 0
578 3919 1
3919 578 0
579 3919 1
3919 579 0
580 3919 1
3919 580 0
581 3919 1
3919 581 0
582 3919 1
3919 582 0
583 3919 1
3919 583 0
584 3919 1
3919 584 0
585 3919 1
3919 585 0
586 3919 1
3919 586 0
587 3919 1
3919 587 0
588 3919 1
3919 588 0
589 3919 1
3919 589 0
590 3919 1
3919 590 0
591 3919 1
3919 591 0
592 3919 1
3919 592 0
593 3919 1
3919 593 0
594 3919 1
3919 594 0
595 3919 1
3919 595 0
596 3919 1
3919 596 0
597 3919 1
3919 597 0
598 3919 1
3919 598 0
599 3919 1
3919 599 0
600 3919 1
3919 600 0
601 3919 1
3919 601 0
602 3919 1
3919 602 0
603 3919 1
3919 603 0
604 3919 1
3919 604 0
605 3919 1
3919 605 0
606 3919 1
3919 606 0
607 3919 1
3919 607 0
608 3919 1
3919 608 0
609 3919 1
3919 609 0
610 3919 1
3919 610 0
611 3919 1
3919 611 0
612 3919 1
3919 612 0
613 3919 1
3919 613 0
614 3919 1
3919 614 0
615 3919 1
3919 615 0
616 3919 1
3919 616 0
617 3919 1
3919 617 0
618 3919 1
3919 618 0
619 3919 1
3919 619 0
620 3919 1
3919 620 0
621 3919 1
3919 621 0
622 3919 1
3919 622 0
623 3919 1
3919 623 0
624 3919 1
3919 624 0
625 3919 1
3919 625 0
626 3919 1
3919 626 0
627 3919 1
3919 627 0
628 3919 1
3919 628 0
629 3919 1
3919 629 0
630 3919 1
3919 630 0
631 3919 1
3919 631 0
632 3919 1
3919 632 0
633 3919 1
3919 633 0
634 3919 1
3919 634 0
635 3919 1
3919 635 0
636 3919 1
3919 636 0
637 3919 1
3919 637 0
638 3919 1
3919 638 0
639 3919 1
3919 639 0
640 3919 1
3919 640 0
641 3919 1
3919 641 0
642 3919 1
3919 642 0
643 3919 1
3919 643 0
644 3919 1
3919 644 0
645 3919 1
3919 645 0
646 3919 1
3919 646 0
647 3919 1
3919 647 0
648 3919 1
3919 648 0
649 3919 1
3919 649 0
650 3919 1
3919 650 0
651 3919 1
3919 651 0
652 3919 1
3919 652 0
653 3919 1
3919 653 0
654 3919 1
3919 654 0
655 3919 1
3919 655 0
656 3919 1
3919 656 0
657 3919 1
3919 657 0
658 3919 1
3919 658 0
659 3919 1
3919 659 0
660 3919 1
3919 660 0
661 3919 1
3919 661 0
662 3919 1
3919 662 0
663 3919 1
3919 663 0
664 3919 1
3919 664 0
665 3919 1
3919 665 0
666 3919 1
3919 666 0
667 3919 1
3919 667 0
668 3919 1
3919 668 0
669 3919 1
3919 669 0
670 3919 1
3919 670 0
671 3919 1
3919 671 0
672 3919 1
3919 672 0
673 3919 1
3919 673 0
674 3919 1
3919 674 0
675 3919 1
3919 675 0
676 3919 1
3919 676 0
677 3919 1
3919 677 0
678 3919 1
3919 678 0
679 3919 1
3919 679 0
680 3919 1
3919 680 0
681 3919 1
3919 681 0
682 3919 1
3919 682 0
683 3919 1
3919 683 0
684 3919 1
3919 684 0
685 3919 1
3919 685 0
686 3919 1
3919 686 0
687 3919 1
3919 687 0
688 3919 1
3919 688 0
689 3919 1
3919 689 0
690 3919 1
3919 690 0
691 3919 1
3919 691 0
692 3919 1
3919 692 0
693 3919 1
3919 693 0
694 3919 1
3919 694 0
695 3919 1
3919 695 0
696 3919 1
3919 696 0
697 3919 1
3919 697 0
698 3919 1
3919 698 0
699 3919 1
3919 699 0
700 3919 1
3919 700 0
701 3919 1
3919 701 0
702 3919 1
3919 702 0
703 3919 1
3919 703 0
704 3919 1
3919 704 0
705 3919 1
3919 705 0
706 3919 1
3919 706 0
707 3919 1
3919 707 0
708 3919 1
3919 708 0
709 3919 1
3919 709 0
710 3919 1
3919 710 0
711 3919 1
3919 711 0
712 3919 1
3919 712 0
713 3919 1
3919 713 0
714 3919 1
3919 714 0
715 3919 1
3919 715 0
716 3919 1
3919 716 0
717 3919 1
3919 717 0
718 3919 1
3919 718 0
719 3919 1
3919 719 0
720 3919 1
3919 720 0
721 3919 1
3919 721 0
722 3919 1
3919 722 0
723 3919 1
3919 723 0
724 3919 1
3919 724 0
725 3919 1
3919 725 0
726 3919 1
3919 726 0
727 3919 1
3919 727 0
728 3919 1
3919 728 0
729 3919 1
3919 729 0
730 3919 1
3919 730 0
731 3919 1
3919 731 0
732 3919 1
3919 732 0
733 3919 1
3919 733 0
734 3919 1
3919 734 0
735 3919 1
3919 735 0
736 3919 1
3919 736 0
737 3919 1
3919 737 0
738 3919 1
3919 738 0
739 3919 1
3919 739 0
740 3919 1
3919 740 0
741 3919 1
3919 741 0
742 3919 1
3919 742 0
743 3919 1
3919 743 0
744 3919 1
3919 744 0
745 3919 1
3919 745 0
746 3919 1
3919 746 0
747 3919 1
3919 747 0
748 3919 1
3919 748 0
749 3919 1
3919 749 0
750 3919 1
3919 750 0
751 3919 1
3919 751 0
752 3919 1
3919 752 0
753 3919 1
3919 753 0
754 3919 1
3919 754 0
755 3919 1
3919 755 0
756 3919 1
3919 756 0
757 3919 1
3919 757 0
758 3919 1
3919 758 0
759 3919 1
3919 759 0
760 3919 1
3919 760 0
761 3919 1
3919 761 0
762 3919 1
3919 762 0
763 3919 1
3919 763 0
764 3919 1
3919 764 0
765 3919 1
3919 765 0
766 3919 1
3919 766 0
767 3919 1
3919 767 0
768 3919 1
3919 768 0
769 3919 1
3919 769 0
770 3919 1
3919 770 0
771 3919 1
3919 771 0
772 3919 1
3919 772 0
773 3919 1
3919 773 0
774 3919 1
3919 774 0
775 3919 1
3919 775 0
776 3919 1
3919 776 0
777 3919 1
3919 777 0
778 3919 1
3919 778 0
779 3919 1
3919 779 0
780 3919 1
3919 780 0
781 3919 1
3919 781 0
782 3919 1
3919 782 0
783 3919 1
3919 783 0
784 3919 1
3919 784 0
785 3919 1
3919 785 0
786 3919 1
3919 786 0
787 3919 1
3919 787 0
788 3919 1
3919 788 0
789 3919 1
3919 789 0
790 3919 1
3919 790 0
791 3919 1
3919 791 0
792 3919 1
3919 792 0
793 3919 1
3919 793 0
794 3919 1
3919 794 0
795 3919 1
3919 795 0
796 3919 1
3919 796 0
797 3919 1
3919 797 0
798 3919 1
3919 798 0
799 3919 1
3919 799 0
800 3919 1
3919 800 0
801 3919 1
3919 801 0
802 3919 1
3919 802 0
803 3919 1
3919 803 0
804 3919 1
3919 804 0
805 3919 1
3919 805 0
806 3919 1
3919 806 0
807 3919 1
3919 807 0
808 3919 1
3919 808 0
809 3919 1
3919 809 0
810 3919 1
3919 810 0
811 3919 1
3919 811 0
812 3919 1
3919 812 0
813 3919 1
3919 813 0
814 3919 1
3919 814 0
815 3919 1
3919 815 0
816 3919 1
3919 816 0
817 3919 1
3919 817 0
818 3919 1
3919 818 0
819 3919 1
3919 819 0
820 3919 1
3919 820 0
821 3919 1
3919 821 0
822 3919 1
3919 822 0
823 3919 1
3919 823 0
824 3919 1
3919 824 0
825 3919 1
3919 825 0
826 3919 1
3919 826 0
827 3919 1
3919 827 0
828 3919 1
3919 828 0
829 3919 1
3919 829 0
830 3919 1
3919 830 0
831 3919 1
3919 831 0
832 3919 1
3919 832 0
833 3919 1
3919 833 0
834 3919 1
3919 834 0
835 3919 1
3919 835 0
836 3919 1
3919 836 0
837 3919 1
3919 837 0
838 3919 1
3919 838 0
839 3919 1
3919 839 0
840 3919 1
3919 840 0
841 3919 1
3919 841 0
842 3919 1
3919 842 0
843 3919 1
3919 843 0
844 3919 1
3919 844 0
845 3919 1
3919 845 0
846 3919 1
3919 846 0
847 3919 1
3919 847 0
848 3919 1
3919 848 0
849 3919 1
3919 849 0
850 3919 1
3919 850 0
851 3919 1
3919 851 0
852 3919 1
3919 852 0
853 3919 1
3919 853 0
854 3919 1
3919 854 0
855 3919 1
3919 855 0
856 3919 1
3919 856 0
857 3919 1
3919 857 0
858 3919 1
3919 858 0
859 3919 1
3919 859 0
860 3919 1
3919 860 0
861 3919 1
3919 861 0
862 3919 1
3919 862 0
863 3919 1
3919 863 0
864 3919 1
3919 864 0
865 3919 1
3919 865 0
866 3919 1
3919 866 0
867 3919 1
3919 867 0
868 3919 1
3919 868 0
869 3919 1
3919 869 0
870 3919 1
3919 870 0
871 3919 1
3919 871 0
872 3919 1
3919 872 0
873 3919 1
3919 873 0
874 3919 1
3919 874 0
875 3919 1
3919 875 0
876 3919 1
3919 876 0
877 3919 1
3919 877 0
878 3919 1
3919 878 0
879 3919 1
3919 879 0
880 3919 1
3919 880 0
881 3919 1
3919 881 0
882 3919 1
3919 882 0
883 3919 1
3919 883 0
884 3919 1
3919 884 0
885 3919 1
3919 885 0
886 3919 1
3919 886 0
887 3919 1
3919 887 0
888 3919 1
3919 888 0
889 3919 1
3919 889 0
890 3919 1
3919 890 0
891 3919 1
3919 891 0
892 3919 1
3919 892 0
893 3919 1
3919 893 0
894 3919 1
3919 894 0
895 3919 1
3919 895 0
896 3919 1
3919 896 0
897 3919 1
3919 897 0
898 3919 1
3919 898 0
899 3919 1
3919 899 0
900 3919 1
3919 900 0
901 3919 1
3919 901 0
902 3919 1
3919 902 0
903 3919 1
3919 903 0
904 3919 1
3919 904 0
905 3919 1
3919 905 0
906 3919 1
3919 906 0
907 3919 1
3919 907 0
908 3919 1
3919 908 0
909 3919 1
3919 909 0
910 3919 1
3919 910 0
911 3919 1
3919 911 0
912 3919 1
3919 912 0
913 3919 1
3919 913 0
914 3919 1
3919 914 0
915 3919 1
3919 915 0
916 3919 1
3919 916 0
917 3919 1
3919 917 0
918 3919 1
3919 918 0
919 3919 1
3919 919 0
920 3919 1
3919 920 0
921 3919 1
3919 921 0
922 3919 1
3919 922 0
923 3919 1
3919 923 0
924 3919 1
3919 924 0
925 3919 1
3919 925 0
926 3919 1
3919 926 0
927 3919 1
3919 927 0
928 3919 1
3919 928 0
929 3919 1
3919 929 0
930 3919 1
3919 930 0
931 3919 1
3919 931 0
932 3919 1
3919 932 0
933 3919 1
3919 933 0
934 3919 1
3919 934 0
935 3919 1
3919 935 0
936 3919 1
3919 936 0
937 3919 1
3919 937 0
938 3919 1
3919 938 0
939 3919 1
3919 939 0
940 3919 1
3919 940 0
941 3919 1
3919 941 0
942 3919 1
3919 942 0
943 3919 1
3919 943 0
944 3919 1
3919 944 0
945 3919 1
3919 945 0
946 3919 1
3919 946 0
947 3919 1
3919 947 0
948 3919 1
3919 948 0
949 3919 1
3919 949 0
950 3919 1
3919 950 0
951 3919 1
3919 951 0
952 3919 1
3919 952 0
953 3919 1
3919 953 0
954 3919 1
3919 954 0
955 3919 1
3919 955 0
956 3919 1
3919 956 0
957 3919 1
3919 957 0
958 3919 1
3919 958 0
959 3919 1
3919 959 0
960 3919 1
3919 960 0
961 3919 1
3919 961 0
962 3919 1
3919 962 0
963 3919 1
3919 963 0
964 3919 1
3919 964 0
965 3919 1
3919 965 0
966 3919 1
3919 966 0
967 3919 1
3919 967 0
968 3919 1
3919 968 0
969 3919 1
3919 969 0
970 3919 1
3919 970 0
971 3919 1
3919 971 0
972 3919 1
3919 972 0
973 3919 1
3919 973 0
974 3919 1
3919 974 0
975 3919 1
3919 975 0
976 3919 1
3919 976 0
977 3919 1
3919 977 0
978 3919 1
3919 978 0
979 3919 1
3919 979 0
980 3919 1
3919 980 0
981 3919 1
3919 981 0
982 3919 1
3919 982 0
983 3919 1
3919 983 0
984 3919 1
3919 984 0
985 3919 1
3919 985 0
986 3919 1
3919 986 0
987 3919 1
3919 987 0
988 3919 1
3919 988 0
989 3919 1
3919 989 0
990 3919 1
3919 990 0
991 3919 1
3919 991 0
992 3919 1
3919 992 0
993 3919 1
3919 993 0
994 3919 1
3919 994 0
995 3919 1
3919 995 0
996 3919 1
3919 996 0
997 3919 1
3919 997 0
998 3919 1
3919 998 0
999 3919 1
3919 999 0
1000 3919 1
3919 1000 0
1001 3919 1
3919 1001 0
1002 3919 1
3919 1002 0
1003 3919 1
3919 1003 0
1004 3919 1
3919 1004 0
1005 3919 1
3919 1005 0
1006 3919 1
3919 1006 0
1007 3919 1
3919 1007 0
1008 3919 1
3919 1008 0
1009 3919 1
3919 1009 0
1010 3919 1
3919 1010 0
1011 3919 1
3919 1011 0
1012 3919 1
3919 1012 0
1013 3919 1
3919 1013 0
1014 3919 1
3919 1014 0
1015 3919 1
3919 1015 0
1016 3919 1
3919 1016 0
1017 3919 1
3919 1017 0
1018 3919 1
3919 1018 0
1019 3919 1
3919 1019 0
1020 3919 1
3919 1020 0
1021 3919 1
3919 1021 0
1022 3919 1
3919 1022 0
1023 3919 1
3919 1023 0
1024 3919 1
3919 1024 0
1025 3919 1
3919 1025 0
1026 3919 1
3919 1026 0
1027 3919 1
3919 1027 0
1028 3919 1
3919 1028 0
1029 3919 1
3919 1029 0
1030 3919 1
3919 1030 0
1031 3919 1
3919 1031 0
1032 3919 1
3919 1032 0
1033 3919 1
3919 1033 0
1034 3919 1
3919 1034 0
1035 3919 1
3919 1035 0
1036 3919 1
3919 1036 0
1037 3919 1
3919 1037 0
1038 3919 1
3919 1038 0
1039 3919 1
3919 1039 0
1040 3919 1
3919 1040 0
1041 3919 1
3919 1041 0
1042 3919 1
3919 1042 0
1043 3919 1
3919 1043 0
1044 3919 1
3919 1044 0
1045 3919 1
3919 1045 0
1046 3919 1
3919 1046 0
1047 3919 1
3919 1047 0
1048 3919 1
3919 1048 0
1049 3919 1
3919 1049 0
1050 3919 1
3919 1050 0
1051 3919 1
3919 1051 0
1052 3919 1
3919 1052 0
1053 3919 1
3919 1053 0
1054 3919 1
3919 1054 0
1055 3919 1
3919 1055 0
1056 3919 1
3919 1056 0
1057 3919 1
3919 1057 0
1058 3919 1
3919 1058 0
1059 3919 1
3919 1059 0
1060 3919 1
3919 1060 0
1061 3919 1
3919 1061 0
1062 3919 1
3919 1062 0
1063 3919 1
3919 1063 0
1064 3919 1
3919 1064 0
1065 3919 1
3919 1065 0
1066 3919 1
3919 1066 0
1067 3919 1
3919 1067 0
1068 3919 1
3919 1068 0
1069 3919 1
3919 1069 0
1070 3919 1
3919 1070 0
1071 3919 1
3919 1071 0
1072 3919 1
3919 1072 0
1073 3919 1
3919 1073 0
1074 3919 1
3919 1074 0
1075 3919 1
3919 1075 0
1076 3919 1
3919 1076 0
1077 3919 1
3919 1077 0
1078 3919 1
3919 1078 0
1079 3919 1
3919 1079 0
1080 3919 1
3919 1080 0
1081 3919 1
3919 1081 0
1082 3919 1
3919 1082 0
1083 3919 1
3919 1083 0
1084 3919 1
3919 1084 0
1085 3919 1
3919 1085 0
1086 3919 1
3919 1086 0
1087 3919 1
3919 1087 0
1088 3919 1
3919 1088 0
1089 3919 1
3919 1089 0
1090 3919 1
3919 1090 0
1091 3919 1
3919 1091 0
1092 3919 1
3919 1092 0
1093 3919 1
3919 1093 0
1094 3919 1
3919 1094 0
1095 3919 1
3919 1095 0
1096 3919 1
3919 1096 0
1097 3919 1
3919 1097 0
1098 3919 1
3919 1098 0
1099 3919 1
3919 1099 0
1100 3919 1
3919 1100 0
1101 3919 1
3919 1101 0
1102 3919 1
3919 1102 0
1103 3919 1
3919 1103 0
1104 3919 1
3919 1104 0
1105 3919 1
3919 1105 0
1106 3919 1
3919 1106 0
1107 3919 1
3919 1107 0
1108 3919 1
3919 1108 0
1109 3919 1
3919 1109 0
1110 3919 1
3919 1110 0
1111 3919 1
3919 1111 0
1112 3919 1
3919 1112 0
1113 3919 1
3919 1113 0
1114 3919 1
3919 1114 0
1115 3919 1
3919 1115 0
1116 3919 1
3919 1116 0
1117 3919 1
3919 1117 0
1118 3919 1
3919 1118 0
1119 3919 1
3919 1119 0
1120 3919 1
3919 1120 0
1121 3919 1
3919 1121 0
1122 3919 1
3919 1122 0
1123 3919 1
3919 1123 0
1124 3919 1
3919 1124 0
1125 3919 1
3919 1125 0
1126 3919 1
3919 1126 0
1127 3919 1
3919 1127 0
1128 3919 1
3919 1128 0
1129 3919 1
3919 1129 0
1130 3919 1
3919 1130 0
1131 3919 1
3919 1131 0
1132 3919 1
3919 1132 0
1133 3919 1
3919 1133 0
1134 3919 1
3919 1134 0
1135 3919 1
3919 1135 0
1136 3919 1
3919 1136 0
1137 3919 1
3919 1137 0
1138 3919 1
3919 1138 0
1139 3919 1
3919 1139 0
1140 3919 1
3919 1140 0
1141 3919 1
3919 1141 0
1142 3919 1
3919 1142 0
1143 3919 1
3919 1143 0
1144 3919 1
3919 1144 0
1145 3919 1
3919 1145 0
1146 3919 1
3919 1146 0
1147 3919 1
3919 1147 0
1148 3919 1
3919 1148 0
1149 3919 1
3919 1149 0
1150 3919 1
3919 1150 0
1151 3919 1
3919 1151 0
1152 3919 1
3919 1152 0
1153 3919 1
3919 1153 0
1154 3919 1
3919 1154 0
1155 3919 1
3919 1155 0
1156 3919 1
3919 1156 0
1157 3919 1
3919 1157 0
1158 3919 1
3919 1158 0
1159 3919 1
3919 1159 0
1160 3919 1
3919 1160 0
1161 3919 1
3919 1161 0
1162 3919 1
3919 1162 0
1163 3919 1
3919 1163 0
1164 3919 1
3919 1164 0
1165 3919 1
3919 1165 0
1166 3919 1
3919 1166 0
1167 3919 1
3919 1167 0
1168 3919 1
3919 1168 0
1169 3919 1
3919 1169 0
1170 3919 1
3919 1170 0
1171 3919 1
3919 1171 0
1172 3919 1
3919 1172 0
1173 3919 1
3919 1173 0
1174 3919 1
3919 1174 0
1175 3919 1
3919 1175 0
1176 3919 1
3919 1176 0
1177 3919 1
3919 1177 0
1178 3919 1
3919 1178 0
1179 3919 1
3919 1179 0
1180 3919 1
3919 1180 0
1181 3919 1
3919 1181 0
1182 3919 1
3919 1182 0
1183 3919 1
3919 1183 0
1184 3919 1
3919 1184 0
1185 3919 1
3919 1185 0
1186 3919 1
3919 1186 0
1187 3919 1
3919 1187 0
1188 3919 1
3919 1188 0
1189 3919 1
3919 1189 0
1190 3919 1
3919 1190 0
1191 3919 1
3919 1191 0
1192 3919 1
3919 1192 0
1193 3919 1
3919 1193 0
1194 3919 1
3919 1194 0
1195 3919 1
3919 1195 0
1196 3919 1
3919 1196 0
1197 3919 1
3919 1197 0
1198 3919 1
3919 1198 0
1199 3919 1
3919 1199 0
1200 3919 1
3919 1200 0
1201 3919 1
3919 1201 0
1202 3919 1
3919 1202 0
1203 3919 1
3919 1203 0
1204 3919 1
3919 1204 0
1205 3919 1
3919 1205 0
1206 3919 1
3919 1206 0
1207 3919 1
3919 1207 0
1208 3919 1
3919 1208 0
1209 3919 1
3919 1209 0
1210 3919 1
3919 1210 0
1211 3919 1
3919 1211 0
1212 3919 1
3919 1212 0
1213 3919 1
3919 1213 0
1214 3919 1
3919 1214 0
1215 3919 1
3919 1215 0
1216 3919 1
3919 1216 0
1217 3919 1
3919 1217 0
1218 3919 1
3919 1218 0
1219 3919 1
3919 1219 0
1220 3919 1
3919 1220 0
1221 3919 1
3919 1221 0
1222 3919 1
3919 1222 0
1223 3919 1
3919 1223 0
1224 3919 1
3919 1224 0
1225 3919 1
3919 1225 0
1226 3919 1
3919 1226 0
1227 3919 1
3919 1227 0
1228 3919 1
3919 1228 0
1229 3919 1
3919 1229 0
1230 3919 1
3919 1230 0
1231 3919 1
3919 1231 0
1232 3919 1
3919 1232 0
1233 3919 1
3919 1233 0
1234 3919 1
3919 1234 0
1235 3919 1
3919 1235 0
1236 3919 1
3919 1236 0
1237 3919 1
3919 1237 0
1238 3919 1
3919 1238 0
1239 3919 1
3919 1239 0
1240 3919 1
3919 1240 0
1241 3919 1
3919 1241 0
1242 3919 1
3919 1242 0
1243 3919 1
3919 1243 0
1244 3919 1
3919 1244 0
1245 3919 1
3919 1245 0
1246 3919 1
3919 1246 0
1247 3919 1
3919 1247 0
1248 3919 1
3919 1248 0
1249 3919 1
3919 1249 0
1250 3919 1
3919 1250 0
1251 3919 1
3919 1251 0
1252 3919 1
3919 1252 0
1253 3919 1
3919 1253 0
1254 3919 1
3919 1254 0
1255 3919 1
3919 1255 0
1256 3919 1
3919 1256 0
1257 3919 1
3919 1257 0
1258 3919 1
3919 1258 0
1259 3919 1
3919 1259 0
1260 3919 1
3919 1260 0
1261 3919 1
3919 1261 0
1262 3919 1
3919 1262 0
1263 3919 1
3919 1263 0
1264 3919 1
3919 1264 0
1265 3919 1
3919 1265 0
1266 3919 1
3919 1266 0
1267 3919 1
3919 1267 0
1268 3919 1
3919 1268 0
1269 3919 1
3919 1269 0
1270 3919 1
3919 1270 0
1271 3919 1
3919 1271 0
1272 3919 1
3919 1272 0
1273 3919 1
3919 1273 0
1274 3919 1
3919 1274 0
1275 3919 1
3919 1275 0
1276 3919 1
3919 1276 0
1277 3919 1
3919 1277 0
1278 3919 1
3919 1278 0
1279 3919 1
3919 1279 0
1280 3919 1
3919 1280 0
1281 3919 1
3919 1281 0
1282 3919 1
3919 1282 0
1283 3919 1
3919 1283 0
1284 3919 1
3919 1284 0
1285 3919 1
3919 1285 0
1286 3919 1
3919 1286 0
1287 3919 1
3919 1287 0
1288 3919 1
3919 1288 0
1289 3919 1
3919 1289 0
1290 3919 1
3919 1290 0
1291 3919 1
3919 1291 0
1292 3919 1
3919 1292 0
1293 3919 1
3919 1293 0
1294 3919 1
3919 1294 0
1295 3919 1
3919 1295 0
1296 3919 1
3919 1296 0
1297 3919 1
3919 1297 0
1298 3919 1
3919 1298 0
1299 3919 1
3919 1299 0
1300 3919 1
3919 1300 0
1301 3919 1
3919 1301 0
1302 3919 1
3919 1302 0
1303 3919 1
3919 1303 0
1304 3919 1
3919 1304 0
1305 3919 1
3919 1305 0
1306 3919 1
3919 1306 0
1307 3919 1
3919 1307 0
1308 3919 1
3919 1308 0
1309 3919 1
3919 1309 0
1310 3919 1
3919 1310 0
1311 3919 1
3919 1311 0
1312 3919 1
3919 1312 0
1313 3919 1
3919 1313 0
1314 3919 1
3919 1314 0
1315 3919 1
3919 1315 0
1316 3919 1
3919 1316 0
1317 3919 1
3919 1317 0
1318 3919 1
3919 1318 0
1319 3919 1
3919 1319 0
1320 3919 1
3919 1320 0
1321 3919 1
3919 1321 0
1322 3919 1
3919 1322 0
1323 3919 1
3919 1323 0
1324 3919 1
3919 1324 0
1325 3919 1
3919 1325 0
1326 3919 1
3919 1326 0
1327 3919 1
3919 1327 0
1328 3919 1
3919 1328 0
1329 3919 1
3919 1329 0
1330 3919 1
3919 1330 0
1331 3919 1
3919 1331 0
1332 3919 1
3919 1332 0
1333 3919 1
3919 1333 0
1334 3919 1
3919 1334 0
1335 3919 1
3919 1335 0
1336 3919 1
3919 1336 0
1337 3919 1
3919 1337 0
1338 3919 1
3919 1338 0
1339 3919 1
3919 1339 0
1340 3919 1
3919 1340 0
1341 3919 1
3919 1341 0
1342 3919 1
3919 1342 0
1343 3919 1
3919 1343 0
1344 3919 1
3919 1344 0
1345 3919 1
3919 1345 0
1346 3919 1
3919 1346 0
1347 3919 1
3919 1347 0
1348 3919 1
3919 1348 0
1349 3919 1
3919 1349 0
1350 3919 1
3919 1350 0
1351 3919 1
3919 1351 0
1352 3919 1
3919 1352 0
1353 3919 1
3919 1353 0
1354 3919 1
3919 1354 0
1355 3919 1
3919 1355 0
1356 3919 1
3919 1356 0
1357 3919 1
3919 1357 0
1358 3919 1
3919 1358 0
1359 3919 1
3919 1359 0
1360 3919 1
3919 1360 0
1361 3919 1
3919 1361 0
1362 3919 1
3919 1362 0
1363 3919 1
3919 1363 0
1364 3919 1
3919 1364 0
1365 3919 1
3919 1365 0
1366 3919 1
3919 1366 0
1367 3919 1
3919 1367 0
1368 3919 1
3919 1368 0
1369 3919 1
3919 1369 0
1370 3919 1
3919 1370 0
1371 3919 1
3919 1371 0
1372 3919 1
3919 1372 0
1373 3919 1
3919 1373 0
1374 3919 1
3919 1374 0
1375 3919 1
3919 1375 0
1376 3919 1
3919 1376 0
1377 3919 1
3919 1377 0
1378 3919 1
3919 1378 0
1379 3919 1
3919 1379 0
1380 3919 1
3919 1380 0
1381 3919 1
3919 1381 0
1382 3919 1
3919 1382 0
1383 3919 1
3919 1383 0
1384 3919 1
3919 1384 0
1385 3919 1
3919 1385 0
1386 3919 1
3919 1386 0
1387 3919 1
3919 1387 0
1388 3919 1
3919 1388 0
1389 3919 1
3919 1389 0
1390 3919 1
3919 1390 0
1391 3919 1
3919 1391 0
1392 3919 1
3919 1392 0
1393 3919 1
3919 1393 0
1394 3919 1
3919 1394 0
1395 3919 1
3919 1395 0
1396 3919 1
3919 1396 0
1397 3919 1
3919 1397 0
1398 3919 1
3919 1398 0
1399 3919 1
3919 1399 0
1400 3919 1
3919 1400 0
1401 3919 1
3919 1401 0
1402 3919 1
3919 1402 0
1403 3919 1
3919 1403 0
1404 3919 1
3919 1404 0
1405 3919 1
3919 1405 0
1406 3919 1
3919 1406 0
1407 3919 1
3919 1407 0
1408 3919 1
3919 1408 0
1409 3919 1
3919 1409 0
1410 3919 1
3919 1410 0
1411 3919 1
3919 1411 0
1412 3919 1
3919 1412 0
1413 3919 1
3919 1413 0
1414 3919 1
3919 1414 0
1415 3919 1
3919 1415 0
1416 3919 1
3919 1416 0
1417 3919 1
3919 1417 0
1418 3919 1
3919 1418 0
1419 3919 1
3919 1419 0
1420 3919 1
3919 1420 0
1421 3919 1
3919 1421 0
1422 3919 1
3919 1422 0
1423 3919 1
3919 1423 0
1424 3919 1
3919 1424 0
1425 3919 1
3919 1425 0
1426 3919 1
3919 1426 0
1427 3919 1
3919 1427 0
1428 3919 1
3919 1428 0
1429 3919 1
3919 1429 0
1430 3919 1
3919 1430 0
1431 3919 1
3919 1431 0
1432 3919 1
3919 1432 0
1433 3919 1
3919 1433 0
1434 3919 1
3919 1434 0
1435 3919 1
3919 1435 0
1436 3919 1
3919 1436 0
1437 3919 1
3919 1437 0
1438 3919 1
3919 1438 0
1439 3919 1
3919 1439 0
1440 3919 1
3919 1440 0
1441 3919 1
3919 1441 0
1442 3919 1
3919 1442 0
1443 3919 1
3919 1443 0
1444 3919 1
3919 1444 0
1445 3919 1
3919 1445 0
1446 3919 1
3919 1446 0
1447 3919 1
3919 1447 0
1448 3919 1
3919 1448 0
1449 3919 1
3919 1449 0
1450 3919 1
3919 1450 0
1451 3919 1
3919 1451 0
1452 3919 1
3919 1452 0
1453 3919 1
3919 1453 0
1454 3919 1
3919 1454 0
1455 3919 1
3919 1455 0
1456 3919 1
3919 1456 0
1457 3919 1
3919 1457 0
1458 3919 1
3919 1458 0
1459 3919 1
3919 1459 0
1460 3919 1
3919 1460 0
1461 3919 1
3919 1461 0
1462 3919 1
3919 1462 0
1463 3919 1
3919 1463 0
1464 3919 1
3919 1464 0
1465 3919 1
3919 1465 0
1466 3919 1
3919 1466 0
1467 3919 1
3919 1467 0
1468 3919 1
3919 1468 0
1469 3919 1
3919 1469 0
1470 3919 1
3919 1470 0
1471 3919 1
3919 1471 0
1472 3919 1
3919 1472 0
1473 3919 1
3919 1473 0
1474 3919 1
3919 1474 0
1475 3919 1
3919 1475 0
1476 3919 1
3919 1476 0
1477 3919 1
3919 1477 0
1478 3919 1
3919 1478 0
1479 3919 1
3919 1479 0
1480 3919 1
3919 1480 0
1481 3919 1
3919 1481 0
1482 3919 1
3919 1482 0
1483 3919 1
3919 1483 0
1484 3919 1
3919 1484 0
1485 3919 1
3919 1485 0
1486 3919 1
3919 1486 0
1487 3919 1
3919 1487 0
1488 3919 1
3919 1488 0
1489 3919 1
3919 1489 0
1490 3919 1
3919 1490 0
1491 3919 1
3919 1491 0
1492 3919 1
3919 1492 0
1493 3919 1
3919 1493 0
1494 3919 1
3919 1494 0
1495 3919 1
3919 1495 0
1496 3919 1
3919 1496 0
1497 3919 1
3919 1497 0
1498 3919 1
3919 1498 0
1499 3919 1
3919 1499 0
1500 3919 1
3919 1500 0
1501 3919 1
3919 1501 0
1502 3919 1
3919 1502 0
1503 3919 1
3919 1503 0
1504 3919 1
3919 1504 0
1505 3919 1
3919 1505 0
1506 3919 1
3919 1506 0
1507 3919 1
3919 1507 0
1508 3919 1
3919 1508 0
1509 3919 1
3919 1509 0
1510 3919 1
3919 1510 0
1511 3919 1
3919 1511 0
1512 3919 1
3919 1512 0
1513 3919 1
3919 1513 0
1514 3919 1
3919 1514 0
1515 3919 1
3919 1515 0
1516 3919 1
3919 1516 0
1517 3919 1
3919 1517 0
1518 3919 1
3919 1518 0
1519 3919 1
3919 1519 0
1520 3919 1
3919 1520 0
1521 3919 1
3919 1521 0
1522 3919 1
3919 1522 0
1523 3919 1
3919 1523 0
1524 3919 1
3919 1524 0
1525 3919 1
3919 1525 0
1526 3919 1
3919 1526 0
1527 3919 1
3919 1527 0
1528 3919 1
3919 1528 0
1529 3919 1
3919 1529 0
1530 3919 1
3919 1530 0
1531 3919 1
3919 1531 0
1532 3919 1
3919 1532 0
1533 3919 1
3919 1533 0
1534 3919 1
3919 1534 0
1535 3919 1
3919 1535 0
1536 3919 1
3919 1536 0
1537 3919 1
3919 1537 0
1538 3919 1
3919 1538 0
1539 3919 1
3919 1539 0
1540 3919 1
3919 1540 0
1541 3919 1
3919 1541 0
1542 3919 1
3919 1542 0
1543 3919 1
3919 1543 0
1544 3919 1
3919 1544 0
1545 3919 1
3919 1545 0
1546 3919 1
3919 1546 0
1547 3919 1
3919 1547 0
1548 3919 1
3919 1548 0
1549 3919 1
3919 1549 0
1550 3919 1
3919 1550 0
1551 3919 1
3919 1551 0
1552 3919 1
3919 1552 0
1553 3919 1
3919 1553 0
1554 3919 1
3919 1554 0
1555 3919 1
3919 1555 0
1556 3919 1
3919 1556 0
1557 3919 1
3919 1557 0
1558 3919 1
3919 1558 0
1559 3919 1
3919 1559 0
1560 3919 1
3919 1560 0
1561 3919 1
3919 1561 0
1562 3919 1
3919 1562 0
1563 3919 1
3919 1563 0
1564 3919 1
3919 1564 0
1565 3919 1
3919 1565 0
1566 3919 1
3919 1566 0
1567 3919 1
3919 1567 0
1568 3919 1
3919 1568 0
1569 3919 1
3919 1569 0
1570 3919 1
3919 1570 0
1571 3919 1
3919 1571 0
1572 3919 1
3919 1572 0
1573 3919 1
3919 1573 0
1574 3919 1
3919 1574 0
1575 3919 1
3919 1575 0
1576 3919 1
3919 1576 0
1577 3919 1
3919 1577 0
1578 3919 1
3919 1578 0
1579 3919 1
3919 1579 0
1580 3919 1
3919 1580 0
1581 3919 1
3919 1581 0
1582 3919 1
3919 1582 0
1583 3919 1
3919 1583 0
1584 3919 1
3919 1584 0
1585 3919 1
3919 1585 0
1586 3919 1
3919 1586 0
1587 3919 1
3919 1587 0
1588 3919 1
3919 1588 0
1589 3919 1
3919 1589 0
1590 3919 1
3919 1590 0
1591 3919 1
3919 1591 0
1592 3919 1
3919 1592 0
1593 3919 1
3919 1593 0
1594 3919 1
3919 1594 0
1595 3919 1
3919 1595 0
1596 3919 1
3919 1596 0
1597 3919 1
3919 1597 0
1598 3919 1
3919 1598 0
1599 3919 1
3919 1599 0
1600 3919 1
3919 1600 0
1601 3919 1
3919 1601 0
1602 3919 1
3919 1602 0
1603 3919 1
3919 1603 0
1604 3919 1
3919 1604 0
1605 3919 1
3919 1605 0
1606 3919 1
3919 1606 0
1607 3919 1
3919 1607 0
1608 3919 1
3919 1608 0
1609 3919 1
3919 1609 0
1610 3919 1
3919 1610 0
1611 3919 1
3919 1611 0
1612 3919 1
3919 1612 0
1613 3919 1
3919 1613 0
1614 3919 1
3919 1614 0
1615 3919 1
3919 1615 0
1616 3919 1
3919 1616 0
1617 3919 1
3919 1617 0
1618 3919 1
3919 1618 0
1619 3919 1
3919 1619 0
1620 3919 1
3919 1620 0
1621 3919 1
3919 1621 0
1622 3919 1
3919 1622 0
1623 3919 1
3919 1623 0
1624 3919 1
3919 1624 0
1625 3919 1
3919 1625 0
1626 3919 1
3919 1626 0
1627 3919 1
3919 1627 0
1628 3919 1
3919 1628 0
1629 3919 1
3919 1629 0
1630 3919 1
3919 1630 0
1631 3919 1
3919 1631 0
1632 3919 1
3919 1632 0
1633 3919 1
3919 1633 0
1634 3919 1
3919 1634 0
1635 3919 1
3919 1635 0
1636 3919 1
3919 1636 0
1637 3919 1
3919 1637 0
1638 3919 1
3919 1638 0
1639 3919 1
3919 1639 0
1640 3919 1
3919 1640 0
1641 3919 1
3919 1641 0
1642 3919 1
3919 1642 0
1643 3919 1
3919 1643 0
1644 3919 1
3919 1644 0
1645 3919 1
3919 1645 0
1646 3919 1
3919 1646 0
1647 3919 1
3919 1647 0
1648 3919 1
3919 1648 0
1649 3919 1
3919 1649 0
1650 3919 1
3919 1650 0
1651 3919 1
3919 1651 0
1652 3919 1
3919 1652 0
1653 3919 1
3919 1653 0
1654 3919 1
3919 1654 0
1655 3919 1
3919 1655 0
1656 3919 1
3919 1656 0
1657 3919 1
3919 1657 0
1658 3919 1
3919 1658 0
1659 3919 1
3919 1659 0
1660 3919 1
3919 1660 0
1661 3919 1
3919 1661 0
1662 3919 1
3919 1662 0
1663 3919 1
3919 1663 0
1664 3919 1
3919 1664 0
1665 3919 1
3919 1665 0
1666 3919 1
3919 1666 0
1667 3919 1
3919 1667 0
1668 3919 1
3919 1668 0
1669 3919 1
3919 1669 0
1670 3919 1
3919 1670 0
1671 3919 1
3919 1671 0
1672 3919 1
3919 1672 0
1673 3919 1
3919 1673 0
1674 3919 1
3919 1674 0
1675 3919 1
3919 1675 0
1676 3919 1
3919 1676 0
1677 3919 1
3919 1677 0
1678 3919 1
3919 1678 0
1679 3919 1
3919 1679 0
1680 3919 1
3919 1680 0
1681 3919 1
3919 1681 0
1682 3919 1
3919 1682 0
1683 3919 1
3919 1683 0
1684 3919 1
3919 1684 0
1685 3919 1
3919 1685 0
1686 3919 1
3919 1686 0
1687 3919 1
3919 1687 0
1688 3919 1
3919 1688 0
1689 3919 1
3919 1689 0
1690 3919 1
3919 1690 0
1691 3919 1
3919 1691 0
1692 3919 1
3919 1692 0
1693 3919 1
3919 1693 0
1694 3919 1
3919 1694 0
1695 3919 1
3919 1695 0
1696 3919 1
3919 1696 0
1697 3919 1
3919 1697 0
1698 3919 1
3919 1698 0
1699 3919 1
3919 1699 0
1700 3919 1
3919 1700 0
1701 3919 1
3919 1701 0
1702 3919 1
3919 1702 0
1703 3919 1
3919 1703 0
1704 3919 1
3919 1704 0
1705 3919 1
3919 1705 0
1706 3919 1
3919 1706 0
1707 3919 1
3919 1707 0
1708 3919 1
3919 1708 0
1709 3919 1
3919 1709 0
1710 3919 1
3919 1710 0
1711 3919 1
3919 1711 0
1712 3919 1
3919 1712 0
1713 3919 1
3919 1713 0
1714 3919 1
3919 1714 0
1715 3919 1
3919 1715 0
1716 3919 1
3919 1716 0
1717 3919 1
3919 1717 0
1718 3919 1
3919 1718 0
1719 3919 1
3919 1719 0
1720 3919 1
3919 1720 0
1721 3919 1
3919 1721 0
1722 3919 1
3919 1722 0
1723 3919 1
3919 1723 0
1724 3919 1
3919 1724 0
1725 3919 1
3919 1725 0
1726 3919 1
3919 1726 0
1727 3919 1
3919 1727 0
1728 3919 1
3919 1728 0
1729 3919 1
3919 1729 0
1730 3919 1
3919 1730 0
1731 3919 1
3919 1731 0
1732 3919 1
3919 1732 0
1733 3919 1
3919 1733 0
1734 3919 1
3919 1734 0
1735 3919 1
3919 1735 0
1736 3919 1
3919 1736 0
1737 3919 1
3919 1737 0
1738 3919 1
3919 1738 0
1739 3919 1
3919 1739 0
1740 3919 1
3919 1740 0
1741 3919 1
3919 1741 0
1742 3919 1
3919 1742 0
1743 3919 1
3919 1743 0
1744 3919 1
3919 1744 0
1745 3919 1
3919 1745 0
1746 3919 1
3919 1746 0
1747 3919 1
3919 1747 0
1748 3919 1
3919 1748 0
1749 3919 1
3919 1749 0
1750 3919 1
3919 1750 0
1751 3919 1
3919 1751 0
1752 3919 1
3919 1752 0
1753 3919 1
3919 1753 0
1754 3919 1
3919 1754 0
1755 3919 1
3919 1755 0
1756 3919 1
3919 1756 0
1757 3919 1
3919 1757 0
1758 3919 1
3919 1758 0
1759 3919 1
3919 1759 0
1760 3919 1
3919 1760 0
1761 3919 1
3919 1761 0
1762 3919 1
3919 1762 0
1763 3919 1
3919 1763 0
1764 3919 1
3919 1764 0
1765 3919 1
3919 1765 0
1766 3919 1
3919 1766 0
1767 3919 1
3919 1767 0
1768 3919 1
3919 1768 0
1769 3919 1
3919 1769 0
1770 3919 1
3919 1770 0
1771 3919 1
3919 1771 0
1772 3919 1
3919 1772 0
1773 3919 1
3919 1773 0
1774 3919 1
3919 1774 0
1775 3919 1
3919 1775 0
1776 3919 1
3919 1776 0
1777 3919 1
3919 1777 0
1778 3919 1
3919 1778 0
1779 3919 1
3919 1779 0
1780 3919 1
3919 1780 0
1781 3919 1
3919 1781 0
1782 3919 1
3919 1782 0
1783 3919 1
3919 1783 0
1784 3919 1
3919 1784 0
1785 3919 1
3919 1785 0
1786 3919 1
3919 1786 0
1787 3919 1
3919 1787 0
1788 3919 1
3919 1788 0
1789 3919 1
3919 1789 0
1790 3919 1
3919 1790 0
1791 3919 1
3919 1791 0
1792 3919 1
3919 1792 0
1793 3919 1
3919 1793 0
1794 3919 1
3919 1794 0
1795 3919 1
3919 1795 0
1796 3919 1
3919 1796 0
1797 3919 1
3919 1797 0
1798 3919 1
3919 1798 0
1799 3919 1
3919 1799 0
1800 3919 1
3919 1800 0
1801 3919 1
3919 1801 0
1802 3919 1
3919 1802 0
1803 3919 1
3919 1803 0
1804 3919 1
3919 1804 0
1805 3919 1
3919 1805 0
1806 3919 1
3919 1806 0
1807 3919 1
3919 1807 0
1808 3919 1
3919 1808 0
1809 3919 1
3919 1809 0
1810 3919 1
3919 1810 0
1811 3919 1
3919 1811 0
1812 3919 1
3919 1812 0
1813 3919 1
3919 1813 0
1814 3919 1
3919 1814 0
1815 3919 1
3919 1815 0
1816 3919 1
3919 1816 0
1817 3919 1
3919 1817 0
1818 3919 1
3919 1818 0
1819 3919 1
3919 1819 0
1820 3919 1
3919 1820 0
1821 3919 1
3919 1821 0
1822 3919 1
3919 1822 0
1823 3919 1
3919 1823 0
1824 3919 1
3919 1824 0
1825 3919 1
3919 1825 0
1826 3919 1
3919 1826 0
1827 3919 1
3919 1827 0
1828 3919 1
3919 1828 0
1829 3919 1
3919 1829 0
1830 3919 1
3919 1830 0
1831 3919 1
3919 1831 0
1832 3919 1
3919 1832 0
1833 3919 1
3919 1833 0
1834 3919 1
3919 1834 0
1835 3919 1
3919 1835 0
1836 3919 1
3919 1836 0
1837 3919 1
3919 1837 0
1838 3919 1
3919 1838 0
1839 3919 1
3919 1839 0
1840 3919 1
3919 1840 0
1841 3919 1
3919 1841 0
1842 3919 1
3919 1842 0
1843 3919 1
3919 1843 0
1844 3919 1
3919 1844 0
1845 3919 1
3919 1845 0
1846 3919 1
3919 1846 0
1847 3919 1
3919 1847 0
1848 3919 1
3919 1848 0
1849 3919 1
3919 1849 0
1850 3919 1
3919 1850 0
1851 3919 1
3919 1851 0
1852 3919 1
3919 1852 0
1853 3919 1
3919 1853 0
1854 3919 1
3919 1854 0
1855 3919 1
3919 1855 0
1856 3919 1
3919 1856 0
1857 3919 1
3919 1857 0
1858 3919 1
3919 1858 0
1859 3919 1
3919 1859 0
1860 3919 1
3919 1860 0
1861 3919 1
3919 1861 0
1862 3919 1
3919 1862 0
1863 3919 1
3919 1863 0
1864 3919 1
3919 1864 0
1865 3919 1
3919 1865 0
1866 3919 1
3919 1866 0
1867 3919 1
3919 1867 0
1868 3919 1
3919 1868 0
1869 3919 1
3919 1869 0
1870 3919 1
3919 1870 0
1871 3919 1
3919 1871 0
1872 3919 1
3919 1872 0
1873 3919 1
3919 1873 0
1874 3919 1
3919 1874 0
1875 3919 1
3919 1875 0
1876 3919 1
3919 1876 0
1877 3919 1
3919 1877 0
1878 3919 1
3919 1878 0
1879 3919 1
3919 1879 0
1880 3919 1
3919 1880 0
1881 3919 1
3919 1881 0
1882 3919 1
3919 1882 0
1883 3919 1
3919 1883 0
1884 3919 1
3919 1884 0
1885 3919 1
3919 1885 0
1886 3919 1
3919 1886 0
1887 3919 1
3919 1887 0
1888 3919 1
3919 1888 0
1889 3919 1
3919 1889 0
1890 3919 1
3919 1890 0
1891 3919 1
3919 1891 0
1892 3919 1
3919 1892 0
1893 3919 1
3919 1893 0
1894 3919 1
3919 1894 0
1895 3919 1
3919 1895 0
1896 3919 1
3919 1896 0
1897 3919 1
3919 1897 0
1898 3919 1
3919 1898 0
1899 3919 1
3919 1899 0
1900 3919 1
3919 1900 0
1901 3919 1
3919 1901 0
1902 3919 1
3919 1902 0
1903 3919 1
3919 1903 0
1904 3919 1
3919 1904 0
1905 3919 1
3919 1905 0
1906 3919 1
3919 1906 0
1907 3919 1
3919 1907 0
1908 3919 1
3919 1908 0
1909 3919 1
3919 1909 0
1910 3919 1
3919 1910 0
1911 3919 1
3919 1911 0
1912 3919 1
3919 1912 0
1913 3919 1
3919 1913 0
1914 3919 1
3919 1914 0
1915 3919 1
3919 1915 0
1916 3919 1
3919 1916 0
1917 3919 1
3919 1917 0
1918 3919 1
3919 1918 0
1919 3919 1
3919 1919 0
1920 3919 1
3919 1920 0
1921 3919 1
3919 1921 0
1922 3919 1
3919 1922 0
1923 3919 1
3919 1923 0
1924 3919 1
3919 1924 0
1925 3919 1
3919 1925 0
1926 3919 1
3919 1926 0
1927 3919 1
3919 1927 0
1928 3919 1
3919 1928 0
1929 3919 1
3919 1929 0
1930 3919 1
3919 1930 0
1931 3919 1
3919 1931 0
1932 3919 1
3919 1932 0
1933 3919 1
3919 1933 0
1934 3919 1
3919 1934 0
1935 3919 1
3919 1935 0
1936 3919 1
3919 1936 0
1937 3919 1
3919 1937 0
1938 3919 1
3919 1938 0
1939 3919 1
3919 1939 0
1940 3919 1
3919 1940 0
1941 3919 1
3919 1941 0
1942 3919 1
3919 1942 0
1943 3919 1
3919 1943 0
1944 3919 1
3919 1944 0
1945 3919 1
3919 1945 0
1946 3919 1
3919 1946 0
1947 3919 1
3919 1947 0
1948 3919 1
3919 1948 0
1949 3919 1
3919 1949 0
1950 3919 1
3919 1950 0
1951 3919 1
3919 1951 0
1952 3919 1
3919 1952 0
1953 3919 1
3919 1953 0
1954 3919 1
3919 1954 0
1955 3919 1
3919 1955 0
1956 3919 1
3919 1956 0
1957 3919 1
3919 1957 0
1958 3919 1
3919 1958 0
1959 3919 1
3919 1959 0
1960 3919 1
3919 1960 0
1961 3919 1
3919 1961 0
1962 3919 1
3919 1962 0
1963 3919 1
3919 1963 0
1964 3919 1
3919 1964 0
1965 3919 1
3919 1965 0
1966 3919 1
3919 1966 0
1967 3919 1
3919 1967 0
1968 3919 1
3919 1968 0
1969 3919 1
3919 1969 0
1970 3919 1
3919 1970 0
1971 3919 1
3919 1971 0
1972 3919 1
3919 1972 0
1973 3919 1
3919 1973 0
1974 3919 1
3919 1974 0
1975 3919 1
3919 1975 0
1976 3919 1
3919 1976 0
1977 3919 1
3919 1977 0
1978 3919 1
3919 1978 0
1979 3919 1
3919 1979 0
1980 3919 1
3919 1980 0
1981 3919 1
3919 1981 0
1982 3919 1
3919 1982 0
1983 3919 1
3919 1983 0
1984 3919 1
3919 1984 0
1985 3919 1
3919 1985 0
1986 3919 1
3919 1986 0
1987 3919 1
3919 1987 0
1988 3919 1
3919 1988 0
1989 3919 1
3919 1989 0
1990 3919 1
3919 1990 0
1991 3919 1
3919 1991 0
1992 3919 1
3919 1992 0
1993 3919 1
3919 1993 0
1994 3919 1
3919 1994 0
1995 3919 1
3919 1995 0
1996 3919 1
3919 1996 0
1997 3919 1
3919 1997 0
1998 3919 1
3919 1998 0
1999 3919 1
3919 1999 0
2000 3919 1
3919 2000 0
2001 3919 1
3919 2001 0
2002 3919 1
3919 2002 0
2003 3919 1
3919 2003 0
2004 3919 1
3919 2004 0
2005 3919 1
3919 2005 0
2006 3919 1
3919 2006 0
2007 3919 1
3919 2007 0
2008 3919 1
3919 2008 0
2009 3919 1
3919 2009 0
2010 3919 1
3919 2010 0
2011 3919 1
3919 2011 0
2012 3919 1
3919 2012 0
2013 3919 1
3919 2013 0
2014 3919 1
3919 2014 0
2015 3919 1
3919 2015 0
2016 3919 1
3919 2016 0
2017 3919 1
3919 2017 0
2018 3919 1
3919 2018 0
2019 3919 1
3919 2019 0
2020 3919 1
3919 2020 0
2021 3919 1
3919 2021 0
2022 3919 1
3919 2022 0
2023 3919 1
3919 2023 0
2024 3919 1
3919 2024 0
2025 3919 1
3919 2025 0
2026 3919 1
3919 2026 0
2027 3919 1
3919 2027 0
2028 3919 1
3919 2028 0
2029 3919 1
3919 2029 0
2030 3919 1
3919 2030 0
2031 3919 1
3919 2031 0
2032 3919 1
3919 2032 0
2033 3919 1
3919 2033 0
2034 3919 1
3919 2034 0
2035 3919 1
3919 2035 0
2036 3919 1
3919 2036 0
2037 3919 1
3919 2037 0
2038 3919 1
3919 2038 0
2039 3919 1
3919 2039 0
2040 3919 1
3919 2040 0
2041 3919 1
3919 2041 0
2042 3919 1
3919 2042 0
2043 3919 1
3919 2043 0
2044 3919 1
3919 2044 0
2045 3919 1
3919 2045 0
2046 3919 1
3919 2046 0
2047 3919 1
3919 2047 0
2048 3919 1
3919 2048 0
2049 3919 1
3919 2049 0
2050 3919 1
3919 2050 0
2051 3919 1
3919 2051 0
2052 3919 1
3919 2052 0
2053 3919 1
3919 2053 0
2054 3919 1
3919 2054 0
2055 3919 1
3919 2055 0
2056 3919 1
3919 2056 0
2057 3919 1
3919 2057 0
2058 3919 1
3919 2058 0
2059 3919 1
3919 2059 0
2060 3919 1
3919 2060 0
2061 3919 1
3919 2061 0
2062 3919 1
3919 2062 0
2063 3919 1
3919 2063 0
2064 3919 1
3919 2064 0
2065 3919 1
3919 2065 0
2066 3919 1
3919 2066 0
2067 3919 1
3919 2067 0
2068 3919 1
3919 2068 0
2069 3919 1
3919 2069 0
2070 3919 1
3919 2070 0
2071 3919 1
3919 2071 0
2072 3919 1
3919 2072 0
2073 3919 1
3919 2073 0
2074 3919 1
3919 2074 0
2075 3919 1
3919 2075 0
2076 3919 1
3919 2076 0
2077 3919 1
3919 2077 0
2078 3919 1
3919 2078 0
2079 3919 1
3919 2079 0
2080 3919 1
3919 2080 0
2081 3919 1
3919 2081 0
2082 3919 1
3919 2082 0
2083 3919 1
3919 2083 0
2084 3919 1
3919 2084 0
2085 3919 1
3919 2085 0
2086 3919 1
3919 2086 0
2087 3919 1
3919 2087 0
2088 3919 1
3919 2088 0
2089 3919 1
3919 2089 0
2090 3919 1
3919 2090 0
2091 3919 1
3919 2091 0
2092 3919 1
3919 2092 0
2093 3919 1
3919 2093 0
2094 3919 1
3919 2094 0
2095 3919 1
3919 2095 0
2096 3919 1
3919 2096 0
2097 3919 1
3919 2097 0
2098 3919 1
3919 2098 0
2099 3919 1
3919 2099 0
2100 3919 1
3919 2100 0
2101 3919 1
3919 2101 0
2102 3919 1
3919 2102 0
2103 3919 1
3919 2103 0
2104 3919 1
3919 2104 0
2105 3919 1
3919 2105 0
2106 3919 1
3919 2106 0
2107 3919 1
3919 2107 0
2108 3919 1
3919 2108 0
2109 3919 1
3919 2109 0
2110 3919 1
3919 2110 0
2111 3919 1
3919 2111 0
2112 3919 1
3919 2112 0
2113 3919 1
3919 2113 0
2114 3919 1
3919 2114 0
2115 3919 1
3919 2115 0
2116 3919 1
3919 2116 0
2117 3919 1
3919 2117 0
2118 3919 1
3919 2118 0
2119 3919 1
3919 2119 0
2120 3919 1
3919 2120 0
2121 3919 1
3919 2121 0
2122 3919 1
3919 2122 0
2123 3919 1
3919 2123 0
2124 3919 1
3919 2124 0
2125 3919 1
3919 2125 0
2126 3919 1
3919 2126 0
2127 3919 1
3919 2127 0
2128 3919 1
3919 2128 0
2129 3919 1
3919 2129 0
2130 3919 1
3919 2130 0
2131 3919 1
3919 2131 0
2132 3919 1
3919 2132 0
2133 3919 1
3919 2133 0
2134 3919 1
3919 2134 0
2135 3919 1
3919 2135 0
2136 3919 1
3919 2136 0
2137 3919 1
3919 2137 0
2138 3919 1
3919 2138 0
2139 3919 1
3919 2139 0
2140 3919 1
3919 2140 0
2141 3919 1
3919 2141 0
2142 3919 1
3919 2142 0
2143 3919 1
3919 2143 0
2144 3919 1
3919 2144 0
2145 3919 1
3919 2145 0
2146 3919 1
3919 2146 0
2147 3919 1
3919 2147 0
2148 3919 1
3919 2148 0
2149 3919 1
3919 2149 0
2150 3919 1
3919 2150 0
2151 3919 1
3919 2151 0
2152 3919 1
3919 2152 0
2153 3919 1
3919 2153 0
2154 3919 1
3919 2154 0
2155 3919 1
3919 2155 0
2156 3919 1
3919 2156 0
2157 3919 1
3919 2157 0
2158 3919 1
3919 2158 0
2159 3919 1
3919 2159 0
2160 3919 1
3919 2160 0
2161 3919 1
3919 2161 0
2162 3919 1
3919 2162 0
2163 3919 1
3919 2163 0
2164 3919 1
3919 2164 0
2165 3919 1
3919 2165 0
2166 3919 1
3919 2166 0
2167 3919 1
3919 2167 0
2168 3919 1
3919 2168 0
2169 3919 1
3919 2169 0
2170 3919 1
3919 2170 0
2171 3919 1
3919 2171 0
2172 3919 1
3919 2172 0
2173 3919 1
3919 2173 0
2174 3919 1
3919 2174 0
2175 3919 1
3919 2175 0
2176 3919 1
3919 2176 0
2177 3919 1
3919 2177 0
2178 3919 1
3919 2178 0
2179 3919 1
3919 2179 0
2180 3919 1
3919 2180 0
2181 3919 1
3919 2181 0
2182 3919 1
3919 2182 0
2183 3919 1
3919 2183 0
2184 3919 1
3919 2184 0
2185 3919 1
3919 2185 0
2186 3919 1
3919 2186 0
2187 3919 1
3919 2187 0
2188 3919 1
3919 2188 0
2189 3919 1
3919 2189 0
2190 3919 1
3919 2190 0
2191 3919 1
3919 2191 0
2192 3919 1
3919 2192 0
2193 3919 1
3919 2193 0
2194 3919 1
3919 2194 0
2195 3919 1
3919 2195 0
2196 3919 1
3919 2196 0
2197 3919 1
3919 2197 0
2198 3919 1
3919 2198 0
2199 3919 1
3919 2199 0
2200 3919 1
3919 2200 0
2201 3919 1
3919 2201 0
2202 3919 1
3919 2202 0
2203 3919 1
3919 2203 0
2204 3919 1
3919 2204 0
2205 3919 1
3919 2205 0
2206 3919 1
3919 2206 0
2207 3919 1
3919 2207 0
2208 3919 1
3919 2208 0
2209 3919 1
3919 2209 0
2210 3919 1
3919 2210 0
2211 3919 1
3919 2211 0
2212 3919 1
3919 2212 0
2213 3919 1
3919 2213 0
2214 3919 1
3919 2214 0
2215 3919 1
3919 2215 0
2216 3919 1
3919 2216 0
2217 3919 1
3919 2217 0
2218 3919 1
3919 2218 0
2219 3919 1
3919 2219 0
2220 3919 1
3919 2220 0
2221 3919 1
3919 2221 0
2222 3919 1
3919 2222 0
2223 3919 1
3919 2223 0
2224 3919 1
3919 2224 0
2225 3919 1
3919 2225 0
2226 3919 1
3919 2226 0
2227 3919 1
3919 2227 0
2228 3919 1
3919 2228 0
2229 3919 1
3919 2229 0
2230 3919 1
3919 2230 0
2231 3919 1
3919 2231 0
2232 3919 1
3919 2232 0
2233 3919 1
3919 2233 0
2234 3919 1
3919 2234 0
2235 3919 1
3919 2235 0
2236 3919 1
3919 2236 0
2237 3919 1
3919 2237 0
2238 3919 1
3919 2238 0
2239 3919 1
3919 2239 0
2240 3919 1
3919 2240 0
2241 3919 1
3919 2241 0
2242 3919 1
3919 2242 0
2243 3919 1
3919 2243 0
2244 3919 1
3919 2244 0
2245 3919 1
3919 2245 0
2246 3919 1
3919 2246 0
2247 3919 1
3919 2247 0
2248 3919 1
3919 2248 0
2249 3919 1
3919 2249 0
2250 3919 1
3919 2250 0
2251 3919 1
3919 2251 0
2252 3919 1
3919 2252 0
2253 3919 1
3919 2253 0
2254 3919 1
3919 2254 0
2255 3919 1
3919 2255 0
2256 3919 1
3919 2256 0
2257 3919 1
3919 2257 0
2258 3919 1
3919 2258 0
2259 3919 1
3919 2259 0
2260 3919 1
3919 2260 0
2261 3919 1
3919 2261 0
2262 3919 1
3919 2262 0
2263 3919 1
3919 2263 0
2264 3919 1
3919 2264 0
2265 3919 1
3919 2265 0
2266 3919 1
3919 2266 0
2267 3919 1
3919 2267 0
2268 3919 1
3919 2268 0
2269 3919 1
3919 2269 0
2270 3919 1
3919 2270 0
2271 3919 1
3919 2271 0
2272 3919 1
3919 2272 0
2273 3919 1
3919 2273 0
2274 3919 1
3919 2274 0
2275 3919 1
3919 2275 0
2276 3919 1
3919 2276 0
2277 3919 1
3919 2277 0
2278 3919 1
3919 2278 0
2279 3919 1
3919 2279 0
2280 3919 1
3919 2280 0
2281 3919 1
3919 2281 0
2282 3919 1
3919 2282 0
2283 3919 1
3919 2283 0
2284 3919 1
3919 2284 0
2285 3919 1
3919 2285 0
2286 3919 1
3919 2286 0
2287 3919 1
3919 2287 0
2288 3919 1
3919 2288 0
2289 3919 1
3919 2289 0
2290 3919 1
3919 2290 0
2291 3919 1
3919 2291 0
2292 3919 1
3919 2292 0
2293 3919 1
3919 2293 0
2294 3919 1
3919 2294 0
2295 3919 1
3919 2295 0
2296 3919 1
3919 2296 0
2297 3919 1
3919 2297 0
2298 3919 1
3919 2298 0
2299 3919 1
3919 2299 0
2300 3919 1
3919 2300 0
2301 3919 1
3919 2301 0
2302 3919 1
3919 2302 0
2303 3919 1
3919 2303 0
2304 3919 1
3919 2304 0
2305 3919 1
3919 2305 0
2306 3919 1
3919 2306 0
2307 3919 1
3919 2307 0
2308 3919 1
3919 2308 0
2309 3919 1
3919 2309 0
2310 3919 1
3919 2310 0
2311 3919 1
3919 2311 0
2312 3919 1
3919 2312 0
2313 3919 1
3919 2313 0
2314 3919 1
3919 2314 0
2315 3919 1
3919 2315 0
2316 3919 1
3919 2316 0
2317 3919 1
3919 2317 0
2318 3919 1
3919 2318 0
2319 3919 1
3919 2319 0
2320 3919 1
3919 2320 0
2321 3919 1
3919 2321 0
2322 3919 1
3919 2322 0
2323 3919 1
3919 2323 0
2324 3919 1
3919 2324 0
2325 3919 1
3919 2325 0
2326 3919 1
3919 2326 0
2327 3919 1
3919 2327 0
2328 3919 1
3919 2328 0
2329 3919 1
3919 2329 0
2330 3919 1
3919 2330 0
2331 3919 1
3919 2331 0
2332 3919 1
3919 2332 0
2333 3919 1
3919 2333 0
2334 3919 1
3919 2334 0
2335 3919 1
3919 2335 0
2336 3919 1
3919 2336 0
2337 3919 1
3919 2337 0
2338 3919 1
3919 2338 0
2339 3919 1
3919 2339 0
2340 3919 1
3919 2340 0
2341 3919 1
3919 2341 0
2342 3919 1
3919 2342 0
2343 3919 1
3919 2343 0
2344 3919 1
3919 2344 0
2345 3919 1
3919 2345 0
2346 3919 1
3919 2346 0
2347 3919 1
3919 2347 0
2348 3919 1
3919 2348 0
2349 3919 1
3919 2349 0
2350 3919 1
3919 2350 0
2351 3919 1
3919 2351 0
2352 3919 1
3919 2352 0
2353 3919 1
3919 2353 0
2354 3919 1
3919 2354 0
2355 3919 1
3919 2355 0
2356 3919 1
3919 2356 0
2357 3919 1
3919 2357 0
2358 3919 1
3919 2358 0
2359 3919 1
3919 2359 0
2360 3919 1
3919 2360 0
2361 3919 1
3919 2361 0
2362 3919 1
3919 2362 0
2363 3919 1
3919 2363 0
2364 3919 1
3919 2364 0
2365 3919 1
3919 2365 0
2366 3919 1
3919 2366 0
2367 3919 1
3919 2367 0
2368 3919 1
3919 2368 0
2369 3919 1
3919 2369 0
2370 3919 1
3919 2370 0
2371 3919 1
3919 2371 0
2372 3919 1
3919 2372 0
2373 3919 1
3919 2373 0
2374 3919 1
3919 2374 0
2375 3919 1
3919 2375 0
2376 3919 1
3919 2376 0
2377 3919 1
3919 2377 0
2378 3919 1
3919 2378 0
2379 3919 1
3919 2379 0
2380 3919 1
3919 2380 0
2381 3919 1
3919 2381 0
2382 3919 1
3919 2382 0
2383 3919 1
3919 2383 0
2384 3919 1
3919 2384 0
2385 3919 1
3919 2385 0
2386 3919 1
3919 2386 0
2387 3919 1
3919 2387 0
2388 3919 1
3919 2388 0
2389 3919 1
3919 2389 0
2390 3919 1
3919 2390 0
2391 3919 1
3919 2391 0
2392 3919 1
3919 2392 0
2393 3919 1
3919 2393 0
2394 3919 1
3919 2394 0
2395 3919 1
3919 2395 0
2396 3919 1
3919 2396 0
2397 3919 1
3919 2397 0
2398 3919 1
3919 2398 0
2399 3919 1
3919 2399 0
2400 3919 1
3919 2400 0
2401 3919 1
3919 2401 0
2402 3919 1
3919 2402 0
2403 3919 1
3919 2403 0
2404 3919 1
3919 2404 0
2405 3919 1
3919 2405 0
2406 3919 1
3919 2406 0
2407 3919 1
3919 2407 0
2408 3919 1
3919 2408 0
2409 3919 1
3919 2409 0
2410 3919 1
3919 2410 0
2411 3919 1
3919 2411 0
2412 3919 1
3919 2412 0
2413 3919 1
3919 2413 0
2414 3919 1
3919 2414 0
2415 3919 1
3919 2415 0
2416 3919 1
3919 2416 0
2417 3919 1
3919 2417 0
2418 3919 1
3919 2418 0
2419 3919 1
3919 2419 0
2420 3919 1
3919 2420 0
2421 3919 1
3919 2421 0
2422 3919 1
3919 2422 0
2423 3919 1
3919 2423 0
2424 3919 1
3919 2424 0
2425 3919 1
3919 2425 0
2426 3919 1
3919 2426 0
2427 3919 1
3919 2427 0
2428 3919 1
3919 2428 0
2429 3919 1
3919 2429 0
2430 3919 1
3919 2430 0
2431 3919 1
3919 2431 0
2432 3919 1
3919 2432 0
2433 3919 1
3919 2433 0
2434 3919 1
3919 2434 0
2435 3919 1
3919 2435 0
2436 3919 1
3919 2436 0
2437 3919 1
3919 2437 0
2438 3919 1
3919 2438 0
2439 3919 1
3919 2439 0
2440 3919 1
3919 2440 0
2441 3919 1
3919 2441 0
2442 3919 1
3919 2442 0
2443 3919 1
3919 2443 0
2444 3919 1
3919 2444 0
2445 3919 1
3919 2445 0
2446 3919 1
3919 2446 0
2447 3919 1
3919 2447 0
2448 3919 1
3919 2448 0
2449 3919 1
3919 2449 0
2450 3919 1
3919 2450 0
2451 3919 1
3919 2451 0
2452 3919 1
3919 2452 0
2453 3919 1
3919 2453 0
2454 3919 1
3919 2454 0
2455 3919 1
3919 2455 0
2456 3919 1
3919 2456 0
2457 3919 1
3919 2457 0
2458 3919 1
3919 2458 0
2459 3919 1
3919 2459 0
2460 3919 1
3919 2460 0
2461 3919 1
3919 2461 0
2462 3919 1
3919 2462 0
2463 3919 1
3919 2463 0
2464 3919 1
3919 2464 0
2465 3919 1
3919 2465 0
2466 3919 1
3919 2466 0
2467 3919 1
3919 2467 0
2468 3919 1
3919 2468 0
2469 3919 1
3919 2469 0
2470 3919 1
3919 2470 0
2471 3919 1
3919 2471 0
2472 3919 1
3919 2472 0
2473 3919 1
3919 2473 0
2474 3919 1
3919 2474 0
2475 3919 1
3919 2475 0
2476 3919 1
3919 2476 0
2477 3919 1
3919 2477 0
2478 3919 1
3919 2478 0
2479 3919 1
3919 2479 0
2480 3919 1
3919 2480 0
2481 3919 1
3919 2481 0
2482 3919 1
3919 2482 0
2483 3919 1
3919 2483 0
2484 3919 1
3919 2484 0
2485 3919 1
3919 2485 0
2486 3919 1
3919 2486 0
2487 3919 1
3919 2487 0
2488 3919 1
3919 2488 0
2489 3919 1
3919 2489 0
2490 3919 1
3919 2490 0
2491 3919 1
3919 2491 0
2492 3919 1
3919 2492 0
2493 3919 1
3919 2493 0
2494 3919 1
3919 2494 0
2495 3919 1
3919 2495 0
2496 3919 1
3919 2496 0
2497 3919 1
3919 2497 0
2498 3919 1
3919 2498 0
2499 3919 1
3919 2499 0
2500 3919 1
3919 2500 0
2501 3919 1
3919 2501 0
2502 3919 1
3919 2502 0
2503 3919 1
3919 2503 0
2504 3919 1
3919 2504 0
2505 3919 1
3919 2505 0
2506 3919 1
3919 2506 0
2507 3919 1
3919 2507 0
2508 3919 1
3919 2508 0
2509 3919 1
3919 2509 0
2510 3919 1
3919 2510 0
2511 3919 1
3919 2511 0
2512 3919 1
3919 2512 0
2513 3919 10
3919 2513 0
2514 3919 10
3919 2514 0
2515 3919 10
3919 2515 0
2516 3919 10
3919 2516 0
2517 3919 10
3919 2517 0
2518 3919 10
3919 2518 0
2519 3919 10
3919 2519 0
2520 3919 10
3919 2520 0
2521 3919 10
3919 2521 0
2522 3919 10
3919 2522 0
2523 3919 10
3919 2523 0
2524 3919 10
3919 2524 0
2525 3919 10
3919 2525 0
2526 3919 10
3919 2526 0
2527 3919 10
3919 2527 0
2528 3919 10
3919 2528 0
2529 3919 10
3919 2529 0
2530 3919 10
3919 2530 0
2531 3919 10
3919 2531 0
2532 3919 10
3919 2532 0
2533 3919 10
3919 2533 0
2534 3919 10
3919 2534 0
2535 3919 10
3919 2535 0
2536 3919 10
3919 2536 0
2537 3919 10
3919 2537 0
2538 3919 10
3919 2538 0
2539 3919 10
3919 2539 0
2540 3919 10
3919 2540 0
2541 3919 10
3919 2541 0
2542 3919 10
3919 2542 0
2543 3919 10
3919 2543 0
2544 3919 10
3919 2544 0
2545 3919 10
3919 2545 0
2546 3919 10
3919 2546 0
2547 3919 10
3919 2547 0
2548 3919 10
3919 2548 0
2549 3919 10
3919 2549 0
2550 3919 10
3919 2550 0
2551 3919 10
3919 2551 0
2552 3919 10
3919 2552 0
2553 3919 10
3919 2553 0
2554 3919 10
3919 2554 0
2555 3919 10
3919 2555 0
2556 3919 10
3919 2556 0
2557 3919 10
3919 2557 0
2558 3919 10
3919 2558 0
2559 3919 10
3919 2559 0
2560 3919 10
3919 2560 0
2561 3919 10
3919 2561 0
2562 3919 10
3919 2562 0
2563 3919 10
3919 2563 0
2564 3919 10
3919 2564 0
2565 3919 10
3919 2565 0
2566 3919 10
3919 2566 0
2567 3919 10
3919 2567 0
2568 3919 10
3919 2568 0
2569 3919 10
3919 2569 0
2570 3919 10
3919 2570 0
2571 3919 10
3919 2571 0
2572 3919 10
3919 2572 0
2573 3919 10
3919 2573 0
2574 3919 10
3919 2574 0
2575 3919 10
3919 2575 0
2576 3919 10
3919 2576 0
2577 3919 10
3919 2577 0
2578 3919 10
3919 2578 0
2579 3919 10
3919 2579 0
2580 3919 10
3919 2580 0
2581 3919 10
3919 2581 0
2582 3919 10
3919 2582 0
2583 3919 10
3919 2583 0
2584 3919 10
3919 2584 0
2585 3919 10
3919 2585 0
2586 3919 10
3919 2586 0
2587 3919 10
3919 2587 0
2588 3919 10
3919 2588 0
2589 3919 10
3919 2589 0
2590 3919 10
3919 2590 0
2591 3919 10
3919 2591 0
2592 3919 10
3919 2592 0
2593 3919 10
3919 2593 0
2594 3919 10
3919 2594 0
2595 3919 10
3919 2595 0
2596 3919 10
3919 2596 0
2597 3919 10
3919 2597 0
2598 3919 10
3919 2598 0
2599 3919 10
3919 2599 0
2600 3919 10
3919 2600 0
2601 3919 10
3919 2601 0
2602 3919 10
3919 2602 0
2603 3919 10
3919 2603 0
2604 3919 10
3919 2604 0
2605 3919 10
3919 2605 0
2606 3919 10
3919 2606 0
2607 3919 10
3919 2607 0
2608 3919 10
3919 2608 0
2609 3919 10
3919 2609 0
2610 3919 10
3919 2610 0
2611 3919 10
3919 2611 0
2612 3919 10
3919 2612 0
2613 3919 10
3919 2613 0
2614 3919 10
3919 2614 0
2615 3919 10
3919 2615 0
2616 3919 10
3919 2616 0
2617 3919 10
3919 2617 0
2618 3919 10
3919 2618 0
2619 3919 10
3919 2619 0
2620 3919 10
3919 2620 0
2621 3919 10
3919 2621 0
2622 3919 10
3919 2622 0
2623 3919 10
3919 2623 0
2624 3919 10
3919 2624 0
2625 3919 10
3919 2625 0
2626 3919 10
3919 2626 0
2627 3919 10
3919 2627 0
2628 3919 10
3919 2628 0
2629 3919 10
3919 2629 0
2630 3919 10
3919 2630 0
2631 3919 10
3919 2631 0
2632 3919 10
3919 2632 0
2633 3919 10
3919 2633 0
2634 3919 10
3919 2634 0
2635 3919 10
3919 2635 0
2636 3919 10
3919 2636 0
2637 3919 10
3919 2637 0
2638 3919 10
3919 2638 0
2639 3919 10
3919 2639 0
2640 3919 10
3919 2640 0
2641 3919 10
3919 2641 0
2642 3919 10
3919 2642 0
2643 3919 10
3919 2643 0
2644 3919 10
3919 2644 0
2645 3919 10
3919 2645 0
2646 3919 10
3919 2646 0
2647 3919 10
3919 2647 0
2648 3919 10
3919 2648 0
2649 3919 10
3919 2649 0
2650 3919 10
3919 2650 0
2651 3919 10
3919 2651 0
2652 3919 10
3919 2652 0
2653 3919 10
3919 2653 0
2654 3919 10
3919 2654 0
2655 3919 10
3919 2655 0
2656 3919 10
3919 2656 0
2657 3919 10
3919 2657 0
2658 3919 10
3919 2658 0
2659 3919 10
3919 2659 0
2660 3919 10
3919 2660 0
2661 3919 10
3919 2661 0
2662 3919 10
3919 2662 0
2663 3919 10
3919 2663 0
2664 3919 10
3919 2664 0
2665 3919 10
3919 2665 0
2666 3919 10
3919 2666 0
2667 3919 10
3919 2667 0
2668 3919 10
3919 2668 0
2669 3919 10
3919 2669 0
2670 3919 10
3919 2670 0
2671 3919 10
3919 2671 0
2672 3919 10
3919 2672 0
2673 3919 10
3919 2673 0
2674 3919 10
3919 2674 0
2675 3919 10
3919 2675 0
2676 3919 10
3919 2676 0
2677 3919 10
3919 2677 0
2678 3919 10
3919 2678 0
2679 3919 10
3919 2679 0
2680 3919 10
3919 2680 0
2681 3919 10
3919 2681 0
2682 3919 10
3919 2682 0
2683 3919 10
3919 2683 0
2684 3919 10
3919 2684 0
2685 3919 10
3919 2685 0
2686 3919 10
3919 2686 0
2687 3919 10
3919 2687 0
2688 3919 10
3919 2688 0
2689 3919 10
3919 2689 0
2690 3919 10
3919 2690 0
2691 3919 10
3919 2691 0
2692 3919 10
3919 2692 0
2693 3919 10
3919 2693 0
2694 3919 10
3919 2694 0
2695 3919 10
3919 2695 0
2696 3919 10
3919 2696 0
2697 3919 10
3919 2697 0
2698 3919 10
3919 2698 0
2699 3919 10
3919 2699 0
2700 3919 10
3919 2700 0
2701 3919 10
3919 2701 0
2702 3919 10
3919 2702 0
2703 3919 10
3919 2703 0
2704 3919 10
3919 2704 0
2705 3919 10
3919 2705 0
2706 3919 10
3919 2706 0
2707 3919 10
3919 2707 0
2708 3919 10
3919 2708 0
2709 3919 10
3919 2709 0
2710 3919 10
3919 2710 0
2711 3919 10
3919 2711 0
2712 3919 10
3919 2712 0
2713 3919 10
3919 2713 0
2714 3919 10
3919 2714 0
2715 3919 10
3919 2715 0
2716 3919 10
3919 2716 0
2717 3919 10
3919 2717 0
2718 3919 10
3919 2718 0
2719 3919 10
3919 2719 0
2720 3919 10
3919 2720 0
2721 3919 10
3919 2721 0
2722 3919 10
3919 2722 0
2723 3919 10
3919 2723 0
2724 3919 10
3919 2724 0
2725 3919 10
3919 2725 0
2726 3919 10
3919 2726 0
2727 3919 10
3919 2727 0
2728 3919 10
3919 2728 0
2729 3919 10
3919 2729 0
2730 3919 10
3919 2730 0
2731 3919 10
3919 2731 0
2732 3919 10
3919 2732 0
2733 3919 10
3919 2733 0
2734 3919 10
3919 2734 0
2735 3919 10
3919 2735 0
2736 3919 10
3919 2736 0
2737 3919 10
3919 2737 0
2738 3919 10
3919 2738 0
2739 3919 10
3919 2739 0
2740 3919 10
3919 2740 0
2741 3919 10
3919 2741 0
2742 3919 10
3919 2742 0
2743 3919 10
3919 2743 0
2744 3919 10
3919 2744 0
2745 3919 10
3919 2745 0
2746 3919 10
3919 2746 0
2747 3919 10
3919 2747 0
2748 3919 10
3919 2748 0
2749 3919 10
3919 2749 0
2750 3919 10
3919 2750 0
2751 3919 10
3919 2751 0
2752 3919 10
3919 2752 0
2753 3919 10
3919 2753 0
2754 3919 10
3919 2754 0
2755 3919 10
3919 2755 0
2756 3919 10
3919 2756 0
2757 3919 10
3919 2757 0
2758 3919 10
3919 2758 0
2759 3919 10
3919 2759 0
2760 3919 10
3919 2760 0
2761 3919 10
3919 2761 0
2762 3919 10
3919 2762 0
2763 3919 10
3919 2763 0
2764 3919 10
3919 2764 0
2765 3919 10
3919 2765 0
2766 3919 10
3919 2766 0
2767 3919 10
3919 2767 0
2768 3919 10
3919 2768 0
2769 3919 10
3919 2769 0
2770 3919 10
3919 2770 0
2771 3919 10
3919 2771 0
2772 3919 10
3919 2772 0
2773 3919 10
3919 2773 0
2774 3919 10
3919 2774 0
2775 3919 10
3919 2775 0
2776 3919 10
3919 2776 0
2777 3919 10
3919 2777 0
2778 3919 10
3919 2778 0
2779 3919 10
3919 2779 0
2780 3919 10
3919 2780 0
2781 3919 10
3919 2781 0
2782 3919 10
3919 2782 0
2783 3919 10
3919 2783 0
2784 3919 10
3919 2784 0
2785 3919 10
3919 2785 0
2786 3919 10
3919 2786 0
2787 3919 10
3919 2787 0
2788 3919 10
3919 2788 0
2789 3919 10
3919 2789 0
2790 3919 10
3919 2790 0
2791 3919 10
3919 2791 0
2792 3919 10
3919 2792 0
2793 3919 10
3919 2793 0
2794 3919 10
3919 2794 0
2795 3919 10
3919 2795 0
2796 3919 10
3919 2796 0
2797 3919 10
3919 2797 0
2798 3919 10
3919 2798 0
2799 3919 10
3919 2799 0
2800 3919 10
3919 2800 0
2801 3919 10
3919 2801 0
2802 3919 10
3919 2802 0
2803 3919 10
3919 2803 0
2804 3919 10
3919 2804 0
2805 3919 10
3919 2805 0
2806 3919 10
3919 2806 0
2807 3919 10
3919 2807 0
2808 3919 10
3919 2808 0
2809 3919 10
3919 2809 0
2810 3919 10
3919 2810 0
2811 3919 10
3919 2811 0
2812 3919 10
3919 2812 0
2813 3919 10
3919 2813 0
2814 3919 10
3919 2814 0
2815 3919 10
3919 2815 0
2816 3919 10
3919 2816 0
2817 3919 10
3919 2817 0
2818 3919 10
3919 2818 0
2819 3919 10
3919 2819 0
2820 3919 10
3919 2820 0
2821 3919 10
3919 2821 0
2822 3919 10
3919 2822 0
2823 3919 10
3919 2823 0
2824 3919 10
3919 2824 0
2825 3919 10
3919 2825 0
2826 3919 10
3919 2826 0
2827 3919 10
3919 2827 0
2828 3919 10
3919 2828 0
2829 3919 10
3919 2829 0
2830 3919 10
3919 2830 0
2831 3919 10
3919 2831 0
2832 3919 10
3919 2832 0
2833 3919 10
3919 2833 0
2834 3919 10
3919 2834 0
2835 3919 10
3919 2835 0
2836 3919 10
3919 2836 0
2837 3919 10
3919 2837 0
2838 3919 10
3919 2838 0
2839 3919 10
3919 2839 0
2840 3919 10
3919 2840 0
2841 3919 10
3919 2841 0
2842 3919 10
3919 2842 0
2843 3919 10
3919 2843 0
2844 3919 10
3919 2844 0
2845 3919 10
3919 2845 0
2846 3919 10
3919 2846 0
2847 3919 10
3919 2847 0
2848 3919 10
3919 2848 0
2849 3919 10
3919 2849 0
2850 3919 10
3919 2850 0
2851 3919 10
3919 2851 0
2852 3919 10
3919 2852 0
2853 3919 10
3919 2853 0
2854 3919 10
3919 2854 0
2855 3919 10
3919 2855 0
2856 3919 10
3919 2856 0
2857 3919 10
3919 2857 0
2858 3919 10
3919 2858 0
2859 3919 10
3919 2859 0
2860 3919 10
3919 2860 0
2861 3919 10
3919 2861 0
2862 3919 10
3919 2862 0
2863 3919 10
3919 2863 0
2864 3919 10
3919 2864 0
2865 3919 10
3919 2865 0
2866 3919 10
3919 2866 0
2867 3919 10
3919 2867 0
2868 3919 10
3919 2868 0
2869 3919 10
3919 2869 0
2870 3919 10
3919 2870 0
2871 3919 10
3919 2871 0
2872 3919 10
3919 2872 0
2873 3919 10
3919 2873 0
2874 3919 10
3919 2874 0
2875 3919 10
3919 2875 0
2876 3919 10
3919 2876 0
2877 3919 10
3919 2877 0
2878 3919 10
3919 2878 0
2879 3919 10
3919 2879 0
2880 3919 10
3919 2880 0
2881 3919 10
3919 2881 0
2882 3919 10
3919 2882 0
2883 3919 10
3919 2883 0
2884 3919 10
3919 2884 0
2885 3919 10
3919 2885 0
2886 3919 10
3919 2886 0
2887 3919 10
3919 2887 0
2888 3919 10
3919 2888 0
2889 3919 10
3919 2889 0
2890 3919 10
3919 2890 0
2891 3919 10
3919 2891 0
2892 3919 10
3919 2892 0
2893 3919 10
3919 2893 0
2894 3919 10
3919 2894 0
2895 3919 10
3919 2895 0
2896 3919 10
3919 2896 0
2897 3919 10
3919 2897 0
2898 3919 10
3919 2898 0
2899 3919 10
3919 2899 0
2900 3919 10
3919 2900 0
2901 3919 10
3919 2901 0
2902 3919 10
3919 2902 0
2903 3919 10
3919 2903 0
2904 3919 10
3919 2904 0
2905 3919 10
3919 2905 0
2906 3919 10
3919 2906 0
2907 3919 10
3919 2907 0
2908 3919 10
3919 2908 0
2909 3919 10
3919 2909 0
2910 3919 10
3919 2910 0
2911 3919 10
3919 2911 0
2912 3919 10
3919 2912 0
2913 3919 10
3919 2913 0
2914 3919 10
3919 2914 0
2915 3919 10
3919 2915 0
2916 3919 10
3919 2916 0
2917 3919 10
3919 2917 0
2918 3919 10
3919 2918 0
2919 3919 10
3919 2919 0
2920 3919 10
3919 2920 0
2921 3919 10
3919 2921 0
2922 3919 10
3919 2922 0
2923 3919 10
3919 2923 0
2924 3919 10
3919 2924 0
2925 3919 10
3919 2925 0
2926 3919 10
3919 2926 0
2927 3919 10
3919 2927 0
2928 3919 10
3919 2928 0
2929 3919 10
3919 2929 0
2930 3919 10
3919 2930 0
2931 3919 10
3919 2931 0
2932 3919 10
3919 2932 0
2933 3919 10
3919 2933 0
2934 3919 10
3919 2934 0
2935 3919 10
3919 2935 0
2936 3919 10
3919 2936 0
2937 3919 10
3919 2937 0
2938 3919 10
3919 2938 0
2939 3919 10
3919 2939 0
2940 3919 10
3919 2940 0
2941 3919 10
3919 2941 0
2942 3919 10
3919 2942 0
2943 3919 10
3919 2943 0
2944 3919 10
3919 2944 0
2945 3919 10
3919 2945 0
2946 3919 10
3919 2946 0
2947 3919 10
3919 2947 0
2948 3919 10
3919 2948 0
2949 3919 10
3919 2949 0
2950 3919 10
3919 2950 0
2951 3919 10
3919 2951 0
2952 3919 10
3919 2952 0
2953 3919 10
3919 2953 0
2954 3919 10
3919 2954 0
2955 3919 10
3919 2955 0
2956 3919 10
3919 2956 0
2957 3919 10
3919 2957 0
2958 3919 10
3919 2958 0
2959 3919 10
3919 2959 0
2960 3919 10
3919 2960 0
2961 3919 10
3919 2961 0
2962 3919 10
3919 2962 0
2963 3919 10
3919 2963 0
2964 3919 10
3919 2964 0
2965 3919 10
3919 2965 0
2966 3919 10
3919 2966 0
2967 3919 10
3919 2967 0
2968 3919 10
3919 2968 0
2969 3919 10
3919 2969 0
2970 3919 10
3919 2970 0
2971 3919 10
3919 2971 0
2972 3919 10
3919 2972 0
2973 3919 10
3919 2973 0
2974 3919 10
3919 2974 0
2975 3919 10
3919 2975 0
2976 3919 10
3919 2976 0
2977 3919 10
3919 2977 0
2978 3919 10
3919 2978 0
2979 3919 10
3919 2979 0
2980 3919 10
3919 2980 0
2981 3919 10
3919 2981 0
2982 3919 10
3919 2982 0
2983 3919 10
3919 2983 0
2984 3919 10
3919 2984 0
2985 3919 10
3919 2985 0
2986 3919 10
3919 2986 0
2987 3919 10
3919 2987 0
2988 3919 10
3919 2988 0
2989 3919 10
3919 2989 0
2990 3919 10
3919 2990 0
2991 3919 10
3919 2991 0
2992 3919 10
3919 2992 0
2993 3919 10
3919 2993 0
2994 3919 10
3919 2994 0
2995 3919 10
3919 2995 0
2996 3919 10
3919 2996 0
2997 3919 10
3919 2997 0
2998 3919 10
3919 2998 0
2999 3919 10
3919 2999 0
3000 3919 10
3919 3000 0
3001 3919 10
3919 3001 0
3002 3919 10
3919 3002 0
3003 3919 10
3919 3003 0
3004 3919 10
3919 3004 0
3005 3919 10
3919 3005 0
3006 3919 10
3919 3006 0
3007 3919 10
3919 3007 0
3008 3919 10
3919 3008 0
3009 3919 10
3919 3009 0
3010 3919 10
3919 3010 0
3011 3919 10
3919 3011 0
3012 3919 10
3919 3012 0
3013 3919 10
3919 3013 0
3014 3919 10
3919 3014 0
3015 3919 10
3919 3015 0
3016 3919 10
3919 3016 0
3017 3919 10
3919 3017 0
3018 3919 10
3919 3018 0
3019 3919 10
3919 3019 0
3020 3919 10
3919 3020 0
3021 3919 10
3919 3021 0
3022 3919 10
3919 3022 0
3023 3919 10
3919 3023 0
3024 3919 10
3919 3024 0
3025 3919 10
3919 3025 0
3026 3919 10
3919 3026 0
3027 3919 10
3919 3027 0
3028 3919 10
3919 3028 0
3029 3919 10
3919 3029 0
3030 3919 10
3919 3030 0
3031 3919 10
3919 3031 0
3032 3919 10
3919 3032 0
3033 3919 10
3919 3033 0
3034 3919 10
3919 3034 0
3035 3919 10
3919 3035 0
3036 3919 10
3919 3036 0
3037 3919 10
3919 3037 0
3038 3919 10
3919 3038 0
3039 3919 10
3919 3039 0
3040 3919 10
3919 3040 0
3041 3919 10
3919 3041 0
3042 3919 10
3919 3042 0
3043 3919 10
3919 3043 0
3044 3919 10
3919 3044 0
3045 3919 10
3919 3045 0
3046 3919 10
3919 3046 0
3047 3919 10
3919 3047 0
3048 3919 10
3919 3048 0
3049 3919 10
3919 3049 0
3050 3919 10
3919 3050 0
3051 3919 10
3919 3051 0
3052 3919 10
3919 3052 0
3053 3919 10
3919 3053 0
3054 3919 10
3919 3054 0
3055 3919 10
3919 3055 0
3056 3919 10
3919 3056 0
3057 3919 10
3919 3057 0
3058 3919 10
3919 3058 0
3059 3919 10
3919 3059 0
3060 3919 10
3919 3060 0
3061 3919 10
3919 3061 0
3062 3919 10
3919 3062 0
3063 3919 10
3919 3063 0
3064 3919 10
3919 3064 0
3065 3919 10
3919 3065 0
3066 3919 10
3919 3066 0
3067 3919 10
3919 3067 0
3068 3919 10
3919 3068 0
3069 3919 10
3919 3069 0
3070 3919 10
3919 3070 0
3071 3919 10
3919 3071 0
3072 3919 10
3919 3072 0
3073 3919 10
3919 3073 0
3074 3919 10
3919 3074 0
3075 3919 10
3919 3075 0
3076 3919 10
3919 3076 0
3077 3919 10
3919 3077 0
3078 3919 10
3919 3078 0
3079 3919 10
3919 3079 0
3080 3919 10
3919 3080 0
3081 3919 10
3919 3081 0
3082 3919 10
3919 3082 0
3083 3919 10
3919 3083 0
3084 3919 10
3919 3084 0
3085 3919 10
3919 3085 0
3086 3919 10
3919 3086 0
3087 3919 10
3919 3087 0
3088 3919 10
3919 3088 0
3089 3919 10
3919 3089 0
3090 3919 10
3919 3090 0
3091 3919 10
3919 3091 0
3092 3919 10
3919 3092 0
3093 3919 10
3919 3093 0
3094 3919 10
3919 3094 0
3095 3919 10
3919 3095 0
3096 3919 10
3919 3096 0
3097 3919 10
3919 3097 0
3098 3919 10
3919 3098 0
3099 3919 10
3919 3099 0
3100 3919 10
3919 3100 0
3101 3919 10
3919 3101 0
3102 3919 10
3919 3102 0
3103 3919 10
3919 3103 0
3104 3919 10
3919 3104 0
3105 3919 10
3919 3105 0
3106 3919 10
3919 3106 0
3107 3919 10
3919 3107 0
3108 3919 10
3919 3108 0
3109 3919 10
3919 3109 0
3110 3919 10
3919 3110 0
3111 3919 10
3919 3111 0
3112 3919 10
3919 3112 0
3113 3919 10
3919 3113 0
3114 3919 10
3919 3114 0
3115 3919 10
3919 3115 0
3116 3919 10
3919 3116 0
3117 3919 10
3919 3117 0
3118 3919 10
3919 3118 0
3119 3919 10
3919 3119 0
3120 3919 10
3919 3120 0
3121 3919 10
3919 3121 0
3122 3919 10
3919 3122 0
3123 3919 10
3919 3123 0
3124 3919 10
3919 3124 0
3125 3919 10
3919 3125 0
3126 3919 10
3919 3126 0
3127 3919 10
3919 3127 0
3128 3919 10
3919 3128 0
3129 3919 10
3919 3129 0
3130 3919 10
3919 3130 0
3131 3919 10
3919 3131 0
3132 3919 10
3919 3132 0
3133 3919 10
3919 3133 0
3134 3919 10
3919 3134 0
3135 3919 10
3919 3135 0
3136 3919 10
3919 3136 0
3137 3919 10
3919 3137 0
3138 3919 10
3919 3138 0
3139 3919 10
3919 3139 0
3140 3919 10
3919 3140 0
3141 3919 10
3919 3141 0
3142 3919 10
3919 3142 0
3143 3919 10
3919 3143 0
3144 3919 10
3919 3144 0
3145 3919 10
3919 3145 0
3146 3919 10
3919 3146 0
3147 3919 10
3919 3147 0
3148 3919 10
3919 3148 0
3149 3919 10
3919 3149 0
3150 3919 10
3919 3150 0
3151 3919 10
3919 3151 0
3152 3919 10
3919 3152 0
3153 3919 10
3919 3153 0
3154 3919 10
3919 3154 0
3155 3919 10
3919 3155 0
3156 3919 10
3919 3156 0
3157 3919 10
3919 3157 0
3158 3919 10
3919 3158 0
3159 3919 10
3919 3159 0
3160 3919 10
3919 3160 0
3161 3919 10
3919 3161 0
3162 3919 10
3919 3162 0
3163 3919 10
3919 3163 0
3164 3919 10
3919 3164 0
3165 3919 10
3919 3165 0
3166 3919 10
3919 3166 0
3167 3919 10
3919 3167 0
3168 3919 10
3919 3168 0
3169 3919 10
3919 3169 0
3170 3919 10
3919 3170 0
3171 3919 10
3919 3171 0
3172 3919 10
3919 3172 0
3173 3919 10
3919 3173 0
3174 3919 10
3919 3174 0
3175 3919 10
3919 3175 0
3176 3919 10
3919 3176 0
3177 3919 10
3919 3177 0
3178 3919 10
3919 3178 0
3179 3919 10
3919 3179 0
3180 3919 10
3919 3180 0
3181 3919 10
3919 3181 0
3182 3919 10
3919 3182 0
3183 3919 10
3919 3183 0
3184 3919 10
3919 3184 0
3185 3919 10
3919 3185 0
3186 3919 10
3919 3186 0
3187 3919 10
3919 3187 0
3188 3919 10
3919 3188 0
3189 3919 10
3919 3189 0
3190 3919 10
3919 3190 0
3191 3919 10
3919 3191 0
3192 3919 10
3919 3192 0
3193 3919 10
3919 3193 0
3194 3919 10
3919 3194 0
3195 3919 10
3919 3195 0
3196 3919 10
3919 3196 0
3197 3919 10
3919 3197 0
3198 3919 10
3919 3198 0
3199 3919 10
3919 3199 0
3200 3919 10
3919 3200 0
3201 3919 10
3919 3201 0
3202 3919 10
3919 3202 0
3203 3919 10
3919 3203 0
3204 3919 10
3919 3204 0
3205 3919 10
3919 3205 0
3206 3919 10
3919 3206 0
3207 3919 10
3919 3207 0
3208 3919 10
3919 3208 0
3209 3919 10
3919 3209 0
3210 3919 10
3919 3210 0
3211 3919 10
3919 3211 0
3212 3919 10
3919 3212 0
3213 3919 10
3919 3213 0
3214 3919 10
3919 3214 0
3215 3919 10
3919 3215 0
3216 3919 10
3919 3216 0
3217 3919 10
3919 3217 0
3218 3919 10
3919 3218 0
3219 3919 10
3919 3219 0
3220 3919 10
3919 3220 0
3221 3919 10
3919 3221 0
3222 3919 10
3919 3222 0
3223 3919 10
3919 3223 0
3224 3919 10
3919 3224 0
3225 3919 10
3919 3225 0
3226 3919 10
3919 3226 0
3227 3919 10
3919 3227 0
3228 3919 10
3919 3228 0
3229 3919 10
3919 3229 0
3230 3919 10
3919 3230 0
3231 3919 10
3919 3231 0
3232 3919 10
3919 3232 0
3233 3919 10
3919 3233 0
3234 3919 10
3919 3234 0
3235 3919 10
3919 3235 0
3236 3919 10
3919 3236 0
3237 3919 10
3919 3237 0
3238 3919 10
3919 3238 0
3239 3919 10
3919 3239 0
3240 3919 10
3919 3240 0
3241 3919 10
3919 3241 0
3242 3919 10
3919 3242 0
3243 3919 10
3919 3243 0
3244 3919 10
3919 3244 0
3245 3919 10
3919 3245 0
3246 3919 10
3919 3246 0
3247 3919 10
3919 3247 0
3248 3919 10
3919 3248 0
3249 3919 10
3919 3249 0
3250 3919 10
3919 3250 0
3251 3919 10
3919 3251 0
3252 3919 10
3919 3252 0
3253 3919 10
3919 3253 0
3254 3919 10
3919 3254 0
3255 3919 10
3919 3255 0
3256 3919 10
3919 3256 0
3257 3919 10
3919 3257 0
3258 3919 10
3919 3258 0
3259 3919 10
3919 3259 0
3260 3919 10
3919 3260 0
3261 3919 10
3919 3261 0
3262 3919 10
3919 3262 0
3263 3919 10
3919 3263 0
3264 3919 10
3919 3264 0
3265 3919 10
3919 3265 0
3266 3919 10
3919 3266 0
3267 3919 10
3919 3267 0
3268 3919 10
3919 3268 0
3269 3919 10
3919 3269 0
3270 3919 10
3919 3270 0
3271 3919 10
3919 3271 0
3272 3919 10
3919 3272 0
3273 3919 10
3919 3273 0
3274 3919 10
3919 3274 0
3275 3919 10
3919 3275 0
3276 3919 10
3919 3276 0
3277 3919 10
3919 3277 0
3278 3919 10
3919 3278 0
3279 3919 10
3919 3279 0
3280 3919 10
3919 3280 0
3281 3919 10
3919 3281 0
3282 3919 10
3919 3282 0
3283 3919 10
3919 3283 0
3284 3919 10
3919 3284 0
3285 3919 10
3919 3285 0
3286 3919 10
3919 3286 0
3287 3919 10
3919 3287 0
3288 3919 10
3919 3288 0
3289 3919 10
3919 3289 0
3290 3919 10
3919 3290 0
3291 3919 10
3919 3291 0
3292 3919 10
3919 3292 0
3293 3919 10
3919 3293 0
3294 3919 10
3919 3294 0
3295 3919 10
3919 3295 0
3296 3919 10
3919 3296 0
3297 3919 10
3919 3297 0
3298 3919 10
3919 3298 0
3299 3919 10
3919 3299 0
3300 3919 10
3919 3300 0
3301 3919 10
3919 3301 0
3302 3919 10
3919 3302 0
3303 3919 10
3919 3303 0
3304 3919 10
3919 3304 0
3305 3919 10
3919 3305 0
3306 3919 10
3919 3306 0
3307 3919 10
3919 3307 0
3308 3919 10
3919 3308 0
3309 3919 10
3919 3309 0
3310 3919 10
3919 3310 0
3311 3919 10
3919 3311 0
3312 3919 10
3919 3312 0
3313 3919 10
3919 3313 0
3314 3919 10
3919 3314 0
3315 3919 10
3919 3315 0
3316 3919 10
3919 3316 0
3317 3919 10
3919 3317 0
3318 3919 10
3919 3318 0
3319 3919 10
3919 3319 0
3320 3919 10
3919 3320 0
3321 3919 10
3919 3321 0
3322 3919 10
3919 3322 0
3323 3919 10
3919 3323 0
3324 3919 10
3919 3324 0
3325 3919 10
3919 3325 0
3326 3919 10
3919 3326 0
3327 3919 10
3919 3327 0
3328 3919 10
3919 3328 0
3329 3919 10
3919 3329 0
3330 3919 10
3919 3330 0
3331 3919 10
3919 3331 0
3332 3919 10
3919 3332 0
3333 3919 10
3919 3333 0
3334 3919 10
3919 3334 0
3335 3919 10
3919 3335 0
3336 3919 10
3919 3336 0
3337 3919 10
3919 3337 0
3338 3919 10
3919 3338 0
3339 3919 10
3919 3339 0
3340 3919 10
3919 3340 0
3341 3919 10
3919 3341 0
3342 3919 10
3919 3342 0
3343 3919 10
3919 3343 0
3344 3919 10
3919 3344 0
3345 3919 10
3919 3345 0
3346 3919 10
3919 3346 0
3347 3919 10
3919 3347 0
3348 3919 10
3919 3348 0
3349 3919 10
3919 3349 0
3350 3919 10
3919 3350 0
3351 3919 10
3919 3351 0
3352 3919 10
3919 3352 0
3353 3919 10
3919 3353 0
3354 3919 10
3919 3354 0
3355 3919 10
3919 3355 0
3356 3919 10
3919 3356 0
3357 3919 10
3919 3357 0
3358 3919 10
3919 3358 0
3359 3919 10
3919 3359 0
3360 3919 10
3919 3360 0
3361 3919 10
3919 3361 0
3362 3919 10
3919 3362 0
3363 3919 10
3919 3363 0
3364 3919 10
3919 3364 0
3365 3919 10
3919 3365 0
3366 3919 10
3919 3366 0
3367 3919 10
3919 3367 0
3368 3919 10
3919 3368 0
3369 3919 10
3919 3369 0
3370 3919 10
3919 3370 0
3371 3919 10
3919 3371 0
3372 3919 10
3919 3372 0
3373 3919 10
3919 3373 0
3374 3919 10
3919 3374 0
3375 3919 10
3919 3375 0
3376 3919 10
3919 3376 0
3377 3919 10
3919 3377 0
3378 3919 10
3919 3378 0
3379 3919 10
3919 3379 0
3380 3919 10
3919 3380 0
3381 3919 10
3919 3381 0
3382 3919 10
3919 3382 0
3383 3919 10
3919 3383 0
3384 3919 10
3919 3384 0
3385 3919 10
3919 3385 0
3386 3919 10
3919 3386 0
3387 3919 10
3919 3387 0
3388 3919 10
3919 3388 0
3389 3919 10
3919 3389 0
3390 3919 10
3919 3390 0
3391 3919 10
3919 3391 0
3392 3919 10
3919 3392 0
3393 3919 10
3919 3393 0
3394 3919 10
3919 3394 0
3395 3919 10
3919 3395 0
3396 3919 10
3919 3396 0
3397 3919 10
3919 3397 0
3398 3919 10
3919 3398 0
3399 3919 10
3919 3399 0
3400 3919 10
3919 3400 0
3401 3919 10
3919 3401 0
3402 3919 10
3919 3402 0
3403 3919 10
3919 3403 0
3404 3919 10
3919 3404 0
3405 3919 10
3919 3405 0
3406 3919 10
3919 3406 0
3407 3919 10
3919 3407 0
3408 3919 10
3919 3408 0
3409 3919 10
3919 3409 0
3410 3919 10
3919 3410 0
3411 3919 10
3919 3411 0
3412 3919 10
3919 3412 0
3413 3919 10
3919 3413 0
3414 3919 10
3919 3414 0
3415 3919 10
3919 3415 0
3416 3919 10
3919 3416 0
3417 3919 10
3919 3417 0
3418 3919 10
3919 3418 0
3419 3919 10
3919 3419 0
3420 3919 10
3919 3420 0
3421 3919 10
3919 3421 0
3422 3919 10
3919 3422 0
3423 3919 10
3919 3423 0
3424 3919 10
3919 3424 0
3425 3919 10
3919 3425 0
3426 3919 10
3919 3426 0
3427 3919 10
3919 3427 0
3428 3919 10
3919 3428 0
3429 3919 10
3919 3429 0
3430 3919 10
3919 3430 0
3431 3919 10
3919 3431 0
3432 3919 10
3919 3432 0
3433 3919 10
3919 3433 0
3434 3919 10
3919 3434 0
3435 3919 10
3919 3435 0
3436 3919 10
3919 3436 0
3437 3919 10
3919 3437 0
3438 3919 10
3919 3438 0
3439 3919 10
3919 3439 0
3440 3919 10
3919 3440 0
3441 3919 10
3919 3441 0
3442 3919 10
3919 3442 0
3443 3919 10
3919 3443 0
3444 3919 10
3919 3444 0
3445 3919 10
3919 3445 0
3446 3919 10
3919 3446 0
3447 3919 10
3919 3447 0
3448 3919 10
3919 3448 0
3449 3919 10
3919 3449 0
3450 3919 10
3919 3450 0
3451 3919 10
3919 3451 0
3452 3919 10
3919 3452 0
3453 3919 10
3919 3453 0
3454 3919 10
3919 3454 0
3455 3919 10
3919 3455 0
3456 3919 10
3919 3456 0
3457 3919 10
3919 3457 0
3458 3919 10
3919 3458 0
3459 3919 10
3919 3459 0
3460 3919 10
3919 3460 0
3461 3919 10
3919 3461 0
3462 3919 10
3919 3462 0
3463 3919 10
3919 3463 0
3464 3919 10
3919 3464 0
3465 3919 10
3919 3465 0
3466 3919 10
3919 3466 0
3467 3919 10
3919 3467 0
3468 3919 10
3919 3468 0
3469 3919 10
3919 3469 0
3470 3919 10
3919 3470 0
3471 3919 10
3919 3471 0
3472 3919 10
3919 3472 0
3473 3919 10
3919 3473 0
3474 3919 10
3919 3474 0
3475 3919 10
3919 3475 0
3476 3919 10
3919 3476 0
3477 3919 10
3919 3477 0
3478 3919 10
3919 3478 0
3479 3919 10
3919 3479 0
3480 3919 10
3919 3480 0
3481 3919 10
3919 3481 0
3482 3919 10
3919 3482 0
3483 3919 10
3919 3483 0
3484 3919 10
3919 3484 0
3485 3919 10
3919 3485 0
3486 3919 10
3919 3486 0
3487 3919 10
3919 3487 0
3488 3919 10
3919 3488 0
3489 3919 10
3919 3489 0
3490 3919 10
3919 3490 0
3491 3919 10
3919 3491 0
3492 3919 10
3919 3492 0
3493 3919 10
3919 3493 0
3494 3919 10
3919 3494 0
3495 3919 10
3919 3495 0
3496 3919 10
3919 3496 0
3497 3919 10
3919 3497 0
3498 3919 10
3919 3498 0
3499 3919 10
3919 3499 0
3500 3919 10
3919 3500 0
3501 3919 10
3919 3501 0
3502 3919 10
3919 3502 0
3503 3919 10
3919 3503 0
3504 3919 10
3919 3504 0
3505 3919 10
3919 3505 0
3506 3919 10
3919 3506 0
3507 3919 10
3919 3507 0
3508 3919 10
3919 3508 0
3509 3919 10
3919 3509 0
3510 3919 10
3919 3510 0
3511 3919 10
3919 3511 0
3512 3919 10
3919 3512 0
3513 3919 10
3919 3513 0
3514 3919 10
3919 3514 0
3515 3919 10
3919 3515 0
3516 3919 10
3919 3516 0
3517 3919 10
3919 3517 0
3518 3919 10
3919 3518 0
3519 3919 10
3919 3519 0
3520 3919 10
3919 3520 0
3521 3919 10
3919 3521 0
3522 3919 10
3919 3522 0
3523 3919 10
3919 3523 0
3524 3919 10
3919 3524 0
3525 3919 10
3919 3525 0
3526 3919 10
3919 3526 0
3527 3919 10
3919 3527 0
3528 3919 10
3919 3528 0
3529 3919 10
3919 3529 0
3530 3919 10
3919 3530 0
3531 3919 10
3919 3531 0
3532 3919 10
3919 3532 0
3533 3919 10
3919 3533 0
3534 3919 10
3919 3534 0
3535 3919 10
3919 3535 0
3536 3919 10
3919 3536 0
3537 3919 10
3919 3537 0
3538 3919 10
3919 3538 0
3539 3919 10
3919 3539 0
3540 3919 10
3919 3540 0
3541 3919 10
3919 3541 0
3542 3919 10
3919 3542 0
3543 3919 10
3919 3543 0
3544 3919 10
3919 3544 0
3545 3919 10
3919 3545 0
3546 3919 10
3919 3546 0
3547 3919 10
3919 3547 0
3548 3919 10
3919 3548 0
3549 3919 10
3919 3549 0
3550 3919 10
3919 3550 0
3551 3919 10
3919 3551 0
3552 3919 10
3919 3552 0
3553 3919 10
3919 3553 0
3554 3919 10
3919 3554 0
3555 3919 10
3919 3555 0
3556 3919 10
3919 3556 0
3557 3919 10
3919 3557 0
3558 3919 10
3919 3558 0
3559 3919 10
3919 3559 0
3560 3919 10
3919 3560 0
3561 3919 10
3919 3561 0
3562 3919 10
3919 3562 0
3563 3919 10
3919 3563 0
3564 3919 10
3919 3564 0
3565 3919 10
3919 3565 0
3566 3919 10
3919 3566 0
3567 3919 10
3919 3567 0
3568 3919 10
3919 3568 0
3569 3919 10
3919 3569 0
3570 3919 10
3919 3570 0
3571 3919 10
3919 3571 0
3572 3919 10
3919 3572 0
3573 3919 10
3919 3573 0
3574 3919 10
3919 3574 0
3575 3919 10
3919 3575 0
3576 3919 10
3919 3576 0
3577 3919 10
3919 3577 0
3578 3919 10
3919 3578 0
3579 3919 10
3919 3579 0
3580 3919 10
3919 3580 0
3581 3919 10
3919 3581 0
3582 3919 10
3919 3582 0
3583 3919 10
3919 3583 0
3584 3919 10
3919 3584 0
3585 3919 10
3919 3585 0
3586 3919 10
3919 3586 0
3587 3919 10
3919 3587 0
3588 3919 10
3919 3588 0
3589 3919 10
3919 3589 0
3590 3919 10
3919 3590 0
3591 3919 10
3919 3591 0
3592 3919 10
3919 3592 0
3593 3919 10
3919 3593 0
3594 3919 10
3919 3594 0
3595 3919 10
3919 3595 0
3596 3919 10
3919 3596 0
3597 3919 10
3919 3597 0
3598 3919 10
3919 3598 0
3599 3919 10
3919 3599 0
3600 3919 10
3919 3600 0
3601 3919 10
3919 3601 0
3602 3919 10
3919 3602 0
3603 3919 10
3919 3603 0
3604 3919 10
3919 3604 0
3605 3919 10
3919 3605 0
3606 3919 10
3919 3606 0
3607 3919 10
3919 3607 0
3608 3919 10
3919 3608 0
3609 3919 10
3919 3609 0
3610 3919 10
3919 3610 0
3611 3919 10
3919 3611 0
3612 3919 10
3919 3612 0
3613 3919 10
3919 3613 0
3614 3919 10
3919 3614 0
3615 3919 10
3919 3615 0
3616 3919 10
3919 3616 0
3617 3919 10
3919 3617 0
3618 3919 10
3919 3618 0
3619 3919 10
3919 3619 0
3620 3919 10
3919 3620 0
3621 3919 10
3919 3621 0
3622 3919 10
3919 3622 0
3623 3919 10
3919 3623 0
3624 3919 10
3919 3624 0
3625 3919 10
3919 3625 0
3626 3919 10
3919 3626 0
3627 3919 10
3919 3627 0
3628 3919 10
3919 3628 0
3629 3919 10
3919 3629 0
3630 3919 10
3919 3630 0
3631 3919 10
3919 3631 0
3632 3919 10
3919 3632 0
3633 3919 10
3919 3633 0
3634 3919 10
3919 3634 0
3635 3919 10
3919 3635 0
3636 3919 10
3919 3636 0
3637 3919 10
3919 3637 0
3638 3919 10
3919 3638 0
3639 3919 10
3919 3639 0
3640 3919 10
3919 3640 0
3641 3919 10
3919 3641 0
3642 3919 10
3919 3642 0
3643 3919 10
3919 3643 0
3644 3919 10
3919 3644 0
3645 3919 10
3919 3645 0
3646 3919 10
3919 3646 0
3647 3919 10
3919 3647 0
3648 3919 10
3919 3648 0
3649 3919 10
3919 3649 0
3650 3919 10
3919 3650 0
3651 3919 10
3919 3651 0
3652 3919 10
3919 3652 0
3653 3919 10
3919 3653 0
3654 3919 10
3919 3654 0
3655 3919 10
3919 3655 0
3656 3919 10
3919 3656 0
3657 3919 10
3919 3657 0
3658 3919 10
3919 3658 0
3659 3919 10
3919 3659 0
3660 3919 10
3919 3660 0
3661 3919 10
3919 3661 0
3662 3919 10
3919 3662 0
3663 3919 10
3919 3663 0
3664 3919 10
3919 3664 0
3665 3919 10
3919 3665 0
3666 3919 10
3919 3666 0
3667 3919 10
3919 3667 0
3668 3919 10
3919 3668 0
3669 3919 10
3919 3669 0
3670 3919 10
3919 3670 0
3671 3919 10
3919 3671 0
3672 3919 10
3919 3672 0
3673 3919 10
3919 3673 0
3674 3919 10
3919 3674 0
3675 3919 10
3919 3675 0
3676 3919 10
3919 3676 0
3677 3919 10
3919 3677 0
3678 3919 10
3919 3678 0
3679 3919 10
3919 3679 0
3680 3919 10
3919 3680 0
3681 3919 10
3919 3681 0
3682 3919 10
3919 3682 0
3683 3919 10
3919 3683 0
3684 3919 10
3919 3684 0
3685 3919 10
3919 3685 0
3686 3919 10
3919 3686 0
3687 3919 10
3919 3687 0
3688 3919 10
3919 3688 0
3689 3919 10
3919 3689 0
3690 3919 10
3919 3690 0
3691 3919 10
3919 3691 0
3692 3919 10
3919 3692 0
3693 3919 10
3919 3693 0
3694 3919 10
3919 3694 0
3695 3919 10
3919 3695 0
3696 3919 10
3919 3696 0
3697 3919 10
3919 3697 0
3698 3919 10
3919 3698 0
3699 3919 10
3919 3699 0
3700 3919 10
3919 3700 0
3701 3919 10
3919 3701 0
3702 3919 10
3919 3702 0
3703 3919 10
3919 3703 0
3704 3919 10
3919 3704 0
3705 3919 10
3919 3705 0
3706 3919 10
3919 3706 0
3707 3919 10
3919 3707 0
3708 3919 10
3919 3708 0
3709 3919 10
3919 3709 0
3710 3919 10
3919 3710 0
3711 3919 10
3919 3711 0
3712 3919 10
3919 3712 0
3713 3919 10
3919 3713 0
3714 3919 10
3919 3714 0
3715 3919 10
3919 3715 0
3716 3919 10
3919 3716 0
3717 3919 10
3919 3717 0
3718 3919 10
3919 3718 0
3719 3919 10
3919 3719 0
3720 3919 10
3919 3720 0
3721 3919 10
3919 3721 0
3722 3919 10
3919 3722 0
3723 3919 10
3919 3723 0
3724 3919 10
3919 3724 0
3725 3919 10
3919 3725 0
3726 3919 10
3919 3726 0
3727 3919 10
3919 3727 0
3728 3919 10
3919 3728 0
3729 3919 10
3919 3729 0
3730 3919 10
3919 3730 0
3731 3919 10
3919 3731 0
3732 3919 10
3919 3732 0
3733 3919 10
3919 3733 0
3734 3919 10
3919 3734 0
3735 3919 10
3919 3735 0
3736 3919 10
3919 3736 0
3737 3919 10
3919 3737 0
3738 3919 10
3919 3738 0
3739 3919 10
3919 3739 0
3740 3919 10
3919 3740 0
3741 3919 10
3919 3741 0
3742 3919 10
3919 3742 0
3743 3919 10
3919 3743 0
3744 3919 10
3919 3744 0
3745 3919 10
3919 3745 0
3746 3919 10
3919 3746 0
3747 3919 10
3919 3747 0
3748 3919 10
3919 3748 0
3749 3919 10
3919 3749 0
3750 3919 10
3919 3750 0
3751 3919 10
3919 3751 0
3752 3919 10
3919 3752 0
3753 3919 10
3919 3753 0
3754 3919 10
3919 3754 0
3755 3919 10
3919 3755 0
3756 3919 10
3919 3756 0
3757 3919 10
3919 3757 0
3758 3919 10
3919 3758 0
3759 3919 10
3919 3759 0
3760 3919 10
3919 3760 0
3761 3919 10
3919 3761 0
3762 3919 10
3919 3762 0
3763 3919 10
3919 3763 0
3764 3919 10
3919 3764 0
3765 3919 10
3919 3765 0
3766 3919 10
3919 3766 0
3767 3919 10
3919 3767 0
3768 3919 10
3919 3768 0
3769 3919 10
3919 3769 0
3770 3919 10
3919 3770 0
3771 3919 10
3919 3771 0
3772 3919 10
3919 3772 0
3773 3919 10
3919 3773 0
3774 3919 10
3919 3774 0
3775 3919 10
3919 3775 0
3776 3919 10
3919 3776 0
3777 3919 10
3919 3777 0
3778 3919 10
3919 3778 0
3779 3919 10
3919 3779 0
3780 3919 10
3919 3780 0
3781 3919 10
3919 3781 0
3782 3919 10
3919 3782 0
3783 3919 10
3919 3783 0
3784 3919 10
3919 3784 0
3785 3919 10
3919 3785 0
3786 3919 10
3919 3786 0
3787 3919 10
3919 3787 0
3788 3919 10
3919 3788 0
3789 3919 10
3919 3789 0
3790 3919 10
3919 3790 0
3791 3919 10
3919 3791 0
3792 3919 10
3919 3792 0
3793 3919 10
3919 3793 0
3794 3919 10
3919 3794 0
3795 3919 10
3919 3795 0
3796 3919 10
3919 3796 0
3797 3919 10
3919 3797 0
3798 3919 10
3919 3798 0
3799 3919 10
3919 3799 0
3800 3919 10
3919 3800 0
3801 3919 10
3919 3801 0
3802 3919 10
3919 3802 0
3803 3919 10
3919 3803 0
3804 3919 10
3919 3804 0
3805 3919 10
3919 3805 0
3806 3919 10
3919 3806 0
3807 3919 10
3919 3807 0
3808 3919 10
3919 3808 0
3809 3919 10
3919 3809 0
3810 3919 10
3919 3810 0
3811 3919 10
3919 3811 0
3812 3919 10
3919 3812 0
3813 3919 10
3919 3813 0
3814 3919 10
3919 3814 0
3815 3919 10
3919 3815 0
3816 3919 10
3919 3816 0
3817 3919 10
3919 3817 0
3818 3919 10
3919 3818 0
3819 3919 10
3919 3819 0
3820 3919 10
3919 3820 0
3821 3919 10
3919 3821 0
3822 3919 10
3919 3822 0
3823 3919 10
3919 3823 0
3824 3919 10
3919 3824 0
3825 3919 10
3919 3825 0
3826 3919 10
3919 3826 0
3827 3919 10
3919 3827 0
3828 3919 10
3919 3828 0
3829 3919 10
3919 3829 0
3830 3919 10
3919 3830 0
3831 3919 10
3919 3831 0
3832 3919 10
3919 3832 0
3833 3919 10
3919 3833 0
3834 3919 10
3919 3834 0
3835 3919 10
3919 3835 0
3836 3919 10
3919 3836 0
3837 3919 10
3919 3837 0
3838 3919 10
3919 3838 0
3839 3919 10
3919 3839 0
3840 3919 10
3919 3840 0
3841 3919 10
3919 3841 0
3842 3919 10
3919 3842 0
3843 3919 10
3919 3843 0
3844 3919 10
3919 3844 0
3845 3919 10
3919 3845 0
3846 3919 10
3919 3846 0
3847 3919 10
3919 3847 0
3848 3919 10
3919 3848 0
3849 3919 10
3919 3849 0
3850 3919 10
3919 3850 0
3851 3919 10
3919 3851 0
3852 3919 10
3919 3852 0
3853 3919 10
3919 3853 0
3854 3919 10
3919 3854 0
3855 3919 10
3919 3855 0
3856 3919 10
3919 3856 0
3857 3919 10
3919 3857 0
3858 3919 10
3919 3858 0
3859 3919 10
3919 3859 0
3860 3919 10
3919 3860 0
3861 3919 10
3919 3861 0
3862 3919 10
3919 3862 0
3863 3919 10
3919 3863 0
3864 3919 10
3919 3864 0
3865 3919 10
3919 3865 0
3866 3919 10
3919 3866 0
3867 3919 10
3919 3867 0
3868 3919 10
3919 3868 0
3869 3919 10
3919 3869 0
3870 3919 10
3919 3870 0
3871 3919 10
3919 3871 0
3872 3919 10
3919 3872 0
3873 3919 10
3919 3873 0
3874 3919 10
3919 3874 0
3875 3919 10
3919 3875 0
3876 3919 10
3919 3876 0
3877 3919 10
3919 3877 0
3878 3919 10
3919 3878 0
3879 3919 10
3919 3879 0
3880 3919 10
3919 3880 0
3881 3919 10
3919 3881 0
3882 3919 10
3919 3882 0
3883 3919 10
3919 3883 0
3884 3919 10
3919 3884 0
3885 3919 10
3919 3885 0
3886 3919 10
3919 3886 0
3887 3919 10
3919 3887 0
3888 3919 10
3919 3888 0
3889 3919 10
3919 3889 0
3890 3919 10
3919 3890 0
3891 3919 10
3919 3891 0
3892 3919 10
3919 3892 0
3893 3919 10
3919 3893 0
3894 3919 10
3919 3894 0
3895 3919 10
3919 3895 0
3896 3919 10
3919 3896 0
3897 3919 10
3919 3897 0
3898 3919 10
3919 3898 0
3899 3919 10
3919 3899 0
3900 3919 10
3919 3900 0
3901 3919 10
3919 3901 0
3902 3919 10
3919 3902 0
3903 3919 10
3919 3903 0
3904 3919 10
3919 3904 0
3905 3919 10
3919 3905 0
3906 3919 10
3919 3906 0
3907 3919 10
3919 3907 0
3908 3919 10
3919 3908 0
3909 3919 10
3919 3909 0
3910 3919 10
3919 3910 0
3911 3919 10
3919 3911 0
3912 3919 10
3919 3912 0
3913 3919 10
3919 3913 0
3914 3919 10
3919 3914 0
3915 3919 10
3919 3915 0
3916 3919 10
3919 3916 0
3917 3919 10
3919 3917 0
3918 3919 10
3919 3918 0
