3209 3208 164 6416
1 3209 1
3209 1 0
2 3209 1
3209 2 0
3 3209 1
3209 3 0
4 3209 1
3209 4 0
5 3209 1
3209 5 0
6 3209 1
3209 6 0
7 3209 1
3209 7 0
8 3209 1
3209 8 0
9 3209 1
3209 9 0
10 3209 1
3209 10 0
11 3209 1
3209 11 0
12 3209 1
3209 12 0
13 3209 1
3209 13 0
14 3209 1
3209 14 0
15 3209 1
3209 15 0
16 3209 1
3209 16 0
17 3209 1
3209 17 0
18 3209 1
3209 18 0
19 3209 1
3209 19 0
20 3209 1
3209 20 0
21 3209 1
3209 21 0
22 3209 1
3209 22 0
23 3209 1
3209 23 0
24 3209 1
3209 24 0
25 3209 1
3209 25 0
26 3209 1
3209 26 0
27 3209 1
3209 27 0
28 3209 1
3209 28 0
29 3209 1
3209 29 0
30 3209 1
3209 30 0
31 3209 1
3209 31 0
32 3209 1
3209 32 0
33 3209 1
3209 33 0
34 3209 1
3209 34 0
35 3209 1
3209 35 0
36 3209 1
3209 36 0
37 3209 1
3209 37 0
38 3209 1
3209 38 0
39 3209 1
3209 39 0
40 3209 1
3209 40 0
41 3209 1
3209 41 0
42 3209 1
3209 42 0
43 3209 1
3209 43 0
44 3209 1
3209 44 0
45 3209 1
3209 45 0
46 3209 1
3209 46 0
47 3209 1
3209 47 0
48 3209 1
3209 48 0
49 3209 1
3209 49 0
50 3209 1
3209 50 0
51 3209 1
3209 51 0
52 3209 1
3209 52 0
53 3209 1
3209 53 0
54 3209 1
3209 54 0
55 3209 1
3209 55 0
56 3209 1
3209 56 0
57 3209 1
3209 57 0
58 3209 1
3209 58 0
59 3209 1
3209 59 0
60 3209 1
3209 60 0
61 3209 1
3209 61 0
62 3209 1
3209 62 0
63 3209 1
3209 63 0
64 3209 1
3209 64 0
65 3209 1
3209 65 0
66 3209 1
3209 66 0
67 3209 1
3209 67 0
68 3209 1
3209 68 0
69 3209 1
3209 69 0
70 3209 1
3209 70 0
71 3209 1
3209 71 0
72 3209 1
3209 72 0
73 3209 1
3209 73 0
74 3209 1
3209 74 0
75 3209 1
3209 75 0
76 3209 1
3209 76 0
77 3209 1
3209 77 0
78 3209 1
3209 78 0
79 3209 1
3209 79 0
80 3209 1
3209 80 0
81 3209 1
3209 81 0
82 3209 1
3209 82 0
83 3209 1
3209 83 0
84 3209 1
3209 84 0
85 3209 1
3209 85 0
86 3209 1
3209 86 0
87 3209 1
3209 87 0
88 3209 1
3209 88 0
89 3209 1
3209 89 0
90 3209 1
3209 90 0
91 3209 1
3209 91 0
92 3209 1
3209 92 0
93 3209 1
3209 93 0
94 3209 1
3209 94 0
95 3209 1
3209 95 0
96 3209 1
3209 96 0
97 3209 1
3209 97 0
98 3209 1
3209 98 0
99 3209 1
3209 99 0
100 3209 1
3209 100 0
101 3209 1
3209 101 0
102 3209 1
3209 102 0
103 3209 1
3209 103 0
104 3209 1
3209 104 0
105 3209 1
3209 105 0
106 3209 1
3209 106 0
107 3209 1
3209 107 0
108 3209 1
3209 108 0
109 3209 1
3209 109 0
110 3209 1
3209 110 0
111 3209 1
3209 111 0
112 3209 1
3209 112 0
113 3209 1
3209 113 0
114 3209 1
3209 114 0
115 3209 1
3209 115 0
116 3209 1
3209 116 0
117 3209 1
3209 117 0
118 3209 1
3209 118 0
119 3209 1
3209 119 0
120 3209 1
3209 120 0
121 3209 1
3209 121 0
122 3209 1
3209 122 0
123 3209 1
3209 123 0
124 3209 1
3209 124 0
125 3209 1
3209 125 0
126 3209 1
3209 126 0
127 3209 1
3209 127 0
128 3209 1
3209 128 0
129 3209 1
3209 129 0
130 3209 1
3209 130 0
131 3209 1
3209 131 0
132 3209 1
3209 132 0
133 3209 1
3209 133 0
134 3209 1
3209 134 0
135 3209 1
3209 135 0
136 3209 1
3209 136 0
137 3209 1
3209 137 0
138 3209 1
3209 138 0
139 3209 1
3209 139 0
140 3209 1
3209 140 0
141 3209 1
3209 141 0
142 3209 1
3209 142 0
143 3209 1
3209 143 0
144 3209 1
3209 144 0
145 3209 1
3209 145 0
146 3209 1
3209 146 0
147 3209 1
3209 147 0
148 3209 1
3209 148 0
149 3209 1
3209 149 0
150 3209 1
3209 150 0
151 3209 1
3209 151 0
152 3209 1
3209 152 0
153 3209 1
3209 153 0
154 3209 1
3209 154 0
155 3209 1
3209 155 0
156 3209 1
3209 156 0
157 3209 1
3209 157 0
158 3209 1
3209 158 0
159 3209 1
3209 159 0
160 3209 1
3209 160 0
161 3209 1
3209 161 0
162 3209 1
3209 162 0
163 3209 1
3209 163 0
164 3209 1
3209 164 0
165 3209 1
3209 165 0
166 3209 1
3209 166 0
167 3209 1
3209 167 0
168 3209 1
3209 168 0
169 3209 1
3209 169 0
170 3209 1
3209 170 0
171 3209 1
3209 171 0
172 3209 1
3209 172 0
173 3209 1
3209 173 0
174 3209 1
3209 174 0
175 3209 1
3209 175 0
176 3209 1
3209 176 0
177 3209 1
3209 177 0
178 3209 1
3209 178 0
179 3209 1
3209 179 0
180 3209 1
3209 180 0
181 3209 1
3209 181 0
182 3209 1
3209 182 0
183 3209 1
3209 183 0
184 3209 1
3209 184 0
185 3209 1
3209 185 0
186 3209 1
3209 186 0
187 3209 1
3209 187 0
188 3209 1
3209 188 0
189 3209 1
3209 189 0
190 3209 1
3209 190 0
191 3209 1
3209 191 0
192 3209 1
3209 192 0
193 3209 1
3209 193 0
194 3209 1
3209 194 0
195 3209 1
3209 195 0
196 3209 1
3209 196 0
197 3209 1
3209 197 0
198 3209 1
3209 198 0
199 3209 1
3209 199 0
200 3209 1
3209 200 0
201 3209 1
3209 201 0
202 3209 1
3209 202 0
203 3209 1
3209 203 0
204 3209 1
3209 204 0
205 3209 1
3209 205 0
206 3209 1
3209 206 0
207 3209 1
3209 207 0
208 3209 1
3209 208 0
209 3209 1
3209 209 0
210 3209 1
3209 210 0
211 3209 1
3209 211 0
212 3209 1
3209 212 0
213 3209 1
3209 213 0
214 3209 1
3209 214 0
215 3209 1
3209 215 0
216 3209 1
3209 216 0
217 3209 1
3209 217 0
218 3209 1
3209 218 0
219 3209 1
3209 219 0
220 3209 1
3209 220 0
221 3209 1
3209 221 0
222 3209 1
3209 222 0
223 3209 1
3209 223 0
224 3209 1
3209 224 0
225 3209 1
3209 225 0
226 3209 1
3209 226 0
227 3209 1
3209 227 0
228 3209 1
3209 228 0
229 3209 1
3209 229 0
230 3209 1
3209 230 0
231 3209 1
3209 231 0
232 3209 1
3209 232 0
233 3209 1
3209 233 0
234 3209 1
3209 234 0
235 3209 1
3209 235 0
236 3209 1
3209 236 0
237 3209 1
3209 237 0
238 3209 1
3209 238 0
239 3209 1
3209 239 0
240 3209 1
3209 240 0
241 3209 1
3209 241 0
242 3209 1
3209 242 0
243 3209 1
3209 243 0
244 3209 1
3209 244 0
245 3209 1
3209 245 0
246 3209 1
3209 246 0
247 3209 1
3209 247 0
248 3209 1
3209 248 0
249 3209 1
3209 249 0
250 3209 1
3209 250 0
251 3209 1
3209 251 0
252 3209 1
3209 252 0
253 3209 1
3209 253 0
254 3209 1
3209 254 0
255 3209 1
3209 255 0
256 3209 1
3209 256 0
257 3209 1
3209 257 0
258 3209 1
3209 258 0
259 3209 1
3209 259 0
260 3209 1
3209 260 0
261 3209 1
3209 261 0
262 3209 1
3209 262 0
263 3209 1
3209 263 0
264 3209 1
3209 264 0
265 3209 1
3209 265 0
266 3209 1
3209 266 0
267 3209 1
3209 267 0
268 3209 1
3209 268 0
269 3209 1
3209 269 0
270 3209 1
3209 270 0
271 3209 1
3209 271 0
272 3209 1
3209 272 0
273 3209 1
3209 273 0
274 3209 1
3209 274 0
275 3209 1
3209 275 0
276 3209 1
3209 276 0
277 3209 1
3209 277 0
278 3209 1
3209 278 0
279 3209 1
3209 279 0
280 3209 1
3209 280 0
281 3209 1
3209 281 0
282 3209 1
3209 282 0
283 3209 1
3209 283 0
284 3209 1
3209 284 0
285 3209 1
3209 285 0
286 3209 1
3209 286 0
287 3209 1
3209 287 0
288 3209 1
3209 288 0
289 3209 1
3209 289 0
290 3209 1
3209 290 0
291 3209 1
3209 291 0
292 3209 1
3209 292 0
293 3209 1
3209 293 0
294 3209 1
3209 294 0
295 3209 1
3209 295 0
296 3209 1
3209 296 0
297 3209 1
3209 297 0
298 3209 1
3209 298 0
299 3209 1
3209 299 0
300 3209 1
3209 300 0
301 3209 1
3209 301 0
302 3209 1
3209 302 0
303 3209 1
3209 303 0
304 3209 1
3209 304 0
305 3209 1
3209 305 0
306 3209 1
3209 306 0
307 3209 1
3209 307 0
308 3209 1
3209 308 0
309 3209 1
3209 309 0
310 3209 1
3209 310 0
311 3209 1
3209 311 0
312 3209 1
3209 312 0
313 3209 1
3209 313 0
314 3209 1
3209 314 0
315 3209 1
3209 315 0
316 3209 1
3209 316 0
317 3209 1
3209 317 0
318 3209 1
3209 318 0
319 3209 1
3209 319 0
320 3209 1
3209 320 0
321 3209 1
3209 321 0
322 3209 1
3209 322 0
323 3209 1
3209 323 0
324 3209 1
3209 324 0
325 3209 1
3209 325 0
326 3209 1
3209 326 0
327 3209 1
3209 327 0
328 3209 1
3209 328 0
329 3209 1
3209 329 0
330 3209 1
3209 330 0
331 3209 1
3209 331 0
332 3209 1
3209 332 0
333 3209 1
3209 333 0
334 3209 1
3209 334 0
335 3209 1
3209 335 0
336 3209 1
3209 336 0
337 3209 1
3209 337 0
338 3209 1
3209 338 0
339 3209 1
3209 339 0
340 3209 1
3209 340 0
341 3209 1
3209 341 0
342 3209 1
3209 342 0
343 3209 1
3209 343 0
344 3209 1
3209 344 0
345 3209 1
3209 345 0
346 3209 1
3209 346 0
347 3209 1
3209 347 0
348 3209 1
3209 348 0
349 3209 1
3209 349 0
350 3209 1
3209 350 0
351 3209 1
3209 351 0
352 3209 1
3209 352 0
353 3209 1
3209 353 0
354 3209 1
3209 354 0
355 3209 1
3209 355 0
356 3209 1
3209 356 0
357 3209 1
3209 357 0
358 3209 1
3209 358 0
359 3209 1
3209 359 0
360 3209 1
3209 360 0
361 3209 1
3209 361 0
362 3209 1
3209 362 0
363 3209 1
3209 363 0
364 3209 1
3209 364 0
365 3209 1
3209 365 0
366 3209 1
3209 366 0
367 3209 1
3209 367 0
368 3209 1
3209 368 0
369 3209 1
3209 369 0
370 3209 1
3209 370 0
371 3209 1
3209 371 0
372 3209 1
3209 372 0
373 3209 1
3209 373 0
374 3209 1
3209 374 0
375 3209 1
3209 375 0
376 3209 1
3209 376 0
377 3209 1
3209 377 0
378 3209 1
3209 378 0
379 3209 1
3209 379 0
380 3209 1
3209 380 0
381 3209 1
3209 381 0
382 3209 1
3209 382 0
383 3209 1
3209 383 0
384 3209 1
3209 384 0
385 3209 1
3209 385 0
386 3209 1
3209 386 0
387 3209 1
3209 387 0
388 3209 1
3209 388 0
389 3209 1
3209 389 0
390 3209 1
3209 390 0
391 3209 1
3209 391 0
392 3209 1
3209 392 0
393 3209 1
3209 393 0
394 3209 1
3209 394 0
395 3209 1
3209 395 0
396 3209 1
3209 396 0
397 3209 1
3209 397 0
398 3209 1
3209 398 0
399 3209 1
3209 399 0
400 3209 1
3209 400 0
401 3209 1
3209 401 0
402 3209 1
3209 402 0
403 3209 1
3209 403 0
404 3209 1
3209 404 0
405 3209 1
3209 405 0
406 3209 1
3209 406 0
407 3209 1
3209 407 0
408 3209 1
3209 408 0
409 3209 1
3209 409 0
410 3209 1
3209 410 0
411 3209 1
3209 411 0
412 3209 1
3209 412 0
413 3209 1
3209 413 0
414 3209 1
3209 414 0
415 3209 1
3209 415 0
416 3209 1
3209 416 0
417 3209 1
3209 417 0
418 3209 1
3209 418 0
419 3209 1
3209 419 0
420 3209 1
3209 420 0
421 3209 1
3209 421 0
422 3209 1
3209 422 0
423 3209 1
3209 423 0
424 3209 1
3209 424 0
425 3209 1
3209 425 0
426 3209 1
3209 426 0
427 3209 1
3209 427 0
428 3209 1
3209 428 0
429 3209 1
3209 429 0
430 3209 1
3209 430 0
431 3209 1
3209 431 0
432 3209 1
3209 432 0
433 3209 1
3209 433 0
434 3209 1
3209 434 0
435 3209 1
3209 435 0
436 3209 1
3209 436 0
437 3209 1
3209 437 0
438 3209 1
3209 438 0
439 3209 1
3209 439 0
440 3209 1
3209 440 0
441 3209 1
3209 441 0
442 3209 1
3209 442 0
443 3209 1
3209 443 0
444 3209 1
3209 444 0
445 3209 1
3209 445 0
446 3209 1
3209 446 0
447 3209 1
3209 447 0
448 3209 1
3209 448 0
449 3209 1
3209 449 0
450 3209 1
3209 450 0
451 3209 1
3209 451 0
452 3209 1
3209 452 0
453 3209 1
3209 453 0
454 3209 1
3209 454 0
455 3209 1
3209 455 0
456 3209 1
3209 456 0
457 3209 1
3209 457 0
458 3209 1
3209 458 0
459 3209 1
3209 459 0
460 3209 1
3209 460 0
461 3209 1
3209 461 0
462 3209 1
3209 462 0
463 3209 1
3209 463 0
464 3209 1
3209 464 0
465 3209 1
3209 465 0
466 3209 1
3209 466 0
467 3209 1
3209 467 0
468 3209 1
3209 468 0
469 3209 1
3209 469 0
470 3209 1
3209 470 0
471 3209 1
3209 471 0
472 3209 1
3209 472 0
473 3209 1
3209 473 0
474 3209 1
3209 474 0
475 3209 1
3209 475 0
476 3209 1
3209 476 0
477 3209 1
3209 477 0
478 3209 1
3209 478 0
479 3209 1
3209 479 0
480 3209 1
3209 480 0
481 3209 1
3209 481 0
482 3209 1
3209 482 0
483 3209 1
3209 483 0
484 3209 1
3209 484 0
485 3209 1
3209 485 0
486 3209 1
3209 486 0
487 3209 1
3209 487 0
488 3209 1
3209 488 0
489 3209 1
3209 489 0
490 3209 1
3209 490 0
491 3209 1
3209 491 0
492 3209 1
3209 492 0
493 3209 1
3209 493 0
494 3209 1
3209 494 0
495 3209 1
3209 495 0
496 3209 1
3209 496 0
497 3209 1
3209 497 0
498 3209 1
3209 498 0
499 3209 1
3209 499 0
500 3209 1
3209 500 0
501 3209 1
3209 501 0
502 3209 1
3209 502 0
503 3209 1
3209 503 0
504 3209 1
3209 504 0
505 3209 1
3209 505 0
506 3209 1
3209 506 0
507 3209 1
3209 507 0
508 3209 1
3209 508 0
509 3209 1
3209 509 0
510 3209 1
3209 510 0
511 3209 1
3209 511 0
512 3209 1
3209 512 0
513 3209 1
3209 513 0
514 3209 1
3209 514 0
515 3209 1
3209 515 0
516 3209 1
3209 516 0
517 3209 1
3209 517 0
518 3209 1
3209 518 0
519 3209 1
3209 519 0
520 3209 1
3209 520 0
521 3209 1
3209 521 0
522 3209 1
3209 522 0
523 3209 1
3209 523 0
524 3209 1
3209 524 0
525 3209 1
3209 525 0
526 3209 1
3209 526 0
527 3209 1
3209 527 0
528 3209 1
3209 528 0
529 3209 1
3209 529 0
530 3209 1
3209 530 0
531 3209 1
3209 531 0
532 3209 1
3209 532 0
533 3209 1
3209 533 0
534 3209 1
3209 534 0
535 3209 1
3209 535 0
536 3209 1
3209 536 0
537 3209 1
3209 537 0
538 3209 1
3209 538 0
539 3209 1
3209 539 0
540 3209 1
3209 540 0
541 3209 1
3209 541 0
542 3209 1
3209 542 0
543 3209 1
3209 543 0
544 3209 1
3209 544 0
545 3209 1
3209 545 0
546 3209 1
3209 546 0
547 3209 1
3209 547 0
548 3209 1
3209 548 0
549 3209 1
3209 549 0
550 3209 1
3209 550 0
551 3209 1
3209 551 0
552 3209 1
3209 552 0
553 3209 1
3209 553 0
554 3209 1
3209 554 0
555 3209 1
3209 555 0
556 3209 1
3209 556 0
557 3209 1
3209 557 0
558 3209 1
3209 558 0
559 3209 1
3209 559 0
560 3209 1
3209 560 0
561 3209 1
3209 561 0
562 3209 1
3209 562 0
563 3209 1
3209 563 0
564 3209 1
3209 564 0
565 3209 1
3209 565 0
566 3209 1
3209 566 0
567 3209 1
3209 567 0
568 3209 1
3209 568 0
569 3209 1
3209 569 0
570 3209 1
3209 570 0
571 3209 1
3209 571 0
572 3209 1
3209 572 0
573 3209 1
3209 573 0
574 3209 1
3209 574 0
575 3209 1
3209 575 0
576 3209 1
3209 576 0
577 3209 1
3209 577 0
578 3209 1
3209 578 0
579 3209 1
3209 579 0
580 3209 1
3209 580 0
581 3209 1
3209 581 0
582 3209 1
3209 582 0
583 3209 1
3209 583 0
584 3209 1
3209 584 0
585 3209 1
3209 585 0
586 3209 1
3209 586 0
587 3209 1
3209 587 0
588 3209 1
3209 588 0
589 3209 1
3209 589 0
590 3209 1
3209 590 0
591 3209 1
3209 591 0
592 3209 1
3209 592 0
593 3209 1
3209 593 0
594 3209 1
3209 594 0
595 3209 1
3209 595 0
596 3209 1
3209 596 0
597 3209 1
3209 597 0
598 3209 1
3209 598 0
599 3209 1
3209 599 0
600 3209 1
3209 600 0
601 3209 1
3209 601 0
602 3209 1
3209 602 0
603 3209 1
3209 603 0
604 3209 1
3209 604 0
605 3209 1
3209 605 0
606 3209 1
3209 606 0
607 3209 1
3209 607 0
608 3209 1
3209 608 0
609 3209 1
3209 609 0
610 3209 1
3209 610 0
611 3209 1
3209 611 0
612 3209 1
3209 612 0
613 3209 1
3209 613 0
614 3209 1
3209 614 0
615 3209 1
3209 615 0
616 3209 1
3209 616 0
617 3209 1
3209 617 0
618 3209 1
3209 618 0
619 3209 1
3209 619 0
620 3209 1
3209 620 0
621 3209 1
3209 621 0
622 3209 1
3209 622 0
623 3209 1
3209 623 0
624 3209 1
3209 624 0
625 3209 1
3209 625 0
626 3209 1
3209 626 0
627 3209 1
3209 627 0
628 3209 1
3209 628 0
629 3209 1
3209 629 0
630 3209 1
3209 630 0
631 3209 1
3209 631 0
632 3209 1
3209 632 0
633 3209 1
3209 633 0
634 3209 1
3209 634 0
635 3209 1
3209 635 0
636 3209 1
3209 636 0
637 3209 1
3209 637 0
638 3209 1
3209 638 0
639 3209 1
3209 639 0
640 3209 1
3209 640 0
641 3209 1
3209 641 0
642 3209 1
3209 642 0
643 3209 1
3209 643 0
644 3209 1
3209 644 0
645 3209 1
3209 645 0
646 3209 1
3209 646 0
647 3209 1
3209 647 0
648 3209 1
3209 648 0
649 3209 1
3209 649 0
650 3209 1
3209 650 0
651 3209 1
3209 651 0
652 3209 1
3209 652 0
653 3209 1
3209 653 0
654 3209 1
3209 654 0
655 3209 1
3209 655 0
656 3209 1
3209 656 0
657 3209 1
3209 657 0
658 3209 1
3209 658 0
659 3209 1
3209 659 0
660 3209 1
3209 660 0
661 3209 1
3209 661 0
662 3209 1
3209 662 0
663 3209 1
3209 663 0
664 3209 1
3209 664 0
665 3209 1
3209 665 0
666 3209 1
3209 666 0
667 3209 1
3209 667 0
668 3209 1
3209 668 0
669 3209 1
3209 669 0
670 3209 1
3209 670 0
671 3209 1
3209 671 0
672 3209 1
3209 672 0
673 3209 1
3209 673 0
674 3209 1
3209 674 0
675 3209 1
3209 675 0
676 3209 1
3209 676 0
677 3209 1
3209 677 0
678 3209 1
3209 678 0
679 3209 1
3209 679 0
680 3209 1
3209 680 0
681 3209 1
3209 681 0
682 3209 1
3209 682 0
683 3209 1
3209 683 0
684 3209 1
3209 684 0
685 3209 1
3209 685 0
686 3209 1
3209 686 0
687 3209 1
3209 687 0
688 3209 1
3209 688 0
689 3209 1
3209 689 0
690 3209 1
3209 690 0
691 3209 1
3209 691 0
692 3209 1
3209 692 0
693 3209 1
3209 693 0
694 3209 1
3209 694 0
695 3209 1
3209 695 0
696 3209 1
3209 696 0
697 3209 1
3209 697 0
698 3209 1
3209 698 0
699 3209 1
3209 699 0
700 3209 1
3209 700 0
701 3209 1
3209 701 0
702 3209 1
3209 702 0
703 3209 1
3209 703 0
704 3209 1
3209 704 0
705 3209 1
3209 705 0
706 3209 1
3209 706 0
707 3209 1
3209 707 0
708 3209 1
3209 708 0
709 3209 1
3209 709 0
710 3209 1
3209 710 0
711 3209 1
3209 711 0
712 3209 1
3209 712 0
713 3209 1
3209 713 0
714 3209 1
3209 714 0
715 3209 1
3209 715 0
716 3209 1
3209 716 0
717 3209 1
3209 717 0
718 3209 1
3209 718 0
719 3209 1
3209 719 0
720 3209 1
3209 720 0
721 3209 1
3209 721 0
722 3209 1
3209 722 0
723 3209 1
3209 723 0
724 3209 1
3209 724 0
725 3209 1
3209 725 0
726 3209 1
3209 726 0
727 3209 1
3209 727 0
728 3209 1
3209 728 0
729 3209 1
3209 729 0
730 3209 1
3209 730 0
731 3209 1
3209 731 0
732 3209 1
3209 732 0
733 3209 1
3209 733 0
734 3209 1
3209 734 0
735 3209 1
3209 735 0
736 3209 1
3209 736 0
737 3209 1
3209 737 0
738 3209 1
3209 738 0
739 3209 1
3209 739 0
740 3209 1
3209 740 0
741 3209 1
3209 741 0
742 3209 1
3209 742 0
743 3209 1
3209 743 0
744 3209 1
3209 744 0
745 3209 1
3209 745 0
746 3209 1
3209 746 0
747 3209 1
3209 747 0
748 3209 1
3209 748 0
749 3209 1
3209 749 0
750 3209 1
3209 750 0
751 3209 1
3209 751 0
752 3209 1
3209 752 0
753 3209 1
3209 753 0
754 3209 1
3209 754 0
755 3209 1
3209 755 0
756 3209 1
3209 756 0
757 3209 1
3209 757 0
758 3209 1
3209 758 0
759 3209 1
3209 759 0
760 3209 1
3209 760 0
761 3209 1
3209 761 0
762 3209 1
3209 762 0
763 3209 1
3209 763 0
764 3209 1
3209 764 0
765 3209 1
3209 765 0
766 3209 1
3209 766 0
767 3209 1
3209 767 0
768 3209 1
3209 768 0
769 3209 1
3209 769 0
770 3209 1
3209 770 0
771 3209 1
3209 771 0
772 3209 1
3209 772 0
773 3209 1
3209 773 0
774 3209 1
3209 774 0
775 3209 1
3209 775 0
776 3209 1
3209 776 0
777 3209 1
3209 777 0
778 3209 1
3209 778 0
779 3209 1
3209 779 0
780 3209 1
3209 780 0
781 3209 1
3209 781 0
782 3209 1
3209 782 0
783 3209 1
3209 783 0
784 3209 1
3209 784 0
785 3209 1
3209 785 0
786 3209 1
3209 786 0
787 3209 1
3209 787 0
788 3209 1
3209 788 0
789 3209 1
3209 789 0
790 3209 1
3209 790 0
791 3209 1
3209 791 0
792 3209 1
3209 792 0
793 3209 1
3209 793 0
794 3209 1
3209 794 0
795 3209 1
3209 795 0
796 3209 1
3209 796 0
797 3209 1
3209 797 0
798 3209 1
3209 798 0
799 3209 1
3209 799 0
800 3209 1
3209 800 0
801 3209 1
3209 801 0
802 3209 1
3209 802 0
803 3209 1
3209 803 0
804 3209 1
3209 804 0
805 3209 1
3209 805 0
806 3209 1
3209 806 0
807 3209 1
3209 807 0
808 3209 1
3209 808 0
809 3209 1
3209 809 0
810 3209 1
3209 810 0
811 3209 1
3209 811 0
812 3209 1
3209 812 0
813 3209 1
3209 813 0
814 3209 1
3209 814 0
815 3209 1
3209 815 0
816 3209 1
3209 816 0
817 3209 1
3209 817 0
818 3209 1
3209 818 0
819 3209 1
3209 819 0
820 3209 1
3209 820 0
821 3209 1
3209 821 0
822 3209 1
3209 822 0
823 3209 1
3209 823 0
824 3209 1
3209 824 0
825 3209 1
3209 825 0
826 3209 1
3209 826 0
827 3209 1
3209 827 0
828 3209 1
3209 828 0
829 3209 1
3209 829 0
830 3209 1
3209 830 0
831 3209 1
3209 831 0
832 3209 1
3209 832 0
833 3209 1
3209 833 0
834 3209 1
3209 834 0
835 3209 1
3209 835 0
836 3209 1
3209 836 0
837 3209 1
3209 837 0
838 3209 1
3209 838 0
839 3209 1
3209 839 0
840 3209 1
3209 840 0
841 3209 1
3209 841 0
842 3209 1
3209 842 0
843 3209 1
3209 843 0
844 3209 1
3209 844 0
845 3209 1
3209 845 0
846 3209 1
3209 846 0
847 3209 1
3209 847 0
848 3209 1
3209 848 0
849 3209 1
3209 849 0
850 3209 1
3209 850 0
851 3209 1
3209 851 0
852 3209 1
3209 852 0
853 3209 1
3209 853 0
854 3209 1
3209 854 0
855 3209 1
3209 855 0
856 3209 1
3209 856 0
857 3209 1
3209 857 0
858 3209 1
3209 858 0
859 3209 1
3209 859 0
860 3209 1
3209 860 0
861 3209 1
3209 861 0
862 3209 1
3209 862 0
863 3209 1
3209 863 0
864 3209 1
3209 864 0
865 3209 1
3209 865 0
866 3209 1
3209 866 0
867 3209 1
3209 867 0
868 3209 1
3209 868 0
869 3209 1
3209 869 0
870 3209 1
3209 870 0
871 3209 1
3209 871 0
872 3209 1
3209 872 0
873 3209 1
3209 873 0
874 3209 1
3209 874 0
875 3209 1
3209 875 0
876 3209 1
3209 876 0
877 3209 1
3209 877 0
878 3209 1
3209 878 0
879 3209 1
3209 879 0
880 3209 1
3209 880 0
881 3209 1
3209 881 0
882 3209 1
3209 882 0
883 3209 1
3209 883 0
884 3209 1
3209 884 0
885 3209 1
3209 885 0
886 3209 1
3209 886 0
887 3209 1
3209 887 0
888 3209 1
3209 888 0
889 3209 1
3209 889 0
890 3209 1
3209 890 0
891 3209 1
3209 891 0
892 3209 1
3209 892 0
893 3209 1
3209 893 0
894 3209 1
3209 894 0
895 3209 1
3209 895 0
896 3209 1
3209 896 0
897 3209 1
3209 897 0
898 3209 1
3209 898 0
899 3209 1
3209 899 0
900 3209 1
3209 900 0
901 3209 1
3209 901 0
902 3209 1
3209 902 0
903 3209 1
3209 903 0
904 3209 1
3209 904 0
905 3209 1
3209 905 0
906 3209 1
3209 906 0
907 3209 1
3209 907 0
908 3209 1
3209 908 0
909 3209 1
3209 909 0
910 3209 1
3209 910 0
911 3209 1
3209 911 0
912 3209 1
3209 912 0
913 3209 1
3209 913 0
914 3209 1
3209 914 0
915 3209 1
3209 915 0
916 3209 1
3209 916 0
917 3209 1
3209 917 0
918 3209 1
3209 918 0
919 3209 1
3209 919 0
920 3209 1
3209 920 0
921 3209 1
3209 921 0
922 3209 1
3209 922 0
923 3209 1
3209 923 0
924 3209 1
3209 924 0
925 3209 1
3209 925 0
926 3209 1
3209 926 0
927 3209 1
3209 927 0
928 3209 1
3209 928 0
929 3209 1
3209 929 0
930 3209 1
3209 930 0
931 3209 1
3209 931 0
932 3209 1
3209 932 0
933 3209 1
3209 933 0
934 3209 1
3209 934 0
935 3209 1
3209 935 0
936 3209 1
3209 936 0
937 3209 1
3209 937 0
938 3209 1
3209 938 0
939 3209 1
3209 939 0
940 3209 1
3209 940 0
941 3209 1
3209 941 0
942 3209 1
3209 942 0
943 3209 1
3209 943 0
944 3209 1
3209 944 0
945 3209 1
3209 945 0
946 3209 1
3209 946 0
947 3209 1
3209 947 0
948 3209 1
3209 948 0
949 3209 1
3209 949 0
950 3209 1
3209 950 0
951 3209 1
3209 951 0
952 3209 1
3209 952 0
953 3209 1
3209 953 0
954 3209 1
3209 954 0
955 3209 1
3209 955 0
956 3209 1
3209 956 0
957 3209 1
3209 957 0
958 3209 1
3209 958 0
959 3209 1
3209 959 0
960 3209 1
3209 960 0
961 3209 1
3209 961 0
962 3209 1
3209 962 0
963 3209 1
3209 963 0
964 3209 1
3209 964 0
965 3209 1
3209 965 0
966 3209 1
3209 966 0
967 3209 1
3209 967 0
968 3209 1
3209 968 0
969 3209 1
3209 969 0
970 3209 1
3209 970 0
971 3209 1
3209 971 0
972 3209 1
3209 972 0
973 3209 1
3209 973 0
974 3209 1
3209 974 0
975 3209 1
3209 975 0
976 3209 1
3209 976 0
977 3209 1
3209 977 0
978 3209 1
3209 978 0
979 3209 1
3209 979 0
980 3209 1
3209 980 0
981 3209 1
3209 981 0
982 3209 1
3209 982 0
983 3209 1
3209 983 0
984 3209 1
3209 984 0
985 3209 1
3209 985 0
986 3209 1
3209 986 0
987 3209 1
3209 987 0
988 3209 1
3209 988 0
989 3209 1
3209 989 0
990 3209 1
3209 990 0
991 3209 1
3209 991 0
992 3209 1
3209 992 0
993 3209 1
3209 993 0
994 3209 1
3209 994 0
995 3209 1
3209 995 0
996 3209 1
3209 996 0
997 3209 1
3209 997 0
998 3209 1
3209 998 0
999 3209 1
3209 999 0
1000 3209 1
3209 1000 0
1001 3209 1
3209 1001 0
1002 3209 1
3209 1002 0
1003 3209 1
3209 1003 0
1004 3209 1
3209 1004 0
1005 3209 1
3209 1005 0
1006 3209 1
3209 1006 0
1007 3209 1
3209 1007 0
1008 3209 1
3209 1008 0
1009 3209 1
3209 1009 0
1010 3209 1
3209 1010 0
1011 3209 1
3209 1011 0
1012 3209 1
3209 1012 0
1013 3209 1
3209 1013 0
1014 3209 1
3209 1014 0
1015 3209 1
3209 1015 0
1016 3209 1
3209 1016 0
1017 3209 1
3209 1017 0
1018 3209 1
3209 1018 0
1019 3209 1
3209 1019 0
1020 3209 1
3209 1020 0
1021 3209 1
3209 1021 0
1022 3209 1
3209 1022 0
1023 3209 1
3209 1023 0
1024 3209 1
3209 1024 0
1025 3209 1
3209 1025 0
1026 3209 1
3209 1026 0
1027 3209 1
3209 1027 0
1028 3209 1
3209 1028 0
1029 3209 1
3209 1029 0
1030 3209 1
3209 1030 0
1031 3209 1
3209 1031 0
1032 3209 1
3209 1032 0
1033 3209 1
3209 1033 0
1034 3209 1
3209 1034 0
1035 3209 1
3209 1035 0
1036 3209 1
3209 1036 0
1037 3209 1
3209 1037 0
1038 3209 1
3209 1038 0
1039 3209 1
3209 1039 0
1040 3209 1
3209 1040 0
1041 3209 1
3209 1041 0
1042 3209 1
3209 1042 0
1043 3209 1
3209 1043 0
1044 3209 1
3209 1044 0
1045 3209 1
3209 1045 0
1046 3209 1
3209 1046 0
1047 3209 1
3209 1047 0
1048 3209 1
3209 1048 0
1049 3209 1
3209 1049 0
1050 3209 1
3209 1050 0
1051 3209 1
3209 1051 0
1052 3209 1
3209 1052 0
1053 3209 1
3209 1053 0
1054 3209 1
3209 1054 0
1055 3209 1
3209 1055 0
1056 3209 1
3209 1056 0
1057 3209 1
3209 1057 0
1058 3209 1
3209 1058 0
1059 3209 1
3209 1059 0
1060 3209 1
3209 1060 0
1061 3209 1
3209 1061 0
1062 3209 1
3209 1062 0
1063 3209 1
3209 1063 0
1064 3209 1
3209 1064 0
1065 3209 1
3209 1065 0
1066 3209 1
3209 1066 0
1067 3209 1
3209 1067 0
1068 3209 1
3209 1068 0
1069 3209 1
3209 1069 0
1070 3209 1
3209 1070 0
1071 3209 1
3209 1071 0
1072 3209 1
3209 1072 0
1073 3209 1
3209 1073 0
1074 3209 1
3209 1074 0
1075 3209 1
3209 1075 0
1076 3209 1
3209 1076 0
1077 3209 1
3209 1077 0
1078 3209 1
3209 1078 0
1079 3209 1
3209 1079 0
1080 3209 1
3209 1080 0
1081 3209 1
3209 1081 0
1082 3209 1
3209 1082 0
1083 3209 1
3209 1083 0
1084 3209 1
3209 1084 0
1085 3209 1
3209 1085 0
1086 3209 1
3209 1086 0
1087 3209 1
3209 1087 0
1088 3209 1
3209 1088 0
1089 3209 1
3209 1089 0
1090 3209 1
3209 1090 0
1091 3209 1
3209 1091 0
1092 3209 1
3209 1092 0
1093 3209 1
3209 1093 0
1094 3209 1
3209 1094 0
1095 3209 1
3209 1095 0
1096 3209 1
3209 1096 0
1097 3209 1
3209 1097 0
1098 3209 1
3209 1098 0
1099 3209 1
3209 1099 0
1100 3209 1
3209 1100 0
1101 3209 1
3209 1101 0
1102 3209 1
3209 1102 0
1103 3209 1
3209 1103 0
1104 3209 1
3209 1104 0
1105 3209 1
3209 1105 0
1106 3209 1
3209 1106 0
1107 3209 1
3209 1107 0
1108 3209 1
3209 1108 0
1109 3209 1
3209 1109 0
1110 3209 1
3209 1110 0
1111 3209 1
3209 1111 0
1112 3209 1
3209 1112 0
1113 3209 1
3209 1113 0
1114 3209 1
3209 1114 0
1115 3209 1
3209 1115 0
1116 3209 1
3209 1116 0
1117 3209 1
3209 1117 0
1118 3209 1
3209 1118 0
1119 3209 1
3209 1119 0
1120 3209 1
3209 1120 0
1121 3209 1
3209 1121 0
1122 3209 1
3209 1122 0
1123 3209 1
3209 1123 0
1124 3209 1
3209 1124 0
1125 3209 1
3209 1125 0
1126 3209 1
3209 1126 0
1127 3209 1
3209 1127 0
1128 3209 1
3209 1128 0
1129 3209 1
3209 1129 0
1130 3209 1
3209 1130 0
1131 3209 1
3209 1131 0
1132 3209 1
3209 1132 0
1133 3209 1
3209 1133 0
1134 3209 1
3209 1134 0
1135 3209 1
3209 1135 0
1136 3209 1
3209 1136 0
1137 3209 1
3209 1137 0
1138 3209 1
3209 1138 0
1139 3209 1
3209 1139 0
1140 3209 1
3209 1140 0
1141 3209 1
3209 1141 0
1142 3209 1
3209 1142 0
1143 3209 1
3209 1143 0
1144 3209 1
3209 1144 0
1145 3209 1
3209 1145 0
1146 3209 1
3209 1146 0
1147 3209 1
3209 1147 0
1148 3209 1
3209 1148 0
1149 3209 1
3209 1149 0
1150 3209 1
3209 1150 0
1151 3209 1
3209 1151 0
1152 3209 1
3209 1152 0
1153 3209 1
3209 1153 0
1154 3209 1
3209 1154 0
1155 3209 1
3209 1155 0
1156 3209 1
3209 1156 0
1157 3209 1
3209 1157 0
1158 3209 1
3209 1158 0
1159 3209 1
3209 1159 0
1160 3209 1
3209 1160 0
1161 3209 1
3209 1161 0
1162 3209 1
3209 1162 0
1163 3209 1
3209 1163 0
1164 3209 1
3209 1164 0
1165 3209 1
3209 1165 0
1166 3209 1
3209 1166 0
1167 3209 1
3209 1167 0
1168 3209 1
3209 1168 0
1169 3209 1
3209 1169 0
1170 3209 1
3209 1170 0
1171 3209 1
3209 1171 0
1172 3209 1
3209 1172 0
1173 3209 1
3209 1173 0
1174 3209 1
3209 1174 0
1175 3209 1
3209 1175 0
1176 3209 1
3209 1176 0
1177 3209 1
3209 1177 0
1178 3209 1
3209 1178 0
1179 3209 1
3209 1179 0
1180 3209 1
3209 1180 0
1181 3209 1
3209 1181 0
1182 3209 1
3209 1182 0
1183 3209 1
3209 1183 0
1184 3209 1
3209 1184 0
1185 3209 1
3209 1185 0
1186 3209 1
3209 1186 0
1187 3209 1
3209 1187 0
1188 3209 1
3209 1188 0
1189 3209 1
3209 1189 0
1190 3209 1
3209 1190 0
1191 3209 1
3209 1191 0
1192 3209 1
3209 1192 0
1193 3209 1
3209 1193 0
1194 3209 1
3209 1194 0
1195 3209 1
3209 1195 0
1196 3209 1
3209 1196 0
1197 3209 1
3209 1197 0
1198 3209 1
3209 1198 0
1199 3209 1
3209 1199 0
1200 3209 1
3209 1200 0
1201 3209 1
3209 1201 0
1202 3209 1
3209 1202 0
1203 3209 1
3209 1203 0
1204 3209 1
3209 1204 0
1205 3209 1
3209 1205 0
1206 3209 1
3209 1206 0
1207 3209 1
3209 1207 0
1208 3209 1
3209 1208 0
1209 3209 1
3209 1209 0
1210 3209 1
3209 1210 0
1211 3209 1
3209 1211 0
1212 3209 1
3209 1212 0
1213 3209 1
3209 1213 0
1214 3209 1
3209 1214 0
1215 3209 1
3209 1215 0
1216 3209 1
3209 1216 0
1217 3209 1
3209 1217 0
1218 3209 1
3209 1218 0
1219 3209 1
3209 1219 0
1220 3209 1
3209 1220 0
1221 3209 1
3209 1221 0
1222 3209 1
3209 1222 0
1223 3209 1
3209 1223 0
1224 3209 1
3209 1224 0
1225 3209 1
3209 1225 0
1226 3209 1
3209 1226 0
1227 3209 1
3209 1227 0
1228 3209 1
3209 1228 0
1229 3209 1
3209 1229 0
1230 3209 1
3209 1230 0
1231 3209 1
3209 1231 0
1232 3209 1
3209 1232 0
1233 3209 1
3209 1233 0
1234 3209 1
3209 1234 0
1235 3209 1
3209 1235 0
1236 3209 1
3209 1236 0
1237 3209 1
3209 1237 0
1238 3209 1
3209 1238 0
1239 3209 1
3209 1239 0
1240 3209 1
3209 1240 0
1241 3209 1
3209 1241 0
1242 3209 1
3209 1242 0
1243 3209 1
3209 1243 0
1244 3209 1
3209 1244 0
1245 3209 1
3209 1245 0
1246 3209 1
3209 1246 0
1247 3209 1
3209 1247 0
1248 3209 1
3209 1248 0
1249 3209 1
3209 1249 0
1250 3209 1
3209 1250 0
1251 3209 1
3209 1251 0
1252 3209 1
3209 1252 0
1253 3209 1
3209 1253 0
1254 3209 1
3209 1254 0
1255 3209 1
3209 1255 0
1256 3209 1
3209 1256 0
1257 3209 1
3209 1257 0
1258 3209 1
3209 1258 0
1259 3209 1
3209 1259 0
1260 3209 1
3209 1260 0
1261 3209 1
3209 1261 0
1262 3209 1
3209 1262 0
1263 3209 1
3209 1263 0
1264 3209 1
3209 1264 0
1265 3209 1
3209 1265 0
1266 3209 1
3209 1266 0
1267 3209 1
3209 1267 0
1268 3209 1
3209 1268 0
1269 3209 1
3209 1269 0
1270 3209 1
3209 1270 0
1271 3209 1
3209 1271 0
1272 3209 1
3209 1272 0
1273 3209 1
3209 1273 0
1274 3209 1
3209 1274 0
1275 3209 1
3209 1275 0
1276 3209 1
3209 1276 0
1277 3209 1
3209 1277 0
1278 3209 1
3209 1278 0
1279 3209 1
3209 1279 0
1280 3209 1
3209 1280 0
1281 3209 1
3209 1281 0
1282 3209 1
3209 1282 0
1283 3209 1
3209 1283 0
1284 3209 1
3209 1284 0
1285 3209 1
3209 1285 0
1286 3209 1
3209 1286 0
1287 3209 1
3209 1287 0
1288 3209 1
3209 1288 0
1289 3209 1
3209 1289 0
1290 3209 1
3209 1290 0
1291 3209 1
3209 1291 0
1292 3209 1
3209 1292 0
1293 3209 1
3209 1293 0
1294 3209 1
3209 1294 0
1295 3209 1
3209 1295 0
1296 3209 1
3209 1296 0
1297 3209 1
3209 1297 0
1298 3209 1
3209 1298 0
1299 3209 1
3209 1299 0
1300 3209 1
3209 1300 0
1301 3209 1
3209 1301 0
1302 3209 1
3209 1302 0
1303 3209 1
3209 1303 0
1304 3209 1
3209 1304 0
1305 3209 1
3209 1305 0
1306 3209 1
3209 1306 0
1307 3209 1
3209 1307 0
1308 3209 1
3209 1308 0
1309 3209 1
3209 1309 0
1310 3209 1
3209 1310 0
1311 3209 1
3209 1311 0
1312 3209 1
3209 1312 0
1313 3209 1
3209 1313 0
1314 3209 1
3209 1314 0
1315 3209 1
3209 1315 0
1316 3209 1
3209 1316 0
1317 3209 1
3209 1317 0
1318 3209 1
3209 1318 0
1319 3209 1
3209 1319 0
1320 3209 1
3209 1320 0
1321 3209 1
3209 1321 0
1322 3209 1
3209 1322 0
1323 3209 1
3209 1323 0
1324 3209 1
3209 1324 0
1325 3209 1
3209 1325 0
1326 3209 1
3209 1326 0
1327 3209 1
3209 1327 0
1328 3209 1
3209 1328 0
1329 3209 1
3209 1329 0
1330 3209 1
3209 1330 0
1331 3209 1
3209 1331 0
1332 3209 1
3209 1332 0
1333 3209 1
3209 1333 0
1334 3209 1
3209 1334 0
1335 3209 1
3209 1335 0
1336 3209 1
3209 1336 0
1337 3209 1
3209 1337 0
1338 3209 1
3209 1338 0
1339 3209 1
3209 1339 0
1340 3209 1
3209 1340 0
1341 3209 1
3209 1341 0
1342 3209 1
3209 1342 0
1343 3209 1
3209 1343 0
1344 3209 1
3209 1344 0
1345 3209 1
3209 1345 0
1346 3209 1
3209 1346 0
1347 3209 1
3209 1347 0
1348 3209 1
3209 1348 0
1349 3209 1
3209 1349 0
1350 3209 1
3209 1350 0
1351 3209 1
3209 1351 0
1352 3209 1
3209 1352 0
1353 3209 1
3209 1353 0
1354 3209 1
3209 1354 0
1355 3209 1
3209 1355 0
1356 3209 1
3209 1356 0
1357 3209 1
3209 1357 0
1358 3209 1
3209 1358 0
1359 3209 1
3209 1359 0
1360 3209 1
3209 1360 0
1361 3209 1
3209 1361 0
1362 3209 1
3209 1362 0
1363 3209 1
3209 1363 0
1364 3209 1
3209 1364 0
1365 3209 1
3209 1365 0
1366 3209 1
3209 1366 0
1367 3209 1
3209 1367 0
1368 3209 1
3209 1368 0
1369 3209 1
3209 1369 0
1370 3209 1
3209 1370 0
1371 3209 1
3209 1371 0
1372 3209 1
3209 1372 0
1373 3209 1
3209 1373 0
1374 3209 1
3209 1374 0
1375 3209 1
3209 1375 0
1376 3209 1
3209 1376 0
1377 3209 1
3209 1377 0
1378 3209 1
3209 1378 0
1379 3209 1
3209 1379 0
1380 3209 1
3209 1380 0
1381 3209 1
3209 1381 0
1382 3209 1
3209 1382 0
1383 3209 1
3209 1383 0
1384 3209 1
3209 1384 0
1385 3209 1
3209 1385 0
1386 3209 1
3209 1386 0
1387 3209 1
3209 1387 0
1388 3209 1
3209 1388 0
1389 3209 1
3209 1389 0
1390 3209 1
3209 1390 0
1391 3209 1
3209 1391 0
1392 3209 1
3209 1392 0
1393 3209 1
3209 1393 0
1394 3209 1
3209 1394 0
1395 3209 1
3209 1395 0
1396 3209 1
3209 1396 0
1397 3209 1
3209 1397 0
1398 3209 1
3209 1398 0
1399 3209 1
3209 1399 0
1400 3209 1
3209 1400 0
1401 3209 1
3209 1401 0
1402 3209 1
3209 1402 0
1403 3209 1
3209 1403 0
1404 3209 1
3209 1404 0
1405 3209 1
3209 1405 0
1406 3209 1
3209 1406 0
1407 3209 1
3209 1407 0
1408 3209 1
3209 1408 0
1409 3209 1
3209 1409 0
1410 3209 1
3209 1410 0
1411 3209 1
3209 1411 0
1412 3209 1
3209 1412 0
1413 3209 1
3209 1413 0
1414 3209 1
3209 1414 0
1415 3209 1
3209 1415 0
1416 3209 1
3209 1416 0
1417 3209 1
3209 1417 0
1418 3209 1
3209 1418 0
1419 3209 1
3209 1419 0
1420 3209 1
3209 1420 0
1421 3209 1
3209 1421 0
1422 3209 1
3209 1422 0
1423 3209 1
3209 1423 0
1424 3209 1
3209 1424 0
1425 3209 1
3209 1425 0
1426 3209 1
3209 1426 0
1427 3209 1
3209 1427 0
1428 3209 1
3209 1428 0
1429 3209 1
3209 1429 0
1430 3209 1
3209 1430 0
1431 3209 1
3209 1431 0
1432 3209 1
3209 1432 0
1433 3209 1
3209 1433 0
1434 3209 1
3209 1434 0
1435 3209 1
3209 1435 0
1436 3209 1
3209 1436 0
1437 3209 1
3209 1437 0
1438 3209 1
3209 1438 0
1439 3209 1
3209 1439 0
1440 3209 1
3209 1440 0
1441 3209 1
3209 1441 0
1442 3209 1
3209 1442 0
1443 3209 1
3209 1443 0
1444 3209 1
3209 1444 0
1445 3209 1
3209 1445 0
1446 3209 1
3209 1446 0
1447 3209 1
3209 1447 0
1448 3209 1
3209 1448 0
1449 3209 1
3209 1449 0
1450 3209 1
3209 1450 0
1451 3209 1
3209 1451 0
1452 3209 1
3209 1452 0
1453 3209 1
3209 1453 0
1454 3209 1
3209 1454 0
1455 3209 1
3209 1455 0
1456 3209 1
3209 1456 0
1457 3209 1
3209 1457 0
1458 3209 1
3209 1458 0
1459 3209 1
3209 1459 0
1460 3209 1
3209 1460 0
1461 3209 1
3209 1461 0
1462 3209 1
3209 1462 0
1463 3209 1
3209 1463 0
1464 3209 1
3209 1464 0
1465 3209 1
3209 1465 0
1466 3209 1
3209 1466 0
1467 3209 1
3209 1467 0
1468 3209 1
3209 1468 0
1469 3209 1
3209 1469 0
1470 3209 1
3209 1470 0
1471 3209 1
3209 1471 0
1472 3209 1
3209 1472 0
1473 3209 1
3209 1473 0
1474 3209 1
3209 1474 0
1475 3209 1
3209 1475 0
1476 3209 1
3209 1476 0
1477 3209 1
3209 1477 0
1478 3209 1
3209 1478 0
1479 3209 1
3209 1479 0
1480 3209 1
3209 1480 0
1481 3209 1
3209 1481 0
1482 3209 1
3209 1482 0
1483 3209 1
3209 1483 0
1484 3209 1
3209 1484 0
1485 3209 1
3209 1485 0
1486 3209 1
3209 1486 0
1487 3209 1
3209 1487 0
1488 3209 1
3209 1488 0
1489 3209 1
3209 1489 0
1490 3209 1
3209 1490 0
1491 3209 1
3209 1491 0
1492 3209 1
3209 1492 0
1493 3209 1
3209 1493 0
1494 3209 1
3209 1494 0
1495 3209 1
3209 1495 0
1496 3209 1
3209 1496 0
1497 3209 1
3209 1497 0
1498 3209 1
3209 1498 0
1499 3209 1
3209 1499 0
1500 3209 1
3209 1500 0
1501 3209 1
3209 1501 0
1502 3209 1
3209 1502 0
1503 3209 1
3209 1503 0
1504 3209 1
3209 1504 0
1505 3209 1
3209 1505 0
1506 3209 1
3209 1506 0
1507 3209 1
3209 1507 0
1508 3209 1
3209 1508 0
1509 3209 1
3209 1509 0
1510 3209 1
3209 1510 0
1511 3209 1
3209 1511 0
1512 3209 1
3209 1512 0
1513 3209 1
3209 1513 0
1514 3209 1
3209 1514 0
1515 3209 1
3209 1515 0
1516 3209 1
3209 1516 0
1517 3209 1
3209 1517 0
1518 3209 1
3209 1518 0
1519 3209 1
3209 1519 0
1520 3209 1
3209 1520 0
1521 3209 1
3209 1521 0
1522 3209 1
3209 1522 0
1523 3209 1
3209 1523 0
1524 3209 1
3209 1524 0
1525 3209 1
3209 1525 0
1526 3209 1
3209 1526 0
1527 3209 1
3209 1527 0
1528 3209 1
3209 1528 0
1529 3209 1
3209 1529 0
1530 3209 1
3209 1530 0
1531 3209 1
3209 1531 0
1532 3209 1
3209 1532 0
1533 3209 1
3209 1533 0
1534 3209 1
3209 1534 0
1535 3209 1
3209 1535 0
1536 3209 1
3209 1536 0
1537 3209 1
3209 1537 0
1538 3209 1
3209 1538 0
1539 3209 1
3209 1539 0
1540 3209 1
3209 1540 0
1541 3209 1
3209 1541 0
1542 3209 1
3209 1542 0
1543 3209 1
3209 1543 0
1544 3209 1
3209 1544 0
1545 3209 1
3209 1545 0
1546 3209 1
3209 1546 0
1547 3209 1
3209 1547 0
1548 3209 1
3209 1548 0
1549 3209 1
3209 1549 0
1550 3209 1
3209 1550 0
1551 3209 1
3209 1551 0
1552 3209 1
3209 1552 0
1553 3209 1
3209 1553 0
1554 3209 1
3209 1554 0
1555 3209 1
3209 1555 0
1556 3209 1
3209 1556 0
1557 3209 1
3209 1557 0
1558 3209 1
3209 1558 0
1559 3209 1
3209 1559 0
1560 3209 1
3209 1560 0
1561 3209 1
3209 1561 0
1562 3209 1
3209 1562 0
1563 3209 1
3209 1563 0
1564 3209 1
3209 1564 0
1565 3209 1
3209 1565 0
1566 3209 1
3209 1566 0
1567 3209 1
3209 1567 0
1568 3209 1
3209 1568 0
1569 3209 1
3209 1569 0
1570 3209 1
3209 1570 0
1571 3209 1
3209 1571 0
1572 3209 1
3209 1572 0
1573 3209 1
3209 1573 0
1574 3209 1
3209 1574 0
1575 3209 1
3209 1575 0
1576 3209 1
3209 1576 0
1577 3209 1
3209 1577 0
1578 3209 1
3209 1578 0
1579 3209 1
3209 1579 0
1580 3209 1
3209 1580 0
1581 3209 1
3209 1581 0
1582 3209 1
3209 1582 0
1583 3209 1
3209 1583 0
1584 3209 1
3209 1584 0
1585 3209 1
3209 1585 0
1586 3209 1
3209 1586 0
1587 3209 1
3209 1587 0
1588 3209 1
3209 1588 0
1589 3209 1
3209 1589 0
1590 3209 1
3209 1590 0
1591 3209 1
3209 1591 0
1592 3209 1
3209 1592 0
1593 3209 1
3209 1593 0
1594 3209 1
3209 1594 0
1595 3209 1
3209 1595 0
1596 3209 1
3209 1596 0
1597 3209 1
3209 1597 0
1598 3209 1
3209 1598 0
1599 3209 1
3209 1599 0
1600 3209 1
3209 1600 0
1601 3209 1
3209 1601 0
1602 3209 1
3209 1602 0
1603 3209 1
3209 1603 0
1604 3209 1
3209 1604 0
1605 3209 1
3209 1605 0
1606 3209 1
3209 1606 0
1607 3209 1
3209 1607 0
1608 3209 1
3209 1608 0
1609 3209 1
3209 1609 0
1610 3209 1
3209 1610 0
1611 3209 1
3209 1611 0
1612 3209 1
3209 1612 0
1613 3209 1
3209 1613 0
1614 3209 1
3209 1614 0
1615 3209 1
3209 1615 0
1616 3209 1
3209 1616 0
1617 3209 1
3209 1617 0
1618 3209 1
3209 1618 0
1619 3209 1
3209 1619 0
1620 3209 1
3209 1620 0
1621 3209 1
3209 1621 0
1622 3209 1
3209 1622 0
1623 3209 1
3209 1623 0
1624 3209 1
3209 1624 0
1625 3209 1
3209 1625 0
1626 3209 1
3209 1626 0
1627 3209 1
3209 1627 0
1628 3209 1
3209 1628 0
1629 3209 1
3209 1629 0
1630 3209 1
3209 1630 0
1631 3209 1
3209 1631 0
1632 3209 1
3209 1632 0
1633 3209 1
3209 1633 0
1634 3209 1
3209 1634 0
1635 3209 1
3209 1635 0
1636 3209 1
3209 1636 0
1637 3209 1
3209 1637 0
1638 3209 1
3209 1638 0
1639 3209 1
3209 1639 0
1640 3209 1
3209 1640 0
1641 3209 1
3209 1641 0
1642 3209 1
3209 1642 0
1643 3209 1
3209 1643 0
1644 3209 1
3209 1644 0
1645 3209 1
3209 1645 0
1646 3209 1
3209 1646 0
1647 3209 1
3209 1647 0
1648 3209 1
3209 1648 0
1649 3209 1
3209 1649 0
1650 3209 1
3209 1650 0
1651 3209 1
3209 1651 0
1652 3209 1
3209 1652 0
1653 3209 1
3209 1653 0
1654 3209 1
3209 1654 0
1655 3209 1
3209 1655 0
1656 3209 1
3209 1656 0
1657 3209 1
3209 1657 0
1658 3209 1
3209 1658 0
1659 3209 1
3209 1659 0
1660 3209 1
3209 1660 0
1661 3209 1
3209 1661 0
1662 3209 1
3209 1662 0
1663 3209 1
3209 1663 0
1664 3209 1
3209 1664 0
1665 3209 1
3209 1665 0
1666 3209 1
3209 1666 0
1667 3209 1
3209 1667 0
1668 3209 1
3209 1668 0
1669 3209 1
3209 1669 0
1670 3209 1
3209 1670 0
1671 3209 1
3209 1671 0
1672 3209 1
3209 1672 0
1673 3209 1
3209 1673 0
1674 3209 1
3209 1674 0
1675 3209 1
3209 1675 0
1676 3209 1
3209 1676 0
1677 3209 1
3209 1677 0
1678 3209 1
3209 1678 0
1679 3209 1
3209 1679 0
1680 3209 1
3209 1680 0
1681 3209 1
3209 1681 0
1682 3209 1
3209 1682 0
1683 3209 1
3209 1683 0
1684 3209 1
3209 1684 0
1685 3209 1
3209 1685 0
1686 3209 1
3209 1686 0
1687 3209 1
3209 1687 0
1688 3209 1
3209 1688 0
1689 3209 1
3209 1689 0
1690 3209 1
3209 1690 0
1691 3209 1
3209 1691 0
1692 3209 1
3209 1692 0
1693 3209 1
3209 1693 0
1694 3209 1
3209 1694 0
1695 3209 1
3209 1695 0
1696 3209 1
3209 1696 0
1697 3209 1
3209 1697 0
1698 3209 1
3209 1698 0
1699 3209 1
3209 1699 0
1700 3209 1
3209 1700 0
1701 3209 1
3209 1701 0
1702 3209 1
3209 1702 0
1703 3209 1
3209 1703 0
1704 3209 1
3209 1704 0
1705 3209 1
3209 1705 0
1706 3209 1
3209 1706 0
1707 3209 1
3209 1707 0
1708 3209 1
3209 1708 0
1709 3209 1
3209 1709 0
1710 3209 1
3209 1710 0
1711 3209 1
3209 1711 0
1712 3209 1
3209 1712 0
1713 3209 1
3209 1713 0
1714 3209 1
3209 1714 0
1715 3209 1
3209 1715 0
1716 3209 1
3209 1716 0
1717 3209 1
3209 1717 0
1718 3209 1
3209 1718 0
1719 3209 1
3209 1719 0
1720 3209 1
3209 1720 0
1721 3209 1
3209 1721 0
1722 3209 1
3209 1722 0
1723 3209 1
3209 1723 0
1724 3209 1
3209 1724 0
1725 3209 1
3209 1725 0
1726 3209 1
3209 1726 0
1727 3209 1
3209 1727 0
1728 3209 1
3209 1728 0
1729 3209 1
3209 1729 0
1730 3209 1
3209 1730 0
1731 3209 1
3209 1731 0
1732 3209 1
3209 1732 0
1733 3209 1
3209 1733 0
1734 3209 1
3209 1734 0
1735 3209 1
3209 1735 0
1736 3209 1
3209 1736 0
1737 3209 1
3209 1737 0
1738 3209 1
3209 1738 0
1739 3209 1
3209 1739 0
1740 3209 1
3209 1740 0
1741 3209 1
3209 1741 0
1742 3209 1
3209 1742 0
1743 3209 1
3209 1743 0
1744 3209 1
3209 1744 0
1745 3209 1
3209 1745 0
1746 3209 1
3209 1746 0
1747 3209 1
3209 1747 0
1748 3209 1
3209 1748 0
1749 3209 1
3209 1749 0
1750 3209 1
3209 1750 0
1751 3209 1
3209 1751 0
1752 3209 1
3209 1752 0
1753 3209 1
3209 1753 0
1754 3209 1
3209 1754 0
1755 3209 1
3209 1755 0
1756 3209 1
3209 1756 0
1757 3209 1
3209 1757 0
1758 3209 1
3209 1758 0
1759 3209 1
3209 1759 0
1760 3209 1
3209 1760 0
1761 3209 1
3209 1761 0
1762 3209 1
3209 1762 0
1763 3209 1
3209 1763 0
1764 3209 1
3209 1764 0
1765 3209 1
3209 1765 0
1766 3209 1
3209 1766 0
1767 3209 1
3209 1767 0
1768 3209 1
3209 1768 0
1769 3209 1
3209 1769 0
1770 3209 1
3209 1770 0
1771 3209 1
3209 1771 0
1772 3209 1
3209 1772 0
1773 3209 1
3209 1773 0
1774 3209 1
3209 1774 0
1775 3209 1
3209 1775 0
1776 3209 1
3209 1776 0
1777 3209 1
3209 1777 0
1778 3209 1
3209 1778 0
1779 3209 1
3209 1779 0
1780 3209 1
3209 1780 0
1781 3209 1
3209 1781 0
1782 3209 1
3209 1782 0
1783 3209 1
3209 1783 0
1784 3209 1
3209 1784 0
1785 3209 1
3209 1785 0
1786 3209 1
3209 1786 0
1787 3209 1
3209 1787 0
1788 3209 1
3209 1788 0
1789 3209 1
3209 1789 0
1790 3209 1
3209 1790 0
1791 3209 1
3209 1791 0
1792 3209 1
3209 1792 0
1793 3209 1
3209 1793 0
1794 3209 1
3209 1794 0
1795 3209 1
3209 1795 0
1796 3209 1
3209 1796 0
1797 3209 1
3209 1797 0
1798 3209 1
3209 1798 0
1799 3209 1
3209 1799 0
1800 3209 1
3209 1800 0
1801 3209 1
3209 1801 0
1802 3209 1
3209 1802 0
1803 3209 1
3209 1803 0
1804 3209 1
3209 1804 0
1805 3209 1
3209 1805 0
1806 3209 1
3209 1806 0
1807 3209 1
3209 1807 0
1808 3209 1
3209 1808 0
1809 3209 1
3209 1809 0
1810 3209 1
3209 1810 0
1811 3209 1
3209 1811 0
1812 3209 1
3209 1812 0
1813 3209 1
3209 1813 0
1814 3209 1
3209 1814 0
1815 3209 1
3209 1815 0
1816 3209 1
3209 1816 0
1817 3209 1
3209 1817 0
1818 3209 1
3209 1818 0
1819 3209 1
3209 1819 0
1820 3209 1
3209 1820 0
1821 3209 1
3209 1821 0
1822 3209 1
3209 1822 0
1823 3209 1
3209 1823 0
1824 3209 1
3209 1824 0
1825 3209 1
3209 1825 0
1826 3209 1
3209 1826 0
1827 3209 1
3209 1827 0
1828 3209 1
3209 1828 0
1829 3209 1
3209 1829 0
1830 3209 1
3209 1830 0
1831 3209 1
3209 1831 0
1832 3209 1
3209 1832 0
1833 3209 1
3209 1833 0
1834 3209 1
3209 1834 0
1835 3209 1
3209 1835 0
1836 3209 1
3209 1836 0
1837 3209 1
3209 1837 0
1838 3209 1
3209 1838 0
1839 3209 1
3209 1839 0
1840 3209 1
3209 1840 0
1841 3209 1
3209 1841 0
1842 3209 1
3209 1842 0
1843 3209 1
3209 1843 0
1844 3209 1
3209 1844 0
1845 3209 1
3209 1845 0
1846 3209 1
3209 1846 0
1847 3209 1
3209 1847 0
1848 3209 1
3209 1848 0
1849 3209 1
3209 1849 0
1850 3209 1
3209 1850 0
1851 3209 1
3209 1851 0
1852 3209 1
3209 1852 0
1853 3209 1
3209 1853 0
1854 3209 1
3209 1854 0
1855 3209 1
3209 1855 0
1856 3209 1
3209 1856 0
1857 3209 1
3209 1857 0
1858 3209 1
3209 1858 0
1859 3209 1
3209 1859 0
1860 3209 1
3209 1860 0
1861 3209 1
3209 1861 0
1862 3209 1
3209 1862 0
1863 3209 1
3209 1863 0
1864 3209 1
3209 1864 0
1865 3209 1
3209 1865 0
1866 3209 1
3209 1866 0
1867 3209 1
3209 1867 0
1868 3209 1
3209 1868 0
1869 3209 1
3209 1869 0
1870 3209 1
3209 1870 0
1871 3209 1
3209 1871 0
1872 3209 1
3209 1872 0
1873 3209 1
3209 1873 0
1874 3209 1
3209 1874 0
1875 3209 1
3209 1875 0
1876 3209 1
3209 1876 0
1877 3209 1
3209 1877 0
1878 3209 1
3209 1878 0
1879 3209 1
3209 1879 0
1880 3209 1
3209 1880 0
1881 3209 1
3209 1881 0
1882 3209 1
3209 1882 0
1883 3209 1
3209 1883 0
1884 3209 1
3209 1884 0
1885 3209 1
3209 1885 0
1886 3209 1
3209 1886 0
1887 3209 1
3209 1887 0
1888 3209 1
3209 1888 0
1889 3209 1
3209 1889 0
1890 3209 1
3209 1890 0
1891 3209 1
3209 1891 0
1892 3209 1
3209 1892 0
1893 3209 1
3209 1893 0
1894 3209 1
3209 1894 0
1895 3209 1
3209 1895 0
1896 3209 1
3209 1896 0
1897 3209 1
3209 1897 0
1898 3209 1
3209 1898 0
1899 3209 1
3209 1899 0
1900 3209 1
3209 1900 0
1901 3209 1
3209 1901 0
1902 3209 1
3209 1902 0
1903 3209 1
3209 1903 0
1904 3209 1
3209 1904 0
1905 3209 1
3209 1905 0
1906 3209 1
3209 1906 0
1907 3209 1
3209 1907 0
1908 3209 1
3209 1908 0
1909 3209 1
3209 1909 0
1910 3209 1
3209 1910 0
1911 3209 1
3209 1911 0
1912 3209 1
3209 1912 0
1913 3209 1
3209 1913 0
1914 3209 1
3209 1914 0
1915 3209 1
3209 1915 0
1916 3209 1
3209 1916 0
1917 3209 1
3209 1917 0
1918 3209 1
3209 1918 0
1919 3209 1
3209 1919 0
1920 3209 1
3209 1920 0
1921 3209 1
3209 1921 0
1922 3209 1
3209 1922 0
1923 3209 1
3209 1923 0
1924 3209 1
3209 1924 0
1925 3209 1
3209 1925 0
1926 3209 1
3209 1926 0
1927 3209 1
3209 1927 0
1928 3209 1
3209 1928 0
1929 3209 1
3209 1929 0
1930 3209 1
3209 1930 0
1931 3209 1
3209 1931 0
1932 3209 1
3209 1932 0
1933 3209 1
3209 1933 0
1934 3209 1
3209 1934 0
1935 3209 1
3209 1935 0
1936 3209 1
3209 1936 0
1937 3209 1
3209 1937 0
1938 3209 1
3209 1938 0
1939 3209 1
3209 1939 0
1940 3209 1
3209 1940 0
1941 3209 1
3209 1941 0
1942 3209 1
3209 1942 0
1943 3209 1
3209 1943 0
1944 3209 1
3209 1944 0
1945 3209 1
3209 1945 0
1946 3209 1
3209 1946 0
1947 3209 1
3209 1947 0
1948 3209 1
3209 1948 0
1949 3209 1
3209 1949 0
1950 3209 1
3209 1950 0
1951 3209 1
3209 1951 0
1952 3209 1
3209 1952 0
1953 3209 1
3209 1953 0
1954 3209 1
3209 1954 0
1955 3209 1
3209 1955 0
1956 3209 1
3209 1956 0
1957 3209 1
3209 1957 0
1958 3209 1
3209 1958 0
1959 3209 1
3209 1959 0
1960 3209 1
3209 1960 0
1961 3209 1
3209 1961 0
1962 3209 1
3209 1962 0
1963 3209 1
3209 1963 0
1964 3209 1
3209 1964 0
1965 3209 1
3209 1965 0
1966 3209 1
3209 1966 0
1967 3209 1
3209 1967 0
1968 3209 1
3209 1968 0
1969 3209 1
3209 1969 0
1970 3209 1
3209 1970 0
1971 3209 1
3209 1971 0
1972 3209 1
3209 1972 0
1973 3209 1
3209 1973 0
1974 3209 1
3209 1974 0
1975 3209 1
3209 1975 0
1976 3209 1
3209 1976 0
1977 3209 1
3209 1977 0
1978 3209 1
3209 1978 0
1979 3209 1
3209 1979 0
1980 3209 1
3209 1980 0
1981 3209 1
3209 1981 0
1982 3209 1
3209 1982 0
1983 3209 1
3209 1983 0
1984 3209 1
3209 1984 0
1985 3209 1
3209 1985 0
1986 3209 1
3209 1986 0
1987 3209 1
3209 1987 0
1988 3209 1
3209 1988 0
1989 3209 1
3209 1989 0
1990 3209 1
3209 1990 0
1991 3209 1
3209 1991 0
1992 3209 1
3209 1992 0
1993 3209 1
3209 1993 0
1994 3209 1
3209 1994 0
1995 3209 1
3209 1995 0
1996 3209 1
3209 1996 0
1997 3209 1
3209 1997 0
1998 3209 1
3209 1998 0
1999 3209 1
3209 1999 0
2000 3209 1
3209 2000 0
2001 3209 1
3209 2001 0
2002 3209 1
3209 2002 0
2003 3209 1
3209 2003 0
2004 3209 1
3209 2004 0
2005 3209 1
3209 2005 0
2006 3209 1
3209 2006 0
2007 3209 1
3209 2007 0
2008 3209 1
3209 2008 0
2009 3209 1
3209 2009 0
2010 3209 1
3209 2010 0
2011 3209 1
3209 2011 0
2012 3209 1
3209 2012 0
2013 3209 1
3209 2013 0
2014 3209 1
3209 2014 0
2015 3209 1
3209 2015 0
2016 3209 1
3209 2016 0
2017 3209 1
3209 2017 0
2018 3209 1
3209 2018 0
2019 3209 1
3209 2019 0
2020 3209 1
3209 2020 0
2021 3209 1
3209 2021 0
2022 3209 1
3209 2022 0
2023 3209 1
3209 2023 0
2024 3209 1
3209 2024 0
2025 3209 1
3209 2025 0
2026 3209 1
3209 2026 0
2027 3209 1
3209 2027 0
2028 3209 1
3209 2028 0
2029 3209 1
3209 2029 0
2030 3209 1
3209 2030 0
2031 3209 1
3209 2031 0
2032 3209 1
3209 2032 0
2033 3209 1
3209 2033 0
2034 3209 1
3209 2034 0
2035 3209 1
3209 2035 0
2036 3209 1
3209 2036 0
2037 3209 1
3209 2037 0
2038 3209 1
3209 2038 0
2039 3209 1
3209 2039 0
2040 3209 1
3209 2040 0
2041 3209 1
3209 2041 0
2042 3209 1
3209 2042 0
2043 3209 1
3209 2043 0
2044 3209 1
3209 2044 0
2045 3209 1
3209 2045 0
2046 3209 1
3209 2046 0
2047 3209 1
3209 2047 0
2048 3209 1
3209 2048 0
2049 3209 1
3209 2049 0
2050 3209 1
3209 2050 0
2051 3209 1
3209 2051 0
2052 3209 1
3209 2052 0
2053 3209 1
3209 2053 0
2054 3209 1
3209 2054 0
2055 3209 1
3209 2055 0
2056 3209 1
3209 2056 0
2057 3209 1
3209 2057 0
2058 3209 1
3209 2058 0
2059 3209 1
3209 2059 0
2060 3209 1
3209 2060 0
2061 3209 1
3209 2061 0
2062 3209 1
3209 2062 0
2063 3209 1
3209 2063 0
2064 3209 1
3209 2064 0
2065 3209 1
3209 2065 0
2066 3209 1
3209 2066 0
2067 3209 1
3209 2067 0
2068 3209 1
3209 2068 0
2069 3209 1
3209 2069 0
2070 3209 1
3209 2070 0
2071 3209 1
3209 2071 0
2072 3209 1
3209 2072 0
2073 3209 1
3209 2073 0
2074 3209 1
3209 2074 0
2075 3209 1
3209 2075 0
2076 3209 1
3209 2076 0
2077 3209 1
3209 2077 0
2078 3209 1
3209 2078 0
2079 3209 1
3209 2079 0
2080 3209 1
3209 2080 0
2081 3209 1
3209 2081 0
2082 3209 1
3209 2082 0
2083 3209 1
3209 2083 0
2084 3209 1
3209 2084 0
2085 3209 1
3209 2085 0
2086 3209 1
3209 2086 0
2087 3209 1
3209 2087 0
2088 3209 1
3209 2088 0
2089 3209 1
3209 2089 0
2090 3209 1
3209 2090 0
2091 3209 1
3209 2091 0
2092 3209 1
3209 2092 0
2093 3209 1
3209 2093 0
2094 3209 1
3209 2094 0
2095 3209 1
3209 2095 0
2096 3209 1
3209 2096 0
2097 3209 1
3209 2097 0
2098 3209 1
3209 2098 0
2099 3209 1
3209 2099 0
2100 3209 1
3209 2100 0
2101 3209 1
3209 2101 0
2102 3209 1
3209 2102 0
2103 3209 1
3209 2103 0
2104 3209 1
3209 2104 0
2105 3209 1
3209 2105 0
2106 3209 1
3209 2106 0
2107 3209 1
3209 2107 0
2108 3209 1
3209 2108 0
2109 3209 1
3209 2109 0
2110 3209 1
3209 2110 0
2111 3209 1
3209 2111 0
2112 3209 1
3209 2112 0
2113 3209 1
3209 2113 0
2114 3209 1
3209 2114 0
2115 3209 1
3209 2115 0
2116 3209 1
3209 2116 0
2117 3209 1
3209 2117 0
2118 3209 1
3209 2118 0
2119 3209 1
3209 2119 0
2120 3209 1
3209 2120 0
2121 3209 1
3209 2121 0
2122 3209 1
3209 2122 0
2123 3209 1
3209 2123 0
2124 3209 1
3209 2124 0
2125 3209 1
3209 2125 0
2126 3209 1
3209 2126 0
2127 3209 1
3209 2127 0
2128 3209 1
3209 2128 0
2129 3209 1
3209 2129 0
2130 3209 1
3209 2130 0
2131 3209 1
3209 2131 0
2132 3209 1
3209 2132 0
2133 3209 1
3209 2133 0
2134 3209 1
3209 2134 0
2135 3209 1
3209 2135 0
2136 3209 1
3209 2136 0
2137 3209 1
3209 2137 0
2138 3209 1
3209 2138 0
2139 3209 1
3209 2139 0
2140 3209 1
3209 2140 0
2141 3209 1
3209 2141 0
2142 3209 1
3209 2142 0
2143 3209 1
3209 2143 0
2144 3209 1
3209 2144 0
2145 3209 1
3209 2145 0
2146 3209 1
3209 2146 0
2147 3209 1
3209 2147 0
2148 3209 1
3209 2148 0
2149 3209 1
3209 2149 0
2150 3209 1
3209 2150 0
2151 3209 1
3209 2151 0
2152 3209 1
3209 2152 0
2153 3209 1
3209 2153 0
2154 3209 1
3209 2154 0
2155 3209 1
3209 2155 0
2156 3209 1
3209 2156 0
2157 3209 1
3209 2157 0
2158 3209 1
3209 2158 0
2159 3209 1
3209 2159 0
2160 3209 1
3209 2160 0
2161 3209 1
3209 2161 0
2162 3209 1
3209 2162 0
2163 3209 1
3209 2163 0
2164 3209 1
3209 2164 0
2165 3209 1
3209 2165 0
2166 3209 1
3209 2166 0
2167 3209 1
3209 2167 0
2168 3209 1
3209 2168 0
2169 3209 1
3209 2169 0
2170 3209 1
3209 2170 0
2171 3209 1
3209 2171 0
2172 3209 1
3209 2172 0
2173 3209 1
3209 2173 0
2174 3209 1
3209 2174 0
2175 3209 1
3209 2175 0
2176 3209 1
3209 2176 0
2177 3209 1
3209 2177 0
2178 3209 1
3209 2178 0
2179 3209 1
3209 2179 0
2180 3209 1
3209 2180 0
2181 3209 1
3209 2181 0
2182 3209 1
3209 2182 0
2183 3209 1
3209 2183 0
2184 3209 1
3209 2184 0
2185 3209 1
3209 2185 0
2186 3209 1
3209 2186 0
2187 3209 1
3209 2187 0
2188 3209 1
3209 2188 0
2189 3209 1
3209 2189 0
2190 3209 1
3209 2190 0
2191 3209 1
3209 2191 0
2192 3209 1
3209 2192 0
2193 3209 1
3209 2193 0
2194 3209 1
3209 2194 0
2195 3209 1
3209 2195 0
2196 3209 1
3209 2196 0
2197 3209 1
3209 2197 0
2198 3209 1
3209 2198 0
2199 3209 1
3209 2199 0
2200 3209 1
3209 2200 0
2201 3209 1
3209 2201 0
2202 3209 1
3209 2202 0
2203 3209 1
3209 2203 0
2204 3209 1
3209 2204 0
2205 3209 1
3209 2205 0
2206 3209 1
3209 2206 0
2207 3209 1
3209 2207 0
2208 3209 1
3209 2208 0
2209 3209 1
3209 2209 0
2210 3209 1
3209 2210 0
2211 3209 1
3209 2211 0
2212 3209 1
3209 2212 0
2213 3209 1
3209 2213 0
2214 3209 1
3209 2214 0
2215 3209 1
3209 2215 0
2216 3209 1
3209 2216 0
2217 3209 1
3209 2217 0
2218 3209 1
3209 2218 0
2219 3209 1
3209 2219 0
2220 3209 1
3209 2220 0
2221 3209 1
3209 2221 0
2222 3209 1
3209 2222 0
2223 3209 1
3209 2223 0
2224 3209 1
3209 2224 0
2225 3209 1
3209 2225 0
2226 3209 1
3209 2226 0
2227 3209 1
3209 2227 0
2228 3209 1
3209 2228 0
2229 3209 1
3209 2229 0
2230 3209 1
3209 2230 0
2231 3209 1
3209 2231 0
2232 3209 1
3209 2232 0
2233 3209 1
3209 2233 0
2234 3209 1
3209 2234 0
2235 3209 1
3209 2235 0
2236 3209 1
3209 2236 0
2237 3209 1
3209 2237 0
2238 3209 1
3209 2238 0
2239 3209 1
3209 2239 0
2240 3209 1
3209 2240 0
2241 3209 1
3209 2241 0
2242 3209 1
3209 2242 0
2243 3209 1
3209 2243 0
2244 3209 1
3209 2244 0
2245 3209 1
3209 2245 0
2246 3209 1
3209 2246 0
2247 3209 1
3209 2247 0
2248 3209 1
3209 2248 0
2249 3209 1
3209 2249 0
2250 3209 1
3209 2250 0
2251 3209 1
3209 2251 0
2252 3209 1
3209 2252 0
2253 3209 1
3209 2253 0
2254 3209 1
3209 2254 0
2255 3209 1
3209 2255 0
2256 3209 1
3209 2256 0
2257 3209 1
3209 2257 0
2258 3209 1
3209 2258 0
2259 3209 1
3209 2259 0
2260 3209 1
3209 2260 0
2261 3209 1
3209 2261 0
2262 3209 1
3209 2262 0
2263 3209 1
3209 2263 0
2264 3209 1
3209 2264 0
2265 3209 1
3209 2265 0
2266 3209 1
3209 2266 0
2267 3209 1
3209 2267 0
2268 3209 1
3209 2268 0
2269 3209 1
3209 2269 0
2270 3209 1
3209 2270 0
2271 3209 1
3209 2271 0
2272 3209 1
3209 2272 0
2273 3209 1
3209 2273 0
2274 3209 1
3209 2274 0
2275 3209 1
3209 2275 0
2276 3209 1
3209 2276 0
2277 3209 1
3209 2277 0
2278 3209 1
3209 2278 0
2279 3209 1
3209 2279 0
2280 3209 1
3209 2280 0
2281 3209 1
3209 2281 0
2282 3209 1
3209 2282 0
2283 3209 1
3209 2283 0
2284 3209 1
3209 2284 0
2285 3209 1
3209 2285 0
2286 3209 1
3209 2286 0
2287 3209 1
3209 2287 0
2288 3209 1
3209 2288 0
2289 3209 1
3209 2289 0
2290 3209 1
3209 2290 0
2291 3209 1
3209 2291 0
2292 3209 1
3209 2292 0
2293 3209 1
3209 2293 0
2294 3209 1
3209 2294 0
2295 3209 1
3209 2295 0
2296 3209 1
3209 2296 0
2297 3209 1
3209 2297 0
2298 3209 1
3209 2298 0
2299 3209 1
3209 2299 0
2300 3209 1
3209 2300 0
2301 3209 1
3209 2301 0
2302 3209 1
3209 2302 0
2303 3209 1
3209 2303 0
2304 3209 1
3209 2304 0
2305 3209 1
3209 2305 0
2306 3209 1
3209 2306 0
2307 3209 1
3209 2307 0
2308 3209 1
3209 2308 0
2309 3209 1
3209 2309 0
2310 3209 1
3209 2310 0
2311 3209 1
3209 2311 0
2312 3209 1
3209 2312 0
2313 3209 1
3209 2313 0
2314 3209 1
3209 2314 0
2315 3209 1
3209 2315 0
2316 3209 1
3209 2316 0
2317 3209 1
3209 2317 0
2318 3209 1
3209 2318 0
2319 3209 1
3209 2319 0
2320 3209 1
3209 2320 0
2321 3209 1
3209 2321 0
2322 3209 1
3209 2322 0
2323 3209 1
3209 2323 0
2324 3209 1
3209 2324 0
2325 3209 1
3209 2325 0
2326 3209 1
3209 2326 0
2327 3209 1
3209 2327 0
2328 3209 1
3209 2328 0
2329 3209 1
3209 2329 0
2330 3209 1
3209 2330 0
2331 3209 1
3209 2331 0
2332 3209 1
3209 2332 0
2333 3209 1
3209 2333 0
2334 3209 1
3209 2334 0
2335 3209 1
3209 2335 0
2336 3209 1
3209 2336 0
2337 3209 1
3209 2337 0
2338 3209 1
3209 2338 0
2339 3209 1
3209 2339 0
2340 3209 1
3209 2340 0
2341 3209 1
3209 2341 0
2342 3209 1
3209 2342 0
2343 3209 1
3209 2343 0
2344 3209 1
3209 2344 0
2345 3209 1
3209 2345 0
2346 3209 1
3209 2346 0
2347 3209 1
3209 2347 0
2348 3209 1
3209 2348 0
2349 3209 1
3209 2349 0
2350 3209 1
3209 2350 0
2351 3209 1
3209 2351 0
2352 3209 1
3209 2352 0
2353 3209 1
3209 2353 0
2354 3209 1
3209 2354 0
2355 3209 1
3209 2355 0
2356 3209 1
3209 2356 0
2357 3209 1
3209 2357 0
2358 3209 1
3209 2358 0
2359 3209 1
3209 2359 0
2360 3209 1
3209 2360 0
2361 3209 1
3209 2361 0
2362 3209 1
3209 2362 0
2363 3209 1
3209 2363 0
2364 3209 1
3209 2364 0
2365 3209 1
3209 2365 0
2366 3209 1
3209 2366 0
2367 3209 1
3209 2367 0
2368 3209 1
3209 2368 0
2369 3209 1
3209 2369 0
2370 3209 1
3209 2370 0
2371 3209 1
3209 2371 0
2372 3209 1
3209 2372 0
2373 3209 1
3209 2373 0
2374 3209 1
3209 2374 0
2375 3209 1
3209 2375 0
2376 3209 1
3209 2376 0
2377 3209 1
3209 2377 0
2378 3209 1
3209 2378 0
2379 3209 1
3209 2379 0
2380 3209 1
3209 2380 0
2381 3209 1
3209 2381 0
2382 3209 1
3209 2382 0
2383 3209 1
3209 2383 0
2384 3209 1
3209 2384 0
2385 3209 1
3209 2385 0
2386 3209 1
3209 2386 0
2387 3209 1
3209 2387 0
2388 3209 1
3209 2388 0
2389 3209 1
3209 2389 0
2390 3209 1
3209 2390 0
2391 3209 1
3209 2391 0
2392 3209 1
3209 2392 0
2393 3209 1
3209 2393 0
2394 3209 1
3209 2394 0
2395 3209 1
3209 2395 0
2396 3209 1
3209 2396 0
2397 3209 1
3209 2397 0
2398 3209 1
3209 2398 0
2399 3209 1
3209 2399 0
2400 3209 1
3209 2400 0
2401 3209 1
3209 2401 0
2402 3209 1
3209 2402 0
2403 3209 1
3209 2403 0
2404 3209 1
3209 2404 0
2405 3209 1
3209 2405 0
2406 3209 1
3209 2406 0
2407 3209 1
3209 2407 0
2408 3209 1
3209 2408 0
2409 3209 1
3209 2409 0
2410 3209 1
3209 2410 0
2411 3209 1
3209 2411 0
2412 3209 1
3209 2412 0
2413 3209 1
3209 2413 0
2414 3209 1
3209 2414 0
2415 3209 1
3209 2415 0
2416 3209 1
3209 2416 0
2417 3209 1
3209 2417 0
2418 3209 1
3209 2418 0
2419 3209 1
3209 2419 0
2420 3209 1
3209 2420 0
2421 3209 1
3209 2421 0
2422 3209 1
3209 2422 0
2423 3209 1
3209 2423 0
2424 3209 1
3209 2424 0
2425 3209 1
3209 2425 0
2426 3209 1
3209 2426 0
2427 3209 1
3209 2427 0
2428 3209 1
3209 2428 0
2429 3209 1
3209 2429 0
2430 3209 1
3209 2430 0
2431 3209 1
3209 2431 0
2432 3209 1
3209 2432 0
2433 3209 1
3209 2433 0
2434 3209 1
3209 2434 0
2435 3209 1
3209 2435 0
2436 3209 1
3209 2436 0
2437 3209 1
3209 2437 0
2438 3209 1
3209 2438 0
2439 3209 1
3209 2439 0
2440 3209 1
3209 2440 0
2441 3209 1
3209 2441 0
2442 3209 1
3209 2442 0
2443 3209 1
3209 2443 0
2444 3209 1
3209 2444 0
2445 3209 1
3209 2445 0
2446 3209 1
3209 2446 0
2447 3209 1
3209 2447 0
2448 3209 1
3209 2448 0
2449 3209 1
3209 2449 0
2450 3209 1
3209 2450 0
2451 3209 1
3209 2451 0
2452 3209 1
3209 2452 0
2453 3209 1
3209 2453 0
2454 3209 1
3209 2454 0
2455 3209 1
3209 2455 0
2456 3209 1
3209 2456 0
2457 3209 1
3209 2457 0
2458 3209 1
3209 2458 0
2459 3209 1
3209 2459 0
2460 3209 1
3209 2460 0
2461 3209 1
3209 2461 0
2462 3209 1
3209 2462 0
2463 3209 1
3209 2463 0
2464 3209 1
3209 2464 0
2465 3209 1
3209 2465 0
2466 3209 1
3209 2466 0
2467 3209 1
3209 2467 0
2468 3209 1
3209 2468 0
2469 3209 1
3209 2469 0
2470 3209 1
3209 2470 0
2471 3209 1
3209 2471 0
2472 3209 1
3209 2472 0
2473 3209 1
3209 2473 0
2474 3209 1
3209 2474 0
2475 3209 12
3209 2475 0
2476 3209 12
3209 2476 0
2477 3209 12
3209 2477 0
2478 3209 12
3209 2478 0
2479 3209 12
3209 2479 0
2480 3209 12
3209 2480 0
2481 3209 12
3209 2481 0
2482 3209 12
3209 2482 0
2483 3209 12
3209 2483 0
2484 3209 12
3209 2484 0
2485 3209 12
3209 2485 0
2486 3209 12
3209 2486 0
2487 3209 12
3209 2487 0
2488 3209 12
3209 2488 0
2489 3209 12
3209 2489 0
2490 3209 12
3209 2490 0
2491 3209 12
3209 2491 0
2492 3209 12
3209 2492 0
2493 3209 12
3209 2493 0
2494 3209 12
3209 2494 0
2495 3209 12
3209 2495 0
2496 3209 12
3209 2496 0
2497 3209 12
3209 2497 0
2498 3209 12
3209 2498 0
2499 3209 12
3209 2499 0
2500 3209 12
3209 2500 0
2501 3209 12
3209 2501 0
2502 3209 12
3209 2502 0
2503 3209 12
3209 2503 0
2504 3209 12
3209 2504 0
2505 3209 12
3209 2505 0
2506 3209 12
3209 2506 0
2507 3209 12
3209 2507 0
2508 3209 12
3209 2508 0
2509 3209 12
3209 2509 0
2510 3209 12
3209 2510 0
2511 3209 12
3209 2511 0
2512 3209 12
3209 2512 0
2513 3209 12
3209 2513 0
2514 3209 12
3209 2514 0
2515 3209 12
3209 2515 0
2516 3209 12
3209 2516 0
2517 3209 12
3209 2517 0
2518 3209 12
3209 2518 0
2519 3209 12
3209 2519 0
2520 3209 12
3209 2520 0
2521 3209 12
3209 2521 0
2522 3209 12
3209 2522 0
2523 3209 12
3209 2523 0
2524 3209 12
3209 2524 0
2525 3209 12
3209 2525 0
2526 3209 12
3209 2526 0
2527 3209 12
3209 2527 0
2528 3209 12
3209 2528 0
2529 3209 12
3209 2529 0
2530 3209 12
3209 2530 0
2531 3209 12
3209 2531 0
2532 3209 12
3209 2532 0
2533 3209 12
3209 2533 0
2534 3209 12
3209 2534 0
2535 3209 12
3209 2535 0
2536 3209 12
3209 2536 0
2537 3209 12
3209 2537 0
2538 3209 12
3209 2538 0
2539 3209 12
3209 2539 0
2540 3209 12
3209 2540 0
2541 3209 12
3209 2541 0
2542 3209 12
3209 2542 0
2543 3209 12
3209 2543 0
2544 3209 12
3209 2544 0
2545 3209 12
3209 2545 0
2546 3209 12
3209 2546 0
2547 3209 12
3209 2547 0
2548 3209 12
3209 2548 0
2549 3209 12
3209 2549 0
2550 3209 12
3209 2550 0
2551 3209 12
3209 2551 0
2552 3209 12
3209 2552 0
2553 3209 12
3209 2553 0
2554 3209 12
3209 2554 0
2555 3209 12
3209 2555 0
2556 3209 12
3209 2556 0
2557 3209 12
3209 2557 0
2558 3209 12
3209 2558 0
2559 3209 12
3209 2559 0
2560 3209 12
3209 2560 0
2561 3209 12
3209 2561 0
2562 3209 12
3209 2562 0
2563 3209 12
3209 2563 0
2564 3209 12
3209 2564 0
2565 3209 12
3209 2565 0
2566 3209 12
3209 2566 0
2567 3209 12
3209 2567 0
2568 3209 12
3209 2568 0
2569 3209 12
3209 2569 0
2570 3209 12
3209 2570 0
2571 3209 12
3209 2571 0
2572 3209 12
3209 2572 0
2573 3209 12
3209 2573 0
2574 3209 12
3209 2574 0
2575 3209 12
3209 2575 0
2576 3209 12
3209 2576 0
2577 3209 12
3209 2577 0
2578 3209 12
3209 2578 0
2579 3209 12
3209 2579 0
2580 3209 12
3209 2580 0
2581 3209 12
3209 2581 0
2582 3209 12
3209 2582 0
2583 3209 12
3209 2583 0
2584 3209 12
3209 2584 0
2585 3209 12
3209 2585 0
2586 3209 12
3209 2586 0
2587 3209 12
3209 2587 0
2588 3209 12
3209 2588 0
2589 3209 12
3209 2589 0
2590 3209 12
3209 2590 0
2591 3209 12
3209 2591 0
2592 3209 12
3209 2592 0
2593 3209 12
3209 2593 0
2594 3209 12
3209 2594 0
2595 3209 12
3209 2595 0
2596 3209 12
3209 2596 0
2597 3209 12
3209 2597 0
2598 3209 12
3209 2598 0
2599 3209 12
3209 2599 0
2600 3209 12
3209 2600 0
2601 3209 12
3209 2601 0
2602 3209 12
3209 2602 0
2603 3209 12
3209 2603 0
2604 3209 12
3209 2604 0
2605 3209 12
3209 2605 0
2606 3209 12
3209 2606 0
2607 3209 12
3209 2607 0
2608 3209 12
3209 2608 0
2609 3209 12
3209 2609 0
2610 3209 12
3209 2610 0
2611 3209 12
3209 2611 0
2612 3209 12
3209 2612 0
2613 3209 12
3209 2613 0
2614 3209 12
3209 2614 0
2615 3209 12
3209 2615 0
2616 3209 12
3209 2616 0
2617 3209 12
3209 2617 0
2618 3209 12
3209 2618 0
2619 3209 12
3209 2619 0
2620 3209 12
3209 2620 0
2621 3209 12
3209 2621 0
2622 3209 12
3209 2622 0
2623 3209 12
3209 2623 0
2624 3209 12
3209 2624 0
2625 3209 12
3209 2625 0
2626 3209 12
3209 2626 0
2627 3209 12
3209 2627 0
2628 3209 12
3209 2628 0
2629 3209 12
3209 2629 0
2630 3209 12
3209 2630 0
2631 3209 12
3209 2631 0
2632 3209 12
3209 2632 0
2633 3209 12
3209 2633 0
2634 3209 12
3209 2634 0
2635 3209 12
3209 2635 0
2636 3209 12
3209 2636 0
2637 3209 12
3209 2637 0
2638 3209 12
3209 2638 0
2639 3209 12
3209 2639 0
2640 3209 12
3209 2640 0
2641 3209 12
3209 2641 0
2642 3209 12
3209 2642 0
2643 3209 12
3209 2643 0
2644 3209 12
3209 2644 0
2645 3209 12
3209 2645 0
2646 3209 12
3209 2646 0
2647 3209 12
3209 2647 0
2648 3209 12
3209 2648 0
2649 3209 12
3209 2649 0
2650 3209 12
3209 2650 0
2651 3209 12
3209 2651 0
2652 3209 12
3209 2652 0
2653 3209 12
3209 2653 0
2654 3209 12
3209 2654 0
2655 3209 12
3209 2655 0
2656 3209 12
3209 2656 0
2657 3209 12
3209 2657 0
2658 3209 12
3209 2658 0
2659 3209 12
3209 2659 0
2660 3209 12
3209 2660 0
2661 3209 12
3209 2661 0
2662 3209 12
3209 2662 0
2663 3209 12
3209 2663 0
2664 3209 12
3209 2664 0
2665 3209 12
3209 2665 0
2666 3209 12
3209 2666 0
2667 3209 12
3209 2667 0
2668 3209 12
3209 2668 0
2669 3209 12
3209 2669 0
2670 3209 12
3209 2670 0
2671 3209 12
3209 2671 0
2672 3209 12
3209 2672 0
2673 3209 12
3209 2673 0
2674 3209 12
3209 2674 0
2675 3209 12
3209 2675 0
2676 3209 12
3209 2676 0
2677 3209 12
3209 2677 0
2678 3209 12
3209 2678 0
2679 3209 12
3209 2679 0
2680 3209 12
3209 2680 0
2681 3209 12
3209 2681 0
2682 3209 12
3209 2682 0
2683 3209 12
3209 2683 0
2684 3209 12
3209 2684 0
2685 3209 12
3209 2685 0
2686 3209 12
3209 2686 0
2687 3209 12
3209 2687 0
2688 3209 12
3209 2688 0
2689 3209 12
3209 2689 0
2690 3209 12
3209 2690 0
2691 3209 12
3209 2691 0
2692 3209 12
3209 2692 0
2693 3209 12
3209 2693 0
2694 3209 12
3209 2694 0
2695 3209 12
3209 2695 0
2696 3209 12
3209 2696 0
2697 3209 12
3209 2697 0
2698 3209 12
3209 2698 0
2699 3209 12
3209 2699 0
2700 3209 12
3209 2700 0
2701 3209 12
3209 2701 0
2702 3209 12
3209 2702 0
2703 3209 12
3209 2703 0
2704 3209 12
3209 2704 0
2705 3209 12
3209 2705 0
2706 3209 12
3209 2706 0
2707 3209 12
3209 2707 0
2708 3209 12
3209 2708 0
2709 3209 12
3209 2709 0
2710 3209 12
3209 2710 0
2711 3209 12
3209 2711 0
2712 3209 12
3209 2712 0
2713 3209 12
3209 2713 0
2714 3209 12
3209 2714 0
2715 3209 12
3209 2715 0
2716 3209 12
3209 2716 0
2717 3209 12
3209 2717 0
2718 3209 12
3209 2718 0
2719 3209 12
3209 2719 0
2720 3209 12
3209 2720 0
2721 3209 12
3209 2721 0
2722 3209 12
3209 2722 0
2723 3209 12
3209 2723 0
2724 3209 12
3209 2724 0
2725 3209 12
3209 2725 0
2726 3209 12
3209 2726 0
2727 3209 12
3209 2727 0
2728 3209 12
3209 2728 0
2729 3209 12
3209 2729 0
2730 3209 12
3209 2730 0
2731 3209 12
3209 2731 0
2732 3209 12
3209 2732 0
2733 3209 12
3209 2733 0
2734 3209 12
3209 2734 0
2735 3209 12
3209 2735 0
2736 3209 12
3209 2736 0
2737 3209 12
3209 2737 0
2738 3209 12
3209 2738 0
2739 3209 12
3209 2739 0
2740 3209 12
3209 2740 0
2741 3209 12
3209 2741 0
2742 3209 12
3209 2742 0
2743 3209 12
3209 2743 0
2744 3209 12
3209 2744 0
2745 3209 12
3209 2745 0
2746 3209 12
3209 2746 0
2747 3209 12
3209 2747 0
2748 3209 12
3209 2748 0
2749 3209 12
3209 2749 0
2750 3209 12
3209 2750 0
2751 3209 12
3209 2751 0
2752 3209 12
3209 2752 0
2753 3209 12
3209 2753 0
2754 3209 12
3209 2754 0
2755 3209 12
3209 2755 0
2756 3209 12
3209 2756 0
2757 3209 12
3209 2757 0
2758 3209 12
3209 2758 0
2759 3209 12
3209 2759 0
2760 3209 12
3209 2760 0
2761 3209 12
3209 2761 0
2762 3209 12
3209 2762 0
2763 3209 12
3209 2763 0
2764 3209 12
3209 2764 0
2765 3209 12
3209 2765 0
2766 3209 12
3209 2766 0
2767 3209 12
3209 2767 0
2768 3209 12
3209 2768 0
2769 3209 12
3209 2769 0
2770 3209 12
3209 2770 0
2771 3209 12
3209 2771 0
2772 3209 12
3209 2772 0
2773 3209 12
3209 2773 0
2774 3209 12
3209 2774 0
2775 3209 12
3209 2775 0
2776 3209 12
3209 2776 0
2777 3209 12
3209 2777 0
2778 3209 12
3209 2778 0
2779 3209 12
3209 2779 0
2780 3209 12
3209 2780 0
2781 3209 12
3209 2781 0
2782 3209 12
3209 2782 0
2783 3209 12
3209 2783 0
2784 3209 12
3209 2784 0
2785 3209 12
3209 2785 0
2786 3209 12
3209 2786 0
2787 3209 12
3209 2787 0
2788 3209 12
3209 2788 0
2789 3209 12
3209 2789 0
2790 3209 12
3209 2790 0
2791 3209 12
3209 2791 0
2792 3209 12
3209 2792 0
2793 3209 12
3209 2793 0
2794 3209 12
3209 2794 0
2795 3209 12
3209 2795 0
2796 3209 12
3209 2796 0
2797 3209 12
3209 2797 0
2798 3209 12
3209 2798 0
2799 3209 12
3209 2799 0
2800 3209 12
3209 2800 0
2801 3209 12
3209 2801 0
2802 3209 12
3209 2802 0
2803 3209 12
3209 2803 0
2804 3209 12
3209 2804 0
2805 3209 12
3209 2805 0
2806 3209 12
3209 2806 0
2807 3209 12
3209 2807 0
2808 3209 12
3209 2808 0
2809 3209 12
3209 2809 0
2810 3209 12
3209 2810 0
2811 3209 12
3209 2811 0
2812 3209 12
3209 2812 0
2813 3209 12
3209 2813 0
2814 3209 12
3209 2814 0
2815 3209 12
3209 2815 0
2816 3209 12
3209 2816 0
2817 3209 12
3209 2817 0
2818 3209 12
3209 2818 0
2819 3209 12
3209 2819 0
2820 3209 12
3209 2820 0
2821 3209 12
3209 2821 0
2822 3209 12
3209 2822 0
2823 3209 12
3209 2823 0
2824 3209 12
3209 2824 0
2825 3209 12
3209 2825 0
2826 3209 12
3209 2826 0
2827 3209 12
3209 2827 0
2828 3209 12
3209 2828 0
2829 3209 12
3209 2829 0
2830 3209 12
3209 2830 0
2831 3209 12
3209 2831 0
2832 3209 12
3209 2832 0
2833 3209 12
3209 2833 0
2834 3209 12
3209 2834 0
2835 3209 12
3209 2835 0
2836 3209 12
3209 2836 0
2837 3209 12
3209 2837 0
2838 3209 12
3209 2838 0
2839 3209 12
3209 2839 0
2840 3209 12
3209 2840 0
2841 3209 12
3209 2841 0
2842 3209 12
3209 2842 0
2843 3209 12
3209 2843 0
2844 3209 12
3209 2844 0
2845 3209 12
3209 2845 0
2846 3209 12
3209 2846 0
2847 3209 12
3209 2847 0
2848 3209 12
3209 2848 0
2849 3209 12
3209 2849 0
2850 3209 12
3209 2850 0
2851 3209 12
3209 2851 0
2852 3209 12
3209 2852 0
2853 3209 12
3209 2853 0
2854 3209 12
3209 2854 0
2855 3209 12
3209 2855 0
2856 3209 12
3209 2856 0
2857 3209 12
3209 2857 0
2858 3209 12
3209 2858 0
2859 3209 12
3209 2859 0
2860 3209 12
3209 2860 0
2861 3209 12
3209 2861 0
2862 3209 12
3209 2862 0
2863 3209 12
3209 2863 0
2864 3209 12
3209 2864 0
2865 3209 12
3209 2865 0
2866 3209 12
3209 2866 0
2867 3209 12
3209 2867 0
2868 3209 12
3209 2868 0
2869 3209 12
3209 2869 0
2870 3209 12
3209 2870 0
2871 3209 12
3209 2871 0
2872 3209 12
3209 2872 0
2873 3209 12
3209 2873 0
2874 3209 12
3209 2874 0
2875 3209 12
3209 2875 0
2876 3209 12
3209 2876 0
2877 3209 12
3209 2877 0
2878 3209 12
3209 2878 0
2879 3209 12
3209 2879 0
2880 3209 12
3209 2880 0
2881 3209 12
3209 2881 0
2882 3209 12
3209 2882 0
2883 3209 12
3209 2883 0
2884 3209 12
3209 2884 0
2885 3209 12
3209 2885 0
2886 3209 12
3209 2886 0
2887 3209 12
3209 2887 0
2888 3209 12
3209 2888 0
2889 3209 12
3209 2889 0
2890 3209 12
3209 2890 0
2891 3209 12
3209 2891 0
2892 3209 12
3209 2892 0
2893 3209 12
3209 2893 0
2894 3209 12
3209 2894 0
2895 3209 12
3209 2895 0
2896 3209 12
3209 2896 0
2897 3209 12
3209 2897 0
2898 3209 12
3209 2898 0
2899 3209 12
3209 2899 0
2900 3209 12
3209 2900 0
2901 3209 12
3209 2901 0
2902 3209 12
3209 2902 0
2903 3209 12
3209 2903 0
2904 3209 12
3209 2904 0
2905 3209 12
3209 2905 0
2906 3209 12
3209 2906 0
2907 3209 12
3209 2907 0
2908 3209 12
3209 2908 0
2909 3209 12
3209 2909 0
2910 3209 12
3209 2910 0
2911 3209 12
3209 2911 0
2912 3209 12
3209 2912 0
2913 3209 12
3209 2913 0
2914 3209 12
3209 2914 0
2915 3209 12
3209 2915 0
2916 3209 12
3209 2916 0
2917 3209 12
3209 2917 0
2918 3209 12
3209 2918 0
2919 3209 12
3209 2919 0
2920 3209 12
3209 2920 0
2921 3209 12
3209 2921 0
2922 3209 12
3209 2922 0
2923 3209 12
3209 2923 0
2924 3209 12
3209 2924 0
2925 3209 12
3209 2925 0
2926 3209 12
3209 2926 0
2927 3209 12
3209 2927 0
2928 3209 12
3209 2928 0
2929 3209 12
3209 2929 0
2930 3209 12
3209 2930 0
2931 3209 12
3209 2931 0
2932 3209 12
3209 2932 0
2933 3209 12
3209 2933 0
2934 3209 12
3209 2934 0
2935 3209 12
3209 2935 0
2936 3209 12
3209 2936 0
2937 3209 12
3209 2937 0
2938 3209 12
3209 2938 0
2939 3209 12
3209 2939 0
2940 3209 12
3209 2940 0
2941 3209 12
3209 2941 0
2942 3209 12
3209 2942 0
2943 3209 12
3209 2943 0
2944 3209 12
3209 2944 0
2945 3209 12
3209 2945 0
2946 3209 12
3209 2946 0
2947 3209 12
3209 2947 0
2948 3209 12
3209 2948 0
2949 3209 12
3209 2949 0
2950 3209 12
3209 2950 0
2951 3209 12
3209 2951 0
2952 3209 12
3209 2952 0
2953 3209 12
3209 2953 0
2954 3209 12
3209 2954 0
2955 3209 12
3209 2955 0
2956 3209 12
3209 2956 0
2957 3209 12
3209 2957 0
2958 3209 12
3209 2958 0
2959 3209 12
3209 2959 0
2960 3209 12
3209 2960 0
2961 3209 12
3209 2961 0
2962 3209 12
3209 2962 0
2963 3209 12
3209 2963 0
2964 3209 12
3209 2964 0
2965 3209 12
3209 2965 0
2966 3209 12
3209 2966 0
2967 3209 12
3209 2967 0
2968 3209 12
3209 2968 0
2969 3209 12
3209 2969 0
2970 3209 12
3209 2970 0
2971 3209 12
3209 2971 0
2972 3209 12
3209 2972 0
2973 3209 12
3209 2973 0
2974 3209 12
3209 2974 0
2975 3209 12
3209 2975 0
2976 3209 12
3209 2976 0
2977 3209 12
3209 2977 0
2978 3209 12
3209 2978 0
2979 3209 12
3209 2979 0
2980 3209 12
3209 2980 0
2981 3209 12
3209 2981 0
2982 3209 12
3209 2982 0
2983 3209 12
3209 2983 0
2984 3209 12
3209 2984 0
2985 3209 12
3209 2985 0
2986 3209 12
3209 2986 0
2987 3209 12
3209 2987 0
2988 3209 12
3209 2988 0
2989 3209 12
3209 2989 0
2990 3209 12
3209 2990 0
2991 3209 12
3209 2991 0
2992 3209 12
3209 2992 0
2993 3209 12
3209 2993 0
2994 3209 12
3209 2994 0
2995 3209 12
3209 2995 0
2996 3209 12
3209 2996 0
2997 3209 12
3209 2997 0
2998 3209 12
3209 2998 0
2999 3209 12
3209 2999 0
3000 3209 12
3209 3000 0
3001 3209 12
3209 3001 0
3002 3209 12
3209 3002 0
3003 3209 12
3209 3003 0
3004 3209 12
3209 3004 0
3005 3209 12
3209 3005 0
3006 3209 12
3209 3006 0
3007 3209 12
3209 3007 0
3008 3209 12
3209 3008 0
3009 3209 12
3209 3009 0
3010 3209 12
3209 3010 0
3011 3209 12
3209 3011 0
3012 3209 12
3209 3012 0
3013 3209 12
3209 3013 0
3014 3209 12
3209 3014 0
3015 3209 12
3209 3015 0
3016 3209 12
3209 3016 0
3017 3209 12
3209 3017 0
3018 3209 12
3209 3018 0
3019 3209 12
3209 3019 0
3020 3209 12
3209 3020 0
3021 3209 12
3209 3021 0
3022 3209 12
3209 3022 0
3023 3209 12
3209 3023 0
3024 3209 12
3209 3024 0
3025 3209 12
3209 3025 0
3026 3209 12
3209 3026 0
3027 3209 12
3209 3027 0
3028 3209 12
3209 3028 0
3029 3209 12
3209 3029 0
3030 3209 12
3209 3030 0
3031 3209 12
3209 3031 0
3032 3209 12
3209 3032 0
3033 3209 12
3209 3033 0
3034 3209 12
3209 3034 0
3035 3209 12
3209 3035 0
3036 3209 12
3209 3036 0
3037 3209 12
3209 3037 0
3038 3209 12
3209 3038 0
3039 3209 12
3209 3039 0
3040 3209 12
3209 3040 0
3041 3209 12
3209 3041 0
3042 3209 12
3209 3042 0
3043 3209 12
3209 3043 0
3044 3209 12
3209 3044 0
3045 3209 12
3209 3045 0
3046 3209 12
3209 3046 0
3047 3209 12
3209 3047 0
3048 3209 12
3209 3048 0
3049 3209 12
3209 3049 0
3050 3209 12
3209 3050 0
3051 3209 12
3209 3051 0
3052 3209 12
3209 3052 0
3053 3209 12
3209 3053 0
3054 3209 12
3209 3054 0
3055 3209 12
3209 3055 0
3056 3209 12
3209 3056 0
3057 3209 12
3209 3057 0
3058 3209 12
3209 3058 0
3059 3209 12
3209 3059 0
3060 3209 12
3209 3060 0
3061 3209 12
3209 3061 0
3062 3209 12
3209 3062 0
3063 3209 12
3209 3063 0
3064 3209 12
3209 3064 0
3065 3209 12
3209 3065 0
3066 3209 12
3209 3066 0
3067 3209 12
3209 3067 0
3068 3209 12
3209 3068 0
3069 3209 12
3209 3069 0
3070 3209 12
3209 3070 0
3071 3209 12
3209 3071 0
3072 3209 12
3209 3072 0
3073 3209 12
3209 3073 0
3074 3209 12
3209 3074 0
3075 3209 12
3209 3075 0
3076 3209 12
3209 3076 0
3077 3209 12
3209 3077 0
3078 3209 12
3209 3078 0
3079 3209 12
3209 3079 0
3080 3209 12
3209 3080 0
3081 3209 12
3209 3081 0
3082 3209 12
3209 3082 0
3083 3209 12
3209 3083 0
3084 3209 12
3209 3084 0
3085 3209 12
3209 3085 0
3086 3209 12
3209 3086 0
3087 3209 12
3209 3087 0
3088 3209 12
3209 3088 0
3089 3209 12
3209 3089 0
3090 3209 12
3209 3090 0
3091 3209 12
3209 3091 0
3092 3209 12
3209 3092 0
3093 3209 12
3209 3093 0
3094 3209 12
3209 3094 0
3095 3209 12
3209 3095 0
3096 3209 12
3209 3096 0
3097 3209 12
3209 3097 0
3098 3209 12
3209 3098 0
3099 3209 12
3209 3099 0
3100 3209 12
3209 3100 0
3101 3209 12
3209 3101 0
3102 3209 12
3209 3102 0
3103 3209 12
3209 3103 0
3104 3209 12
3209 3104 0
3105 3209 12
3209 3105 0
3106 3209 12
3209 3106 0
3107 3209 12
3209 3107 0
3108 3209 12
3209 3108 0
3109 3209 12
3209 3109 0
3110 3209 12
3209 3110 0
3111 3209 12
3209 3111 0
3112 3209 12
3209 3112 0
3113 3209 12
3209 3113 0
3114 3209 12
3209 3114 0
3115 3209 12
3209 3115 0
3116 3209 12
3209 3116 0
3117 3209 12
3209 3117 0
3118 3209 12
3209 3118 0
3119 3209 12
3209 3119 0
3120 3209 12
3209 3120 0
3121 3209 12
3209 3121 0
3122 3209 12
3209 3122 0
3123 3209 12
3209 3123 0
3124 3209 12
3209 3124 0
3125 3209 12
3209 3125 0
3126 3209 12
3209 3126 0
3127 3209 12
3209 3127 0
3128 3209 12
3209 3128 0
3129 3209 12
3209 3129 0
3130 3209 12
3209 3130 0
3131 3209 12
3209 3131 0
3132 3209 12
3209 3132 0
3133 3209 12
3209 3133 0
3134 3209 12
3209 3134 0
3135 3209 12
3209 3135 0
3136 3209 12
3209 3136 0
3137 3209 12
3209 3137 0
3138 3209 12
3209 3138 0
3139 3209 12
3209 3139 0
3140 3209 12
3209 3140 0
3141 3209 12
3209 3141 0
3142 3209 12
3209 3142 0
3143 3209 12
3209 3143 0
3144 3209 12
3209 3144 0
3145 3209 12
3209 3145 0
3146 3209 12
3209 3146 0
3147 3209 12
3209 3147 0
3148 3209 12
3209 3148 0
3149 3209 12
3209 3149 0
3150 3209 12
3209 3150 0
3151 3209 12
3209 3151 0
3152 3209 12
3209 3152 0
3153 3209 12
3209 3153 0
3154 3209 12
3209 3154 0
3155 3209 12
3209 3155 0
3156 3209 12
3209 3156 0
3157 3209 12
3209 3157 0
3158 3209 12
3209 3158 0
3159 3209 12
3209 3159 0
3160 3209 12
3209 3160 0
3161 3209 12
3209 3161 0
3162 3209 12
3209 3162 0
3163 3209 12
3209 3163 0
3164 3209 12
3209 3164 0
3165 3209 12
3209 3165 0
3166 3209 12
3209 3166 0
3167 3209 12
3209 3167 0
3168 3209 12
3209 3168 0
3169 3209 12
3209 3169 0
3170 3209 12
3209 3170 0
3171 3209 12
3209 3171 0
3172 3209 12
3209 3172 0
3173 3209 12
3209 3173 0
3174 3209 12
3209 3174 0
3175 3209 12
3209 3175 0
3176 3209 12
3209 3176 0
3177 3209 12
3209 3177 0
3178 3209 12
3209 3178 0
3179 3209 12
3209 3179 0
3180 3209 12
3209 3180 0
3181 3209 12
3209 3181 0
3182 3209 12
3209 3182 0
3183 3209 12
3209 3183 0
3184 3209 12
3209 3184 0
3185 3209 12
3209 3185 0
3186 3209 12
3209 3186 0
3187 3209 12
3209 3187 0
3188 3209 12
3209 3188 0
3189 3209 12
3209 3189 0
3190 3209 12
3209 3190 0
3191 3209 12
3209 3191 0
3192 3209 12
3209 3192 0
3193 3209 12
3209 3193 0
3194 3209 12
3209 3194 0
3195 3209 12
3209 3195 0
3196 3209 12
3209 3196 0
3197 3209 12
3209 3197 0
3198 3209 12
3209 3198 0
3199 3209 12
3209 3199 0
3200 3209 12
3209 3200 0
3201 3209 12
3209 3201 0
3202 3209 12
3209 3202 0
3203 3209 12
3209 3203 0
3204 3209 12
3209 3204 0
3205 3209 12
3209 3205 0
3206 3209 12
3209 3206 0
3207 3209 12
3209 3207 0
3208 3209 12
3209 3208 0
