2352 2351 454 4702
1 2352 1
2352 1 0
2 2352 1
2352 2 0
3 2352 1
2352 3 0
4 2352 1
2352 4 0
5 2352 1
2352 5 0
6 2352 1
2352 6 0
7 2352 1
2352 7 0
8 2352 1
2352 8 0
9 2352 1
2352 9 0
10 2352 1
2352 10 0
11 2352 1
2352 11 0
12 2352 1
2352 12 0
13 2352 1
2352 13 0
14 2352 1
2352 14 0
15 2352 1
2352 15 0
16 2352 1
2352 16 0
17 2352 1
2352 17 0
18 2352 1
2352 18 0
19 2352 1
2352 19 0
20 2352 1
2352 20 0
21 2352 1
2352 21 0
22 2352 1
2352 22 0
23 2352 1
2352 23 0
24 2352 1
2352 24 0
25 2352 1
2352 25 0
26 2352 1
2352 26 0
27 2352 1
2352 27 0
28 2352 1
2352 28 0
29 2352 1
2352 29 0
30 2352 1
2352 30 0
31 2352 1
2352 31 0
32 2352 1
2352 32 0
33 2352 1
2352 33 0
34 2352 1
2352 34 0
35 2352 1
2352 35 0
36 2352 1
2352 36 0
37 2352 1
2352 37 0
38 2352 1
2352 38 0
39 2352 1
2352 39 0
40 2352 1
2352 40 0
41 2352 1
2352 41 0
42 2352 1
2352 42 0
43 2352 1
2352 43 0
44 2352 1
2352 44 0
45 2352 1
2352 45 0
46 2352 1
2352 46 0
47 2352 1
2352 47 0
48 2352 1
2352 48 0
49 2352 1
2352 49 0
50 2352 1
2352 50 0
51 2352 1
2352 51 0
52 2352 1
2352 52 0
53 2352 1
2352 53 0
54 2352 1
2352 54 0
55 2352 1
2352 55 0
56 2352 1
2352 56 0
57 2352 1
2352 57 0
58 2352 1
2352 58 0
59 2352 1
2352 59 0
60 2352 1
2352 60 0
61 2352 1
2352 61 0
62 2352 1
2352 62 0
63 2352 1
2352 63 0
64 2352 1
2352 64 0
65 2352 1
2352 65 0
66 2352 1
2352 66 0
67 2352 1
2352 67 0
68 2352 1
2352 68 0
69 2352 1
2352 69 0
70 2352 1
2352 70 0
71 2352 1
2352 71 0
72 2352 1
2352 72 0
73 2352 1
2352 73 0
74 2352 1
2352 74 0
75 2352 1
2352 75 0
76 2352 1
2352 76 0
77 2352 1
2352 77 0
78 2352 1
2352 78 0
79 2352 1
2352 79 0
80 2352 1
2352 80 0
81 2352 1
2352 81 0
82 2352 1
2352 82 0
83 2352 1
2352 83 0
84 2352 1
2352 84 0
85 2352 1
2352 85 0
86 2352 1
2352 86 0
87 2352 1
2352 87 0
88 2352 1
2352 88 0
89 2352 1
2352 89 0
90 2352 1
2352 90 0
91 2352 1
2352 91 0
92 2352 1
2352 92 0
93 2352 1
2352 93 0
94 2352 1
2352 94 0
95 2352 1
2352 95 0
96 2352 1
2352 96 0
97 2352 1
2352 97 0
98 2352 1
2352 98 0
99 2352 1
2352 99 0
100 2352 1
2352 100 0
101 2352 1
2352 101 0
102 2352 1
2352 102 0
103 2352 1
2352 103 0
104 2352 1
2352 104 0
105 2352 1
2352 105 0
106 2352 1
2352 106 0
107 2352 1
2352 107 0
108 2352 1
2352 108 0
109 2352 1
2352 109 0
110 2352 1
2352 110 0
111 2352 1
2352 111 0
112 2352 1
2352 112 0
113 2352 1
2352 113 0
114 2352 1
2352 114 0
115 2352 1
2352 115 0
116 2352 1
2352 116 0
117 2352 1
2352 117 0
118 2352 1
2352 118 0
119 2352 1
2352 119 0
120 2352 1
2352 120 0
121 2352 1
2352 121 0
122 2352 1
2352 122 0
123 2352 1
2352 123 0
124 2352 1
2352 124 0
125 2352 1
2352 125 0
126 2352 1
2352 126 0
127 2352 1
2352 127 0
128 2352 1
2352 128 0
129 2352 1
2352 129 0
130 2352 1
2352 130 0
131 2352 1
2352 131 0
132 2352 1
2352 132 0
133 2352 1
2352 133 0
134 2352 1
2352 134 0
135 2352 1
2352 135 0
136 2352 1
2352 136 0
137 2352 1
2352 137 0
138 2352 1
2352 138 0
139 2352 1
2352 139 0
140 2352 1
2352 140 0
141 2352 1
2352 141 0
142 2352 1
2352 142 0
143 2352 1
2352 143 0
144 2352 1
2352 144 0
145 2352 1
2352 145 0
146 2352 1
2352 146 0
147 2352 1
2352 147 0
148 2352 1
2352 148 0
149 2352 1
2352 149 0
150 2352 1
2352 150 0
151 2352 1
2352 151 0
152 2352 1
2352 152 0
153 2352 1
2352 153 0
154 2352 1
2352 154 0
155 2352 1
2352 155 0
156 2352 1
2352 156 0
157 2352 1
2352 157 0
158 2352 1
2352 158 0
159 2352 1
2352 159 0
160 2352 1
2352 160 0
161 2352 1
2352 161 0
162 2352 1
2352 162 0
163 2352 1
2352 163 0
164 2352 1
2352 164 0
165 2352 1
2352 165 0
166 2352 1
2352 166 0
167 2352 1
2352 167 0
168 2352 1
2352 168 0
169 2352 1
2352 169 0
170 2352 1
2352 170 0
171 2352 1
2352 171 0
172 2352 1
2352 172 0
173 2352 1
2352 173 0
174 2352 1
2352 174 0
175 2352 1
2352 175 0
176 2352 1
2352 176 0
177 2352 1
2352 177 0
178 2352 1
2352 178 0
179 2352 1
2352 179 0
180 2352 1
2352 180 0
181 2352 1
2352 181 0
182 2352 1
2352 182 0
183 2352 1
2352 183 0
184 2352 1
2352 184 0
185 2352 1
2352 185 0
186 2352 1
2352 186 0
187 2352 1
2352 187 0
188 2352 1
2352 188 0
189 2352 1
2352 189 0
190 2352 1
2352 190 0
191 2352 1
2352 191 0
192 2352 1
2352 192 0
193 2352 1
2352 193 0
194 2352 1
2352 194 0
195 2352 1
2352 195 0
196 2352 1
2352 196 0
197 2352 1
2352 197 0
198 2352 1
2352 198 0
199 2352 1
2352 199 0
200 2352 1
2352 200 0
201 2352 1
2352 201 0
202 2352 1
2352 202 0
203 2352 1
2352 203 0
204 2352 1
2352 204 0
205 2352 1
2352 205 0
206 2352 1
2352 206 0
207 2352 1
2352 207 0
208 2352 1
2352 208 0
209 2352 1
2352 209 0
210 2352 1
2352 210 0
211 2352 1
2352 211 0
212 2352 1
2352 212 0
213 2352 1
2352 213 0
214 2352 1
2352 214 0
215 2352 1
2352 215 0
216 2352 1
2352 216 0
217 2352 1
2352 217 0
218 2352 1
2352 218 0
219 2352 1
2352 219 0
220 2352 1
2352 220 0
221 2352 1
2352 221 0
222 2352 1
2352 222 0
223 2352 1
2352 223 0
224 2352 1
2352 224 0
225 2352 1
2352 225 0
226 2352 1
2352 226 0
227 2352 1
2352 227 0
228 2352 1
2352 228 0
229 2352 1
2352 229 0
230 2352 1
2352 230 0
231 2352 1
2352 231 0
232 2352 1
2352 232 0
233 2352 1
2352 233 0
234 2352 1
2352 234 0
235 2352 1
2352 235 0
236 2352 1
2352 236 0
237 2352 1
2352 237 0
238 2352 1
2352 238 0
239 2352 1
2352 239 0
240 2352 1
2352 240 0
241 2352 1
2352 241 0
242 2352 1
2352 242 0
243 2352 1
2352 243 0
244 2352 1
2352 244 0
245 2352 1
2352 245 0
246 2352 1
2352 246 0
247 2352 1
2352 247 0
248 2352 1
2352 248 0
249 2352 1
2352 249 0
250 2352 1
2352 250 0
251 2352 1
2352 251 0
252 2352 1
2352 252 0
253 2352 1
2352 253 0
254 2352 1
2352 254 0
255 2352 1
2352 255 0
256 2352 1
2352 256 0
257 2352 1
2352 257 0
258 2352 1
2352 258 0
259 2352 1
2352 259 0
260 2352 1
2352 260 0
261 2352 1
2352 261 0
262 2352 1
2352 262 0
263 2352 1
2352 263 0
264 2352 1
2352 264 0
265 2352 1
2352 265 0
266 2352 1
2352 266 0
267 2352 1
2352 267 0
268 2352 1
2352 268 0
269 2352 1
2352 269 0
270 2352 1
2352 270 0
271 2352 1
2352 271 0
272 2352 1
2352 272 0
273 2352 1
2352 273 0
274 2352 1
2352 274 0
275 2352 1
2352 275 0
276 2352 1
2352 276 0
277 2352 1
2352 277 0
278 2352 1
2352 278 0
279 2352 1
2352 279 0
280 2352 1
2352 280 0
281 2352 1
2352 281 0
282 2352 1
2352 282 0
283 2352 1
2352 283 0
284 2352 1
2352 284 0
285 2352 1
2352 285 0
286 2352 1
2352 286 0
287 2352 1
2352 287 0
288 2352 1
2352 288 0
289 2352 1
2352 289 0
290 2352 1
2352 290 0
291 2352 1
2352 291 0
292 2352 1
2352 292 0
293 2352 1
2352 293 0
294 2352 1
2352 294 0
295 2352 1
2352 295 0
296 2352 1
2352 296 0
297 2352 1
2352 297 0
298 2352 1
2352 298 0
299 2352 1
2352 299 0
300 2352 1
2352 300 0
301 2352 1
2352 301 0
302 2352 1
2352 302 0
303 2352 1
2352 303 0
304 2352 1
2352 304 0
305 2352 1
2352 305 0
306 2352 1
2352 306 0
307 2352 1
2352 307 0
308 2352 1
2352 308 0
309 2352 1
2352 309 0
310 2352 1
2352 310 0
311 2352 1
2352 311 0
312 2352 1
2352 312 0
313 2352 1
2352 313 0
314 2352 1
2352 314 0
315 2352 1
2352 315 0
316 2352 1
2352 316 0
317 2352 1
2352 317 0
318 2352 1
2352 318 0
319 2352 1
2352 319 0
320 2352 1
2352 320 0
321 2352 1
2352 321 0
322 2352 1
2352 322 0
323 2352 1
2352 323 0
324 2352 1
2352 324 0
325 2352 1
2352 325 0
326 2352 1
2352 326 0
327 2352 1
2352 327 0
328 2352 1
2352 328 0
329 2352 1
2352 329 0
330 2352 1
2352 330 0
331 2352 1
2352 331 0
332 2352 1
2352 332 0
333 2352 1
2352 333 0
334 2352 1
2352 334 0
335 2352 1
2352 335 0
336 2352 1
2352 336 0
337 2352 1
2352 337 0
338 2352 1
2352 338 0
339 2352 1
2352 339 0
340 2352 1
2352 340 0
341 2352 1
2352 341 0
342 2352 1
2352 342 0
343 2352 1
2352 343 0
344 2352 1
2352 344 0
345 2352 1
2352 345 0
346 2352 1
2352 346 0
347 2352 1
2352 347 0
348 2352 1
2352 348 0
349 2352 1
2352 349 0
350 2352 1
2352 350 0
351 2352 1
2352 351 0
352 2352 1
2352 352 0
353 2352 1
2352 353 0
354 2352 1
2352 354 0
355 2352 1
2352 355 0
356 2352 1
2352 356 0
357 2352 1
2352 357 0
358 2352 1
2352 358 0
359 2352 1
2352 359 0
360 2352 1
2352 360 0
361 2352 1
2352 361 0
362 2352 1
2352 362 0
363 2352 1
2352 363 0
364 2352 1
2352 364 0
365 2352 1
2352 365 0
366 2352 1
2352 366 0
367 2352 1
2352 367 0
368 2352 1
2352 368 0
369 2352 1
2352 369 0
370 2352 1
2352 370 0
371 2352 1
2352 371 0
372 2352 1
2352 372 0
373 2352 1
2352 373 0
374 2352 1
2352 374 0
375 2352 1
2352 375 0
376 2352 1
2352 376 0
377 2352 1
2352 377 0
378 2352 1
2352 378 0
379 2352 1
2352 379 0
380 2352 1
2352 380 0
381 2352 1
2352 381 0
382 2352 1
2352 382 0
383 2352 1
2352 383 0
384 2352 1
2352 384 0
385 2352 1
2352 385 0
386 2352 1
2352 386 0
387 2352 1
2352 387 0
388 2352 1
2352 388 0
389 2352 1
2352 389 0
390 2352 1
2352 390 0
391 2352 1
2352 391 0
392 2352 1
2352 392 0
393 2352 1
2352 393 0
394 2352 1
2352 394 0
395 2352 1
2352 395 0
396 2352 1
2352 396 0
397 2352 1
2352 397 0
398 2352 1
2352 398 0
399 2352 1
2352 399 0
400 2352 1
2352 400 0
401 2352 1
2352 401 0
402 2352 1
2352 402 0
403 2352 1
2352 403 0
404 2352 1
2352 404 0
405 2352 1
2352 405 0
406 2352 1
2352 406 0
407 2352 1
2352 407 0
408 2352 1
2352 408 0
409 2352 1
2352 409 0
410 2352 1
2352 410 0
411 2352 1
2352 411 0
412 2352 1
2352 412 0
413 2352 1
2352 413 0
414 2352 1
2352 414 0
415 2352 1
2352 415 0
416 2352 1
2352 416 0
417 2352 1
2352 417 0
418 2352 1
2352 418 0
419 2352 1
2352 419 0
420 2352 1
2352 420 0
421 2352 1
2352 421 0
422 2352 1
2352 422 0
423 2352 1
2352 423 0
424 2352 1
2352 424 0
425 2352 1
2352 425 0
426 2352 1
2352 426 0
427 2352 1
2352 427 0
428 2352 1
2352 428 0
429 2352 1
2352 429 0
430 2352 1
2352 430 0
431 2352 1
2352 431 0
432 2352 1
2352 432 0
433 2352 1
2352 433 0
434 2352 1
2352 434 0
435 2352 1
2352 435 0
436 2352 1
2352 436 0
437 2352 1
2352 437 0
438 2352 1
2352 438 0
439 2352 1
2352 439 0
440 2352 1
2352 440 0
441 2352 1
2352 441 0
442 2352 1
2352 442 0
443 2352 1
2352 443 0
444 2352 1
2352 444 0
445 2352 1
2352 445 0
446 2352 1
2352 446 0
447 2352 1
2352 447 0
448 2352 1
2352 448 0
449 2352 1
2352 449 0
450 2352 1
2352 450 0
451 2352 1
2352 451 0
452 2352 1
2352 452 0
453 2352 1
2352 453 0
454 2352 1
2352 454 0
455 2352 1
2352 455 0
456 2352 1
2352 456 0
457 2352 1
2352 457 0
458 2352 1
2352 458 0
459 2352 1
2352 459 0
460 2352 1
2352 460 0
461 2352 1
2352 461 0
462 2352 1
2352 462 0
463 2352 1
2352 463 0
464 2352 1
2352 464 0
465 2352 1
2352 465 0
466 2352 1
2352 466 0
467 2352 1
2352 467 0
468 2352 1
2352 468 0
469 2352 1
2352 469 0
470 2352 1
2352 470 0
471 2352 1
2352 471 0
472 2352 1
2352 472 0
473 2352 1
2352 473 0
474 2352 1
2352 474 0
475 2352 1
2352 475 0
476 2352 1
2352 476 0
477 2352 1
2352 477 0
478 2352 1
2352 478 0
479 2352 1
2352 479 0
480 2352 1
2352 480 0
481 2352 1
2352 481 0
482 2352 1
2352 482 0
483 2352 1
2352 483 0
484 2352 1
2352 484 0
485 2352 1
2352 485 0
486 2352 1
2352 486 0
487 2352 1
2352 487 0
488 2352 1
2352 488 0
489 2352 1
2352 489 0
490 2352 1
2352 490 0
491 2352 1
2352 491 0
492 2352 1
2352 492 0
493 2352 1
2352 493 0
494 2352 1
2352 494 0
495 2352 1
2352 495 0
496 2352 1
2352 496 0
497 2352 1
2352 497 0
498 2352 1
2352 498 0
499 2352 1
2352 499 0
500 2352 1
2352 500 0
501 2352 1
2352 501 0
502 2352 1
2352 502 0
503 2352 1
2352 503 0
504 2352 1
2352 504 0
505 2352 1
2352 505 0
506 2352 1
2352 506 0
507 2352 1
2352 507 0
508 2352 1
2352 508 0
509 2352 1
2352 509 0
510 2352 1
2352 510 0
511 2352 1
2352 511 0
512 2352 1
2352 512 0
513 2352 1
2352 513 0
514 2352 1
2352 514 0
515 2352 1
2352 515 0
516 2352 1
2352 516 0
517 2352 1
2352 517 0
518 2352 1
2352 518 0
519 2352 1
2352 519 0
520 2352 1
2352 520 0
521 2352 1
2352 521 0
522 2352 1
2352 522 0
523 2352 1
2352 523 0
524 2352 1
2352 524 0
525 2352 1
2352 525 0
526 2352 1
2352 526 0
527 2352 1
2352 527 0
528 2352 1
2352 528 0
529 2352 1
2352 529 0
530 2352 1
2352 530 0
531 2352 1
2352 531 0
532 2352 1
2352 532 0
533 2352 1
2352 533 0
534 2352 1
2352 534 0
535 2352 1
2352 535 0
536 2352 1
2352 536 0
537 2352 1
2352 537 0
538 2352 1
2352 538 0
539 2352 1
2352 539 0
540 2352 1
2352 540 0
541 2352 1
2352 541 0
542 2352 1
2352 542 0
543 2352 1
2352 543 0
544 2352 1
2352 544 0
545 2352 1
2352 545 0
546 2352 1
2352 546 0
547 2352 1
2352 547 0
548 2352 1
2352 548 0
549 2352 1
2352 549 0
550 2352 1
2352 550 0
551 2352 1
2352 551 0
552 2352 1
2352 552 0
553 2352 1
2352 553 0
554 2352 1
2352 554 0
555 2352 1
2352 555 0
556 2352 1
2352 556 0
557 2352 1
2352 557 0
558 2352 1
2352 558 0
559 2352 1
2352 559 0
560 2352 1
2352 560 0
561 2352 1
2352 561 0
562 2352 1
2352 562 0
563 2352 1
2352 563 0
564 2352 1
2352 564 0
565 2352 1
2352 565 0
566 2352 1
2352 566 0
567 2352 1
2352 567 0
568 2352 1
2352 568 0
569 2352 1
2352 569 0
570 2352 1
2352 570 0
571 2352 1
2352 571 0
572 2352 1
2352 572 0
573 2352 1
2352 573 0
574 2352 1
2352 574 0
575 2352 1
2352 575 0
576 2352 1
2352 576 0
577 2352 1
2352 577 0
578 2352 1
2352 578 0
579 2352 1
2352 579 0
580 2352 1
2352 580 0
581 2352 1
2352 581 0
582 2352 1
2352 582 0
583 2352 1
2352 583 0
584 2352 1
2352 584 0
585 2352 1
2352 585 0
586 2352 1
2352 586 0
587 2352 1
2352 587 0
588 2352 1
2352 588 0
589 2352 1
2352 589 0
590 2352 1
2352 590 0
591 2352 1
2352 591 0
592 2352 1
2352 592 0
593 2352 1
2352 593 0
594 2352 1
2352 594 0
595 2352 1
2352 595 0
596 2352 1
2352 596 0
597 2352 1
2352 597 0
598 2352 1
2352 598 0
599 2352 1
2352 599 0
600 2352 1
2352 600 0
601 2352 1
2352 601 0
602 2352 1
2352 602 0
603 2352 1
2352 603 0
604 2352 1
2352 604 0
605 2352 1
2352 605 0
606 2352 1
2352 606 0
607 2352 1
2352 607 0
608 2352 1
2352 608 0
609 2352 1
2352 609 0
610 2352 1
2352 610 0
611 2352 1
2352 611 0
612 2352 1
2352 612 0
613 2352 1
2352 613 0
614 2352 1
2352 614 0
615 2352 1
2352 615 0
616 2352 1
2352 616 0
617 2352 1
2352 617 0
618 2352 1
2352 618 0
619 2352 1
2352 619 0
620 2352 1
2352 620 0
621 2352 1
2352 621 0
622 2352 1
2352 622 0
623 2352 1
2352 623 0
624 2352 1
2352 624 0
625 2352 1
2352 625 0
626 2352 1
2352 626 0
627 2352 1
2352 627 0
628 2352 1
2352 628 0
629 2352 1
2352 629 0
630 2352 1
2352 630 0
631 2352 1
2352 631 0
632 2352 1
2352 632 0
633 2352 1
2352 633 0
634 2352 1
2352 634 0
635 2352 1
2352 635 0
636 2352 1
2352 636 0
637 2352 1
2352 637 0
638 2352 1
2352 638 0
639 2352 1
2352 639 0
640 2352 1
2352 640 0
641 2352 1
2352 641 0
642 2352 1
2352 642 0
643 2352 1
2352 643 0
644 2352 1
2352 644 0
645 2352 1
2352 645 0
646 2352 1
2352 646 0
647 2352 1
2352 647 0
648 2352 1
2352 648 0
649 2352 1
2352 649 0
650 2352 1
2352 650 0
651 2352 1
2352 651 0
652 2352 1
2352 652 0
653 2352 1
2352 653 0
654 2352 1
2352 654 0
655 2352 1
2352 655 0
656 2352 1
2352 656 0
657 2352 1
2352 657 0
658 2352 1
2352 658 0
659 2352 1
2352 659 0
660 2352 1
2352 660 0
661 2352 1
2352 661 0
662 2352 1
2352 662 0
663 2352 1
2352 663 0
664 2352 1
2352 664 0
665 2352 1
2352 665 0
666 2352 1
2352 666 0
667 2352 1
2352 667 0
668 2352 1
2352 668 0
669 2352 1
2352 669 0
670 2352 1
2352 670 0
671 2352 1
2352 671 0
672 2352 1
2352 672 0
673 2352 1
2352 673 0
674 2352 1
2352 674 0
675 2352 1
2352 675 0
676 2352 1
2352 676 0
677 2352 1
2352 677 0
678 2352 1
2352 678 0
679 2352 1
2352 679 0
680 2352 1
2352 680 0
681 2352 1
2352 681 0
682 2352 1
2352 682 0
683 2352 1
2352 683 0
684 2352 1
2352 684 0
685 2352 1
2352 685 0
686 2352 1
2352 686 0
687 2352 1
2352 687 0
688 2352 1
2352 688 0
689 2352 1
2352 689 0
690 2352 1
2352 690 0
691 2352 1
2352 691 0
692 2352 1
2352 692 0
693 2352 1
2352 693 0
694 2352 1
2352 694 0
695 2352 1
2352 695 0
696 2352 1
2352 696 0
697 2352 1
2352 697 0
698 2352 1
2352 698 0
699 2352 1
2352 699 0
700 2352 1
2352 700 0
701 2352 1
2352 701 0
702 2352 1
2352 702 0
703 2352 1
2352 703 0
704 2352 1
2352 704 0
705 2352 1
2352 705 0
706 2352 1
2352 706 0
707 2352 1
2352 707 0
708 2352 1
2352 708 0
709 2352 1
2352 709 0
710 2352 1
2352 710 0
711 2352 1
2352 711 0
712 2352 1
2352 712 0
713 2352 1
2352 713 0
714 2352 1
2352 714 0
715 2352 1
2352 715 0
716 2352 1
2352 716 0
717 2352 1
2352 717 0
718 2352 1
2352 718 0
719 2352 1
2352 719 0
720 2352 1
2352 720 0
721 2352 1
2352 721 0
722 2352 1
2352 722 0
723 2352 1
2352 723 0
724 2352 1
2352 724 0
725 2352 1
2352 725 0
726 2352 1
2352 726 0
727 2352 1
2352 727 0
728 2352 1
2352 728 0
729 2352 1
2352 729 0
730 2352 1
2352 730 0
731 2352 1
2352 731 0
732 2352 1
2352 732 0
733 2352 1
2352 733 0
734 2352 1
2352 734 0
735 2352 1
2352 735 0
736 2352 1
2352 736 0
737 2352 1
2352 737 0
738 2352 1
2352 738 0
739 2352 1
2352 739 0
740 2352 1
2352 740 0
741 2352 1
2352 741 0
742 2352 1
2352 742 0
743 2352 1
2352 743 0
744 2352 1
2352 744 0
745 2352 1
2352 745 0
746 2352 1
2352 746 0
747 2352 1
2352 747 0
748 2352 1
2352 748 0
749 2352 1
2352 749 0
750 2352 1
2352 750 0
751 2352 1
2352 751 0
752 2352 1
2352 752 0
753 2352 1
2352 753 0
754 2352 1
2352 754 0
755 2352 1
2352 755 0
756 2352 1
2352 756 0
757 2352 1
2352 757 0
758 2352 1
2352 758 0
759 2352 1
2352 759 0
760 2352 1
2352 760 0
761 2352 1
2352 761 0
762 2352 1
2352 762 0
763 2352 1
2352 763 0
764 2352 1
2352 764 0
765 2352 1
2352 765 0
766 2352 1
2352 766 0
767 2352 1
2352 767 0
768 2352 1
2352 768 0
769 2352 1
2352 769 0
770 2352 1
2352 770 0
771 2352 1
2352 771 0
772 2352 1
2352 772 0
773 2352 1
2352 773 0
774 2352 1
2352 774 0
775 2352 1
2352 775 0
776 2352 1
2352 776 0
777 2352 1
2352 777 0
778 2352 1
2352 778 0
779 2352 1
2352 779 0
780 2352 1
2352 780 0
781 2352 1
2352 781 0
782 2352 1
2352 782 0
783 2352 1
2352 783 0
784 2352 1
2352 784 0
785 2352 1
2352 785 0
786 2352 1
2352 786 0
787 2352 1
2352 787 0
788 2352 1
2352 788 0
789 2352 1
2352 789 0
790 2352 1
2352 790 0
791 2352 1
2352 791 0
792 2352 1
2352 792 0
793 2352 1
2352 793 0
794 2352 1
2352 794 0
795 2352 1
2352 795 0
796 2352 1
2352 796 0
797 2352 1
2352 797 0
798 2352 1
2352 798 0
799 2352 1
2352 799 0
800 2352 1
2352 800 0
801 2352 1
2352 801 0
802 2352 1
2352 802 0
803 2352 1
2352 803 0
804 2352 1
2352 804 0
805 2352 1
2352 805 0
806 2352 1
2352 806 0
807 2352 1
2352 807 0
808 2352 1
2352 808 0
809 2352 1
2352 809 0
810 2352 1
2352 810 0
811 2352 1
2352 811 0
812 2352 1
2352 812 0
813 2352 1
2352 813 0
814 2352 1
2352 814 0
815 2352 1
2352 815 0
816 2352 1
2352 816 0
817 2352 1
2352 817 0
818 2352 1
2352 818 0
819 2352 1
2352 819 0
820 2352 1
2352 820 0
821 2352 1
2352 821 0
822 2352 1
2352 822 0
823 2352 1
2352 823 0
824 2352 1
2352 824 0
825 2352 1
2352 825 0
826 2352 1
2352 826 0
827 2352 1
2352 827 0
828 2352 1
2352 828 0
829 2352 1
2352 829 0
830 2352 1
2352 830 0
831 2352 1
2352 831 0
832 2352 1
2352 832 0
833 2352 1
2352 833 0
834 2352 1
2352 834 0
835 2352 1
2352 835 0
836 2352 1
2352 836 0
837 2352 1
2352 837 0
838 2352 1
2352 838 0
839 2352 1
2352 839 0
840 2352 1
2352 840 0
841 2352 1
2352 841 0
842 2352 1
2352 842 0
843 2352 1
2352 843 0
844 2352 1
2352 844 0
845 2352 1
2352 845 0
846 2352 1
2352 846 0
847 2352 1
2352 847 0
848 2352 1
2352 848 0
849 2352 1
2352 849 0
850 2352 1
2352 850 0
851 2352 1
2352 851 0
852 2352 1
2352 852 0
853 2352 1
2352 853 0
854 2352 1
2352 854 0
855 2352 1
2352 855 0
856 2352 1
2352 856 0
857 2352 1
2352 857 0
858 2352 1
2352 858 0
859 2352 1
2352 859 0
860 2352 1
2352 860 0
861 2352 1
2352 861 0
862 2352 1
2352 862 0
863 2352 1
2352 863 0
864 2352 1
2352 864 0
865 2352 1
2352 865 0
866 2352 1
2352 866 0
867 2352 1
2352 867 0
868 2352 1
2352 868 0
869 2352 1
2352 869 0
870 2352 1
2352 870 0
871 2352 1
2352 871 0
872 2352 1
2352 872 0
873 2352 1
2352 873 0
874 2352 1
2352 874 0
875 2352 1
2352 875 0
876 2352 1
2352 876 0
877 2352 1
2352 877 0
878 2352 1
2352 878 0
879 2352 1
2352 879 0
880 2352 1
2352 880 0
881 2352 1
2352 881 0
882 2352 1
2352 882 0
883 2352 1
2352 883 0
884 2352 1
2352 884 0
885 2352 1
2352 885 0
886 2352 1
2352 886 0
887 2352 1
2352 887 0
888 2352 1
2352 888 0
889 2352 1
2352 889 0
890 2352 1
2352 890 0
891 2352 1
2352 891 0
892 2352 1
2352 892 0
893 2352 1
2352 893 0
894 2352 1
2352 894 0
895 2352 1
2352 895 0
896 2352 1
2352 896 0
897 2352 1
2352 897 0
898 2352 1
2352 898 0
899 2352 1
2352 899 0
900 2352 1
2352 900 0
901 2352 1
2352 901 0
902 2352 1
2352 902 0
903 2352 1
2352 903 0
904 2352 1
2352 904 0
905 2352 1
2352 905 0
906 2352 1
2352 906 0
907 2352 1
2352 907 0
908 2352 1
2352 908 0
909 2352 1
2352 909 0
910 2352 1
2352 910 0
911 2352 1
2352 911 0
912 2352 1
2352 912 0
913 2352 1
2352 913 0
914 2352 1
2352 914 0
915 2352 1
2352 915 0
916 2352 1
2352 916 0
917 2352 1
2352 917 0
918 2352 1
2352 918 0
919 2352 1
2352 919 0
920 2352 1
2352 920 0
921 2352 1
2352 921 0
922 2352 1
2352 922 0
923 2352 1
2352 923 0
924 2352 1
2352 924 0
925 2352 1
2352 925 0
926 2352 1
2352 926 0
927 2352 1
2352 927 0
928 2352 1
2352 928 0
929 2352 1
2352 929 0
930 2352 1
2352 930 0
931 2352 1
2352 931 0
932 2352 1
2352 932 0
933 2352 1
2352 933 0
934 2352 1
2352 934 0
935 2352 1
2352 935 0
936 2352 1
2352 936 0
937 2352 1
2352 937 0
938 2352 1
2352 938 0
939 2352 1
2352 939 0
940 2352 1
2352 940 0
941 2352 1
2352 941 0
942 2352 1
2352 942 0
943 2352 1
2352 943 0
944 2352 1
2352 944 0
945 2352 1
2352 945 0
946 2352 1
2352 946 0
947 2352 1
2352 947 0
948 2352 1
2352 948 0
949 2352 1
2352 949 0
950 2352 1
2352 950 0
951 2352 1
2352 951 0
952 2352 1
2352 952 0
953 2352 1
2352 953 0
954 2352 1
2352 954 0
955 2352 1
2352 955 0
956 2352 1
2352 956 0
957 2352 1
2352 957 0
958 2352 1
2352 958 0
959 2352 1
2352 959 0
960 2352 1
2352 960 0
961 2352 1
2352 961 0
962 2352 1
2352 962 0
963 2352 1
2352 963 0
964 2352 1
2352 964 0
965 2352 1
2352 965 0
966 2352 1
2352 966 0
967 2352 1
2352 967 0
968 2352 1
2352 968 0
969 2352 1
2352 969 0
970 2352 1
2352 970 0
971 2352 1
2352 971 0
972 2352 1
2352 972 0
973 2352 1
2352 973 0
974 2352 1
2352 974 0
975 2352 1
2352 975 0
976 2352 1
2352 976 0
977 2352 1
2352 977 0
978 2352 1
2352 978 0
979 2352 1
2352 979 0
980 2352 1
2352 980 0
981 2352 1
2352 981 0
982 2352 1
2352 982 0
983 2352 1
2352 983 0
984 2352 1
2352 984 0
985 2352 1
2352 985 0
986 2352 1
2352 986 0
987 2352 1
2352 987 0
988 2352 1
2352 988 0
989 2352 1
2352 989 0
990 2352 1
2352 990 0
991 2352 1
2352 991 0
992 2352 1
2352 992 0
993 2352 1
2352 993 0
994 2352 1
2352 994 0
995 2352 1
2352 995 0
996 2352 1
2352 996 0
997 2352 1
2352 997 0
998 2352 1
2352 998 0
999 2352 1
2352 999 0
1000 2352 1
2352 1000 0
1001 2352 1
2352 1001 0
1002 2352 1
2352 1002 0
1003 2352 1
2352 1003 0
1004 2352 1
2352 1004 0
1005 2352 1
2352 1005 0
1006 2352 1
2352 1006 0
1007 2352 1
2352 1007 0
1008 2352 1
2352 1008 0
1009 2352 1
2352 1009 0
1010 2352 1
2352 1010 0
1011 2352 1
2352 1011 0
1012 2352 1
2352 1012 0
1013 2352 1
2352 1013 0
1014 2352 1
2352 1014 0
1015 2352 1
2352 1015 0
1016 2352 1
2352 1016 0
1017 2352 1
2352 1017 0
1018 2352 1
2352 1018 0
1019 2352 1
2352 1019 0
1020 2352 1
2352 1020 0
1021 2352 1
2352 1021 0
1022 2352 1
2352 1022 0
1023 2352 1
2352 1023 0
1024 2352 1
2352 1024 0
1025 2352 1
2352 1025 0
1026 2352 1
2352 1026 0
1027 2352 1
2352 1027 0
1028 2352 1
2352 1028 0
1029 2352 1
2352 1029 0
1030 2352 1
2352 1030 0
1031 2352 1
2352 1031 0
1032 2352 1
2352 1032 0
1033 2352 1
2352 1033 0
1034 2352 1
2352 1034 0
1035 2352 1
2352 1035 0
1036 2352 1
2352 1036 0
1037 2352 1
2352 1037 0
1038 2352 1
2352 1038 0
1039 2352 1
2352 1039 0
1040 2352 1
2352 1040 0
1041 2352 1
2352 1041 0
1042 2352 1
2352 1042 0
1043 2352 1
2352 1043 0
1044 2352 1
2352 1044 0
1045 2352 1
2352 1045 0
1046 2352 1
2352 1046 0
1047 2352 1
2352 1047 0
1048 2352 1
2352 1048 0
1049 2352 1
2352 1049 0
1050 2352 1
2352 1050 0
1051 2352 1
2352 1051 0
1052 2352 1
2352 1052 0
1053 2352 1
2352 1053 0
1054 2352 1
2352 1054 0
1055 2352 1
2352 1055 0
1056 2352 1
2352 1056 0
1057 2352 1
2352 1057 0
1058 2352 1
2352 1058 0
1059 2352 1
2352 1059 0
1060 2352 1
2352 1060 0
1061 2352 1
2352 1061 0
1062 2352 1
2352 1062 0
1063 2352 1
2352 1063 0
1064 2352 1
2352 1064 0
1065 2352 1
2352 1065 0
1066 2352 1
2352 1066 0
1067 2352 1
2352 1067 0
1068 2352 1
2352 1068 0
1069 2352 1
2352 1069 0
1070 2352 1
2352 1070 0
1071 2352 1
2352 1071 0
1072 2352 1
2352 1072 0
1073 2352 1
2352 1073 0
1074 2352 1
2352 1074 0
1075 2352 1
2352 1075 0
1076 2352 1
2352 1076 0
1077 2352 1
2352 1077 0
1078 2352 1
2352 1078 0
1079 2352 1
2352 1079 0
1080 2352 1
2352 1080 0
1081 2352 1
2352 1081 0
1082 2352 1
2352 1082 0
1083 2352 1
2352 1083 0
1084 2352 1
2352 1084 0
1085 2352 1
2352 1085 0
1086 2352 1
2352 1086 0
1087 2352 1
2352 1087 0
1088 2352 1
2352 1088 0
1089 2352 1
2352 1089 0
1090 2352 1
2352 1090 0
1091 2352 1
2352 1091 0
1092 2352 1
2352 1092 0
1093 2352 1
2352 1093 0
1094 2352 1
2352 1094 0
1095 2352 1
2352 1095 0
1096 2352 1
2352 1096 0
1097 2352 1
2352 1097 0
1098 2352 1
2352 1098 0
1099 2352 1
2352 1099 0
1100 2352 1
2352 1100 0
1101 2352 1
2352 1101 0
1102 2352 1
2352 1102 0
1103 2352 1
2352 1103 0
1104 2352 1
2352 1104 0
1105 2352 1
2352 1105 0
1106 2352 1
2352 1106 0
1107 2352 1
2352 1107 0
1108 2352 1
2352 1108 0
1109 2352 1
2352 1109 0
1110 2352 1
2352 1110 0
1111 2352 1
2352 1111 0
1112 2352 1
2352 1112 0
1113 2352 1
2352 1113 0
1114 2352 1
2352 1114 0
1115 2352 1
2352 1115 0
1116 2352 1
2352 1116 0
1117 2352 1
2352 1117 0
1118 2352 1
2352 1118 0
1119 2352 1
2352 1119 0
1120 2352 1
2352 1120 0
1121 2352 1
2352 1121 0
1122 2352 1
2352 1122 0
1123 2352 1
2352 1123 0
1124 2352 1
2352 1124 0
1125 2352 1
2352 1125 0
1126 2352 1
2352 1126 0
1127 2352 1
2352 1127 0
1128 2352 1
2352 1128 0
1129 2352 1
2352 1129 0
1130 2352 1
2352 1130 0
1131 2352 1
2352 1131 0
1132 2352 1
2352 1132 0
1133 2352 1
2352 1133 0
1134 2352 1
2352 1134 0
1135 2352 1
2352 1135 0
1136 2352 1
2352 1136 0
1137 2352 1
2352 1137 0
1138 2352 1
2352 1138 0
1139 2352 1
2352 1139 0
1140 2352 1
2352 1140 0
1141 2352 1
2352 1141 0
1142 2352 1
2352 1142 0
1143 2352 1
2352 1143 0
1144 2352 1
2352 1144 0
1145 2352 1
2352 1145 0
1146 2352 1
2352 1146 0
1147 2352 1
2352 1147 0
1148 2352 1
2352 1148 0
1149 2352 1
2352 1149 0
1150 2352 1
2352 1150 0
1151 2352 1
2352 1151 0
1152 2352 1
2352 1152 0
1153 2352 1
2352 1153 0
1154 2352 1
2352 1154 0
1155 2352 1
2352 1155 0
1156 2352 1
2352 1156 0
1157 2352 1
2352 1157 0
1158 2352 1
2352 1158 0
1159 2352 1
2352 1159 0
1160 2352 1
2352 1160 0
1161 2352 1
2352 1161 0
1162 2352 1
2352 1162 0
1163 2352 1
2352 1163 0
1164 2352 1
2352 1164 0
1165 2352 1
2352 1165 0
1166 2352 1
2352 1166 0
1167 2352 1
2352 1167 0
1168 2352 1
2352 1168 0
1169 2352 1
2352 1169 0
1170 2352 1
2352 1170 0
1171 2352 1
2352 1171 0
1172 2352 1
2352 1172 0
1173 2352 1
2352 1173 0
1174 2352 1
2352 1174 0
1175 2352 1
2352 1175 0
1176 2352 1
2352 1176 0
1177 2352 1
2352 1177 0
1178 2352 1
2352 1178 0
1179 2352 1
2352 1179 0
1180 2352 1
2352 1180 0
1181 2352 1
2352 1181 0
1182 2352 1
2352 1182 0
1183 2352 1
2352 1183 0
1184 2352 1
2352 1184 0
1185 2352 1
2352 1185 0
1186 2352 1
2352 1186 0
1187 2352 1
2352 1187 0
1188 2352 1
2352 1188 0
1189 2352 1
2352 1189 0
1190 2352 1
2352 1190 0
1191 2352 29
2352 1191 0
1192 2352 29
2352 1192 0
1193 2352 29
2352 1193 0
1194 2352 29
2352 1194 0
1195 2352 29
2352 1195 0
1196 2352 29
2352 1196 0
1197 2352 29
2352 1197 0
1198 2352 29
2352 1198 0
1199 2352 29
2352 1199 0
1200 2352 29
2352 1200 0
1201 2352 29
2352 1201 0
1202 2352 29
2352 1202 0
1203 2352 29
2352 1203 0
1204 2352 29
2352 1204 0
1205 2352 29
2352 1205 0
1206 2352 29
2352 1206 0
1207 2352 29
2352 1207 0
1208 2352 29
2352 1208 0
1209 2352 29
2352 1209 0
1210 2352 29
2352 1210 0
1211 2352 29
2352 1211 0
1212 2352 29
2352 1212 0
1213 2352 29
2352 1213 0
1214 2352 29
2352 1214 0
1215 2352 29
2352 1215 0
1216 2352 29
2352 1216 0
1217 2352 29
2352 1217 0
1218 2352 29
2352 1218 0
1219 2352 29
2352 1219 0
1220 2352 29
2352 1220 0
1221 2352 29
2352 1221 0
1222 2352 29
2352 1222 0
1223 2352 29
2352 1223 0
1224 2352 29
2352 1224 0
1225 2352 29
2352 1225 0
1226 2352 29
2352 1226 0
1227 2352 29
2352 1227 0
1228 2352 29
2352 1228 0
1229 2352 29
2352 1229 0
1230 2352 29
2352 1230 0
1231 2352 29
2352 1231 0
1232 2352 29
2352 1232 0
1233 2352 29
2352 1233 0
1234 2352 29
2352 1234 0
1235 2352 29
2352 1235 0
1236 2352 29
2352 1236 0
1237 2352 29
2352 1237 0
1238 2352 29
2352 1238 0
1239 2352 29
2352 1239 0
1240 2352 29
2352 1240 0
1241 2352 29
2352 1241 0
1242 2352 29
2352 1242 0
1243 2352 29
2352 1243 0
1244 2352 29
2352 1244 0
1245 2352 29
2352 1245 0
1246 2352 29
2352 1246 0
1247 2352 29
2352 1247 0
1248 2352 29
2352 1248 0
1249 2352 29
2352 1249 0
1250 2352 29
2352 1250 0
1251 2352 29
2352 1251 0
1252 2352 29
2352 1252 0
1253 2352 29
2352 1253 0
1254 2352 29
2352 1254 0
1255 2352 29
2352 1255 0
1256 2352 29
2352 1256 0
1257 2352 29
2352 1257 0
1258 2352 29
2352 1258 0
1259 2352 29
2352 1259 0
1260 2352 29
2352 1260 0
1261 2352 29
2352 1261 0
1262 2352 29
2352 1262 0
1263 2352 29
2352 1263 0
1264 2352 29
2352 1264 0
1265 2352 29
2352 1265 0
1266 2352 29
2352 1266 0
1267 2352 29
2352 1267 0
1268 2352 29
2352 1268 0
1269 2352 29
2352 1269 0
1270 2352 29
2352 1270 0
1271 2352 29
2352 1271 0
1272 2352 29
2352 1272 0
1273 2352 29
2352 1273 0
1274 2352 29
2352 1274 0
1275 2352 29
2352 1275 0
1276 2352 29
2352 1276 0
1277 2352 29
2352 1277 0
1278 2352 29
2352 1278 0
1279 2352 29
2352 1279 0
1280 2352 29
2352 1280 0
1281 2352 29
2352 1281 0
1282 2352 29
2352 1282 0
1283 2352 29
2352 1283 0
1284 2352 29
2352 1284 0
1285 2352 29
2352 1285 0
1286 2352 29
2352 1286 0
1287 2352 29
2352 1287 0
1288 2352 29
2352 1288 0
1289 2352 29
2352 1289 0
1290 2352 29
2352 1290 0
1291 2352 29
2352 1291 0
1292 2352 29
2352 1292 0
1293 2352 29
2352 1293 0
1294 2352 29
2352 1294 0
1295 2352 29
2352 1295 0
1296 2352 29
2352 1296 0
1297 2352 29
2352 1297 0
1298 2352 29
2352 1298 0
1299 2352 29
2352 1299 0
1300 2352 29
2352 1300 0
1301 2352 29
2352 1301 0
1302 2352 29
2352 1302 0
1303 2352 29
2352 1303 0
1304 2352 29
2352 1304 0
1305 2352 29
2352 1305 0
1306 2352 29
2352 1306 0
1307 2352 29
2352 1307 0
1308 2352 29
2352 1308 0
1309 2352 29
2352 1309 0
1310 2352 29
2352 1310 0
1311 2352 29
2352 1311 0
1312 2352 29
2352 1312 0
1313 2352 29
2352 1313 0
1314 2352 29
2352 1314 0
1315 2352 29
2352 1315 0
1316 2352 29
2352 1316 0
1317 2352 29
2352 1317 0
1318 2352 29
2352 1318 0
1319 2352 29
2352 1319 0
1320 2352 29
2352 1320 0
1321 2352 29
2352 1321 0
1322 2352 29
2352 1322 0
1323 2352 29
2352 1323 0
1324 2352 29
2352 1324 0
1325 2352 29
2352 1325 0
1326 2352 29
2352 1326 0
1327 2352 29
2352 1327 0
1328 2352 29
2352 1328 0
1329 2352 29
2352 1329 0
1330 2352 29
2352 1330 0
1331 2352 29
2352 1331 0
1332 2352 29
2352 1332 0
1333 2352 29
2352 1333 0
1334 2352 29
2352 1334 0
1335 2352 29
2352 1335 0
1336 2352 29
2352 1336 0
1337 2352 29
2352 1337 0
1338 2352 29
2352 1338 0
1339 2352 29
2352 1339 0
1340 2352 29
2352 1340 0
1341 2352 29
2352 1341 0
1342 2352 29
2352 1342 0
1343 2352 29
2352 1343 0
1344 2352 29
2352 1344 0
1345 2352 29
2352 1345 0
1346 2352 29
2352 1346 0
1347 2352 29
2352 1347 0
1348 2352 29
2352 1348 0
1349 2352 29
2352 1349 0
1350 2352 29
2352 1350 0
1351 2352 29
2352 1351 0
1352 2352 29
2352 1352 0
1353 2352 29
2352 1353 0
1354 2352 29
2352 1354 0
1355 2352 29
2352 1355 0
1356 2352 29
2352 1356 0
1357 2352 29
2352 1357 0
1358 2352 29
2352 1358 0
1359 2352 29
2352 1359 0
1360 2352 29
2352 1360 0
1361 2352 29
2352 1361 0
1362 2352 29
2352 1362 0
1363 2352 29
2352 1363 0
1364 2352 29
2352 1364 0
1365 2352 29
2352 1365 0
1366 2352 29
2352 1366 0
1367 2352 29
2352 1367 0
1368 2352 29
2352 1368 0
1369 2352 29
2352 1369 0
1370 2352 29
2352 1370 0
1371 2352 29
2352 1371 0
1372 2352 29
2352 1372 0
1373 2352 29
2352 1373 0
1374 2352 29
2352 1374 0
1375 2352 29
2352 1375 0
1376 2352 29
2352 1376 0
1377 2352 29
2352 1377 0
1378 2352 29
2352 1378 0
1379 2352 29
2352 1379 0
1380 2352 29
2352 1380 0
1381 2352 29
2352 1381 0
1382 2352 29
2352 1382 0
1383 2352 29
2352 1383 0
1384 2352 29
2352 1384 0
1385 2352 29
2352 1385 0
1386 2352 29
2352 1386 0
1387 2352 29
2352 1387 0
1388 2352 29
2352 1388 0
1389 2352 29
2352 1389 0
1390 2352 29
2352 1390 0
1391 2352 29
2352 1391 0
1392 2352 29
2352 1392 0
1393 2352 29
2352 1393 0
1394 2352 29
2352 1394 0
1395 2352 29
2352 1395 0
1396 2352 29
2352 1396 0
1397 2352 29
2352 1397 0
1398 2352 29
2352 1398 0
1399 2352 29
2352 1399 0
1400 2352 29
2352 1400 0
1401 2352 29
2352 1401 0
1402 2352 29
2352 1402 0
1403 2352 29
2352 1403 0
1404 2352 29
2352 1404 0
1405 2352 29
2352 1405 0
1406 2352 29
2352 1406 0
1407 2352 29
2352 1407 0
1408 2352 29
2352 1408 0
1409 2352 29
2352 1409 0
1410 2352 29
2352 1410 0
1411 2352 29
2352 1411 0
1412 2352 29
2352 1412 0
1413 2352 29
2352 1413 0
1414 2352 29
2352 1414 0
1415 2352 29
2352 1415 0
1416 2352 29
2352 1416 0
1417 2352 29
2352 1417 0
1418 2352 29
2352 1418 0
1419 2352 29
2352 1419 0
1420 2352 29
2352 1420 0
1421 2352 29
2352 1421 0
1422 2352 29
2352 1422 0
1423 2352 29
2352 1423 0
1424 2352 29
2352 1424 0
1425 2352 29
2352 1425 0
1426 2352 29
2352 1426 0
1427 2352 29
2352 1427 0
1428 2352 29
2352 1428 0
1429 2352 29
2352 1429 0
1430 2352 29
2352 1430 0
1431 2352 29
2352 1431 0
1432 2352 29
2352 1432 0
1433 2352 29
2352 1433 0
1434 2352 29
2352 1434 0
1435 2352 29
2352 1435 0
1436 2352 29
2352 1436 0
1437 2352 29
2352 1437 0
1438 2352 29
2352 1438 0
1439 2352 29
2352 1439 0
1440 2352 29
2352 1440 0
1441 2352 29
2352 1441 0
1442 2352 29
2352 1442 0
1443 2352 29
2352 1443 0
1444 2352 29
2352 1444 0
1445 2352 29
2352 1445 0
1446 2352 29
2352 1446 0
1447 2352 29
2352 1447 0
1448 2352 29
2352 1448 0
1449 2352 29
2352 1449 0
1450 2352 29
2352 1450 0
1451 2352 29
2352 1451 0
1452 2352 29
2352 1452 0
1453 2352 29
2352 1453 0
1454 2352 29
2352 1454 0
1455 2352 29
2352 1455 0
1456 2352 29
2352 1456 0
1457 2352 29
2352 1457 0
1458 2352 29
2352 1458 0
1459 2352 29
2352 1459 0
1460 2352 29
2352 1460 0
1461 2352 29
2352 1461 0
1462 2352 29
2352 1462 0
1463 2352 29
2352 1463 0
1464 2352 29
2352 1464 0
1465 2352 29
2352 1465 0
1466 2352 29
2352 1466 0
1467 2352 29
2352 1467 0
1468 2352 29
2352 1468 0
1469 2352 29
2352 1469 0
1470 2352 29
2352 1470 0
1471 2352 29
2352 1471 0
1472 2352 29
2352 1472 0
1473 2352 29
2352 1473 0
1474 2352 29
2352 1474 0
1475 2352 29
2352 1475 0
1476 2352 29
2352 1476 0
1477 2352 29
2352 1477 0
1478 2352 29
2352 1478 0
1479 2352 29
2352 1479 0
1480 2352 29
2352 1480 0
1481 2352 29
2352 1481 0
1482 2352 29
2352 1482 0
1483 2352 29
2352 1483 0
1484 2352 29
2352 1484 0
1485 2352 29
2352 1485 0
1486 2352 29
2352 1486 0
1487 2352 29
2352 1487 0
1488 2352 29
2352 1488 0
1489 2352 29
2352 1489 0
1490 2352 29
2352 1490 0
1491 2352 29
2352 1491 0
1492 2352 29
2352 1492 0
1493 2352 29
2352 1493 0
1494 2352 29
2352 1494 0
1495 2352 29
2352 1495 0
1496 2352 29
2352 1496 0
1497 2352 29
2352 1497 0
1498 2352 29
2352 1498 0
1499 2352 29
2352 1499 0
1500 2352 29
2352 1500 0
1501 2352 29
2352 1501 0
1502 2352 29
2352 1502 0
1503 2352 29
2352 1503 0
1504 2352 29
2352 1504 0
1505 2352 29
2352 1505 0
1506 2352 29
2352 1506 0
1507 2352 29
2352 1507 0
1508 2352 29
2352 1508 0
1509 2352 29
2352 1509 0
1510 2352 29
2352 1510 0
1511 2352 29
2352 1511 0
1512 2352 29
2352 1512 0
1513 2352 29
2352 1513 0
1514 2352 29
2352 1514 0
1515 2352 29
2352 1515 0
1516 2352 29
2352 1516 0
1517 2352 29
2352 1517 0
1518 2352 29
2352 1518 0
1519 2352 29
2352 1519 0
1520 2352 29
2352 1520 0
1521 2352 29
2352 1521 0
1522 2352 29
2352 1522 0
1523 2352 29
2352 1523 0
1524 2352 29
2352 1524 0
1525 2352 29
2352 1525 0
1526 2352 29
2352 1526 0
1527 2352 29
2352 1527 0
1528 2352 29
2352 1528 0
1529 2352 29
2352 1529 0
1530 2352 29
2352 1530 0
1531 2352 29
2352 1531 0
1532 2352 29
2352 1532 0
1533 2352 29
2352 1533 0
1534 2352 29
2352 1534 0
1535 2352 29
2352 1535 0
1536 2352 29
2352 1536 0
1537 2352 29
2352 1537 0
1538 2352 29
2352 1538 0
1539 2352 29
2352 1539 0
1540 2352 29
2352 1540 0
1541 2352 29
2352 1541 0
1542 2352 29
2352 1542 0
1543 2352 29
2352 1543 0
1544 2352 29
2352 1544 0
1545 2352 29
2352 1545 0
1546 2352 29
2352 1546 0
1547 2352 29
2352 1547 0
1548 2352 29
2352 1548 0
1549 2352 29
2352 1549 0
1550 2352 29
2352 1550 0
1551 2352 29
2352 1551 0
1552 2352 29
2352 1552 0
1553 2352 29
2352 1553 0
1554 2352 29
2352 1554 0
1555 2352 29
2352 1555 0
1556 2352 29
2352 1556 0
1557 2352 29
2352 1557 0
1558 2352 29
2352 1558 0
1559 2352 29
2352 1559 0
1560 2352 29
2352 1560 0
1561 2352 29
2352 1561 0
1562 2352 29
2352 1562 0
1563 2352 29
2352 1563 0
1564 2352 29
2352 1564 0
1565 2352 29
2352 1565 0
1566 2352 29
2352 1566 0
1567 2352 29
2352 1567 0
1568 2352 29
2352 1568 0
1569 2352 29
2352 1569 0
1570 2352 29
2352 1570 0
1571 2352 29
2352 1571 0
1572 2352 29
2352 1572 0
1573 2352 29
2352 1573 0
1574 2352 29
2352 1574 0
1575 2352 29
2352 1575 0
1576 2352 29
2352 1576 0
1577 2352 29
2352 1577 0
1578 2352 29
2352 1578 0
1579 2352 29
2352 1579 0
1580 2352 29
2352 1580 0
1581 2352 29
2352 1581 0
1582 2352 29
2352 1582 0
1583 2352 29
2352 1583 0
1584 2352 29
2352 1584 0
1585 2352 29
2352 1585 0
1586 2352 29
2352 1586 0
1587 2352 29
2352 1587 0
1588 2352 29
2352 1588 0
1589 2352 29
2352 1589 0
1590 2352 29
2352 1590 0
1591 2352 29
2352 1591 0
1592 2352 29
2352 1592 0
1593 2352 29
2352 1593 0
1594 2352 29
2352 1594 0
1595 2352 29
2352 1595 0
1596 2352 29
2352 1596 0
1597 2352 29
2352 1597 0
1598 2352 29
2352 1598 0
1599 2352 29
2352 1599 0
1600 2352 29
2352 1600 0
1601 2352 29
2352 1601 0
1602 2352 29
2352 1602 0
1603 2352 29
2352 1603 0
1604 2352 29
2352 1604 0
1605 2352 29
2352 1605 0
1606 2352 29
2352 1606 0
1607 2352 29
2352 1607 0
1608 2352 29
2352 1608 0
1609 2352 29
2352 1609 0
1610 2352 29
2352 1610 0
1611 2352 29
2352 1611 0
1612 2352 29
2352 1612 0
1613 2352 29
2352 1613 0
1614 2352 29
2352 1614 0
1615 2352 29
2352 1615 0
1616 2352 29
2352 1616 0
1617 2352 29
2352 1617 0
1618 2352 29
2352 1618 0
1619 2352 29
2352 1619 0
1620 2352 29
2352 1620 0
1621 2352 29
2352 1621 0
1622 2352 29
2352 1622 0
1623 2352 29
2352 1623 0
1624 2352 29
2352 1624 0
1625 2352 29
2352 1625 0
1626 2352 29
2352 1626 0
1627 2352 29
2352 1627 0
1628 2352 29
2352 1628 0
1629 2352 29
2352 1629 0
1630 2352 29
2352 1630 0
1631 2352 29
2352 1631 0
1632 2352 29
2352 1632 0
1633 2352 29
2352 1633 0
1634 2352 29
2352 1634 0
1635 2352 29
2352 1635 0
1636 2352 29
2352 1636 0
1637 2352 29
2352 1637 0
1638 2352 29
2352 1638 0
1639 2352 29
2352 1639 0
1640 2352 29
2352 1640 0
1641 2352 29
2352 1641 0
1642 2352 29
2352 1642 0
1643 2352 29
2352 1643 0
1644 2352 29
2352 1644 0
1645 2352 29
2352 1645 0
1646 2352 29
2352 1646 0
1647 2352 29
2352 1647 0
1648 2352 29
2352 1648 0
1649 2352 29
2352 1649 0
1650 2352 29
2352 1650 0
1651 2352 29
2352 1651 0
1652 2352 29
2352 1652 0
1653 2352 29
2352 1653 0
1654 2352 29
2352 1654 0
1655 2352 29
2352 1655 0
1656 2352 29
2352 1656 0
1657 2352 29
2352 1657 0
1658 2352 29
2352 1658 0
1659 2352 29
2352 1659 0
1660 2352 29
2352 1660 0
1661 2352 29
2352 1661 0
1662 2352 29
2352 1662 0
1663 2352 29
2352 1663 0
1664 2352 29
2352 1664 0
1665 2352 29
2352 1665 0
1666 2352 29
2352 1666 0
1667 2352 29
2352 1667 0
1668 2352 29
2352 1668 0
1669 2352 29
2352 1669 0
1670 2352 29
2352 1670 0
1671 2352 29
2352 1671 0
1672 2352 29
2352 1672 0
1673 2352 29
2352 1673 0
1674 2352 29
2352 1674 0
1675 2352 29
2352 1675 0
1676 2352 29
2352 1676 0
1677 2352 29
2352 1677 0
1678 2352 29
2352 1678 0
1679 2352 29
2352 1679 0
1680 2352 29
2352 1680 0
1681 2352 29
2352 1681 0
1682 2352 29
2352 1682 0
1683 2352 29
2352 1683 0
1684 2352 29
2352 1684 0
1685 2352 29
2352 1685 0
1686 2352 29
2352 1686 0
1687 2352 29
2352 1687 0
1688 2352 29
2352 1688 0
1689 2352 29
2352 1689 0
1690 2352 29
2352 1690 0
1691 2352 29
2352 1691 0
1692 2352 29
2352 1692 0
1693 2352 29
2352 1693 0
1694 2352 29
2352 1694 0
1695 2352 29
2352 1695 0
1696 2352 29
2352 1696 0
1697 2352 29
2352 1697 0
1698 2352 29
2352 1698 0
1699 2352 29
2352 1699 0
1700 2352 29
2352 1700 0
1701 2352 29
2352 1701 0
1702 2352 29
2352 1702 0
1703 2352 29
2352 1703 0
1704 2352 29
2352 1704 0
1705 2352 29
2352 1705 0
1706 2352 29
2352 1706 0
1707 2352 29
2352 1707 0
1708 2352 29
2352 1708 0
1709 2352 29
2352 1709 0
1710 2352 29
2352 1710 0
1711 2352 29
2352 1711 0
1712 2352 29
2352 1712 0
1713 2352 29
2352 1713 0
1714 2352 29
2352 1714 0
1715 2352 29
2352 1715 0
1716 2352 29
2352 1716 0
1717 2352 29
2352 1717 0
1718 2352 29
2352 1718 0
1719 2352 29
2352 1719 0
1720 2352 29
2352 1720 0
1721 2352 29
2352 1721 0
1722 2352 29
2352 1722 0
1723 2352 29
2352 1723 0
1724 2352 29
2352 1724 0
1725 2352 29
2352 1725 0
1726 2352 29
2352 1726 0
1727 2352 29
2352 1727 0
1728 2352 29
2352 1728 0
1729 2352 29
2352 1729 0
1730 2352 29
2352 1730 0
1731 2352 29
2352 1731 0
1732 2352 29
2352 1732 0
1733 2352 29
2352 1733 0
1734 2352 29
2352 1734 0
1735 2352 29
2352 1735 0
1736 2352 29
2352 1736 0
1737 2352 29
2352 1737 0
1738 2352 29
2352 1738 0
1739 2352 29
2352 1739 0
1740 2352 29
2352 1740 0
1741 2352 29
2352 1741 0
1742 2352 29
2352 1742 0
1743 2352 29
2352 1743 0
1744 2352 29
2352 1744 0
1745 2352 29
2352 1745 0
1746 2352 29
2352 1746 0
1747 2352 29
2352 1747 0
1748 2352 29
2352 1748 0
1749 2352 29
2352 1749 0
1750 2352 29
2352 1750 0
1751 2352 29
2352 1751 0
1752 2352 29
2352 1752 0
1753 2352 29
2352 1753 0
1754 2352 29
2352 1754 0
1755 2352 29
2352 1755 0
1756 2352 29
2352 1756 0
1757 2352 29
2352 1757 0
1758 2352 29
2352 1758 0
1759 2352 29
2352 1759 0
1760 2352 29
2352 1760 0
1761 2352 29
2352 1761 0
1762 2352 29
2352 1762 0
1763 2352 29
2352 1763 0
1764 2352 29
2352 1764 0
1765 2352 29
2352 1765 0
1766 2352 29
2352 1766 0
1767 2352 29
2352 1767 0
1768 2352 29
2352 1768 0
1769 2352 29
2352 1769 0
1770 2352 29
2352 1770 0
1771 2352 29
2352 1771 0
1772 2352 29
2352 1772 0
1773 2352 29
2352 1773 0
1774 2352 29
2352 1774 0
1775 2352 29
2352 1775 0
1776 2352 29
2352 1776 0
1777 2352 29
2352 1777 0
1778 2352 29
2352 1778 0
1779 2352 29
2352 1779 0
1780 2352 29
2352 1780 0
1781 2352 29
2352 1781 0
1782 2352 29
2352 1782 0
1783 2352 29
2352 1783 0
1784 2352 29
2352 1784 0
1785 2352 29
2352 1785 0
1786 2352 29
2352 1786 0
1787 2352 29
2352 1787 0
1788 2352 29
2352 1788 0
1789 2352 29
2352 1789 0
1790 2352 29
2352 1790 0
1791 2352 29
2352 1791 0
1792 2352 29
2352 1792 0
1793 2352 29
2352 1793 0
1794 2352 29
2352 1794 0
1795 2352 29
2352 1795 0
1796 2352 29
2352 1796 0
1797 2352 29
2352 1797 0
1798 2352 29
2352 1798 0
1799 2352 29
2352 1799 0
1800 2352 29
2352 1800 0
1801 2352 29
2352 1801 0
1802 2352 29
2352 1802 0
1803 2352 29
2352 1803 0
1804 2352 29
2352 1804 0
1805 2352 29
2352 1805 0
1806 2352 29
2352 1806 0
1807 2352 29
2352 1807 0
1808 2352 29
2352 1808 0
1809 2352 29
2352 1809 0
1810 2352 29
2352 1810 0
1811 2352 29
2352 1811 0
1812 2352 29
2352 1812 0
1813 2352 29
2352 1813 0
1814 2352 29
2352 1814 0
1815 2352 29
2352 1815 0
1816 2352 29
2352 1816 0
1817 2352 29
2352 1817 0
1818 2352 29
2352 1818 0
1819 2352 29
2352 1819 0
1820 2352 29
2352 1820 0
1821 2352 29
2352 1821 0
1822 2352 29
2352 1822 0
1823 2352 29
2352 1823 0
1824 2352 29
2352 1824 0
1825 2352 29
2352 1825 0
1826 2352 29
2352 1826 0
1827 2352 29
2352 1827 0
1828 2352 29
2352 1828 0
1829 2352 29
2352 1829 0
1830 2352 29
2352 1830 0
1831 2352 29
2352 1831 0
1832 2352 29
2352 1832 0
1833 2352 29
2352 1833 0
1834 2352 29
2352 1834 0
1835 2352 29
2352 1835 0
1836 2352 29
2352 1836 0
1837 2352 29
2352 1837 0
1838 2352 29
2352 1838 0
1839 2352 29
2352 1839 0
1840 2352 29
2352 1840 0
1841 2352 29
2352 1841 0
1842 2352 29
2352 1842 0
1843 2352 29
2352 1843 0
1844 2352 29
2352 1844 0
1845 2352 29
2352 1845 0
1846 2352 29
2352 1846 0
1847 2352 29
2352 1847 0
1848 2352 29
2352 1848 0
1849 2352 29
2352 1849 0
1850 2352 29
2352 1850 0
1851 2352 29
2352 1851 0
1852 2352 29
2352 1852 0
1853 2352 29
2352 1853 0
1854 2352 29
2352 1854 0
1855 2352 29
2352 1855 0
1856 2352 29
2352 1856 0
1857 2352 29
2352 1857 0
1858 2352 29
2352 1858 0
1859 2352 29
2352 1859 0
1860 2352 29
2352 1860 0
1861 2352 29
2352 1861 0
1862 2352 29
2352 1862 0
1863 2352 29
2352 1863 0
1864 2352 29
2352 1864 0
1865 2352 29
2352 1865 0
1866 2352 29
2352 1866 0
1867 2352 29
2352 1867 0
1868 2352 29
2352 1868 0
1869 2352 29
2352 1869 0
1870 2352 29
2352 1870 0
1871 2352 29
2352 1871 0
1872 2352 29
2352 1872 0
1873 2352 29
2352 1873 0
1874 2352 29
2352 1874 0
1875 2352 29
2352 1875 0
1876 2352 29
2352 1876 0
1877 2352 29
2352 1877 0
1878 2352 29
2352 1878 0
1879 2352 29
2352 1879 0
1880 2352 29
2352 1880 0
1881 2352 29
2352 1881 0
1882 2352 29
2352 1882 0
1883 2352 29
2352 1883 0
1884 2352 29
2352 1884 0
1885 2352 29
2352 1885 0
1886 2352 29
2352 1886 0
1887 2352 29
2352 1887 0
1888 2352 29
2352 1888 0
1889 2352 29
2352 1889 0
1890 2352 29
2352 1890 0
1891 2352 29
2352 1891 0
1892 2352 29
2352 1892 0
1893 2352 29
2352 1893 0
1894 2352 29
2352 1894 0
1895 2352 29
2352 1895 0
1896 2352 29
2352 1896 0
1897 2352 29
2352 1897 0
1898 2352 29
2352 1898 0
1899 2352 29
2352 1899 0
1900 2352 29
2352 1900 0
1901 2352 29
2352 1901 0
1902 2352 29
2352 1902 0
1903 2352 29
2352 1903 0
1904 2352 29
2352 1904 0
1905 2352 29
2352 1905 0
1906 2352 29
2352 1906 0
1907 2352 29
2352 1907 0
1908 2352 29
2352 1908 0
1909 2352 29
2352 1909 0
1910 2352 29
2352 1910 0
1911 2352 29
2352 1911 0
1912 2352 29
2352 1912 0
1913 2352 29
2352 1913 0
1914 2352 29
2352 1914 0
1915 2352 29
2352 1915 0
1916 2352 29
2352 1916 0
1917 2352 29
2352 1917 0
1918 2352 29
2352 1918 0
1919 2352 29
2352 1919 0
1920 2352 29
2352 1920 0
1921 2352 29
2352 1921 0
1922 2352 29
2352 1922 0
1923 2352 29
2352 1923 0
1924 2352 29
2352 1924 0
1925 2352 29
2352 1925 0
1926 2352 29
2352 1926 0
1927 2352 29
2352 1927 0
1928 2352 29
2352 1928 0
1929 2352 29
2352 1929 0
1930 2352 29
2352 1930 0
1931 2352 29
2352 1931 0
1932 2352 29
2352 1932 0
1933 2352 29
2352 1933 0
1934 2352 29
2352 1934 0
1935 2352 29
2352 1935 0
1936 2352 29
2352 1936 0
1937 2352 29
2352 1937 0
1938 2352 29
2352 1938 0
1939 2352 29
2352 1939 0
1940 2352 29
2352 1940 0
1941 2352 29
2352 1941 0
1942 2352 29
2352 1942 0
1943 2352 29
2352 1943 0
1944 2352 29
2352 1944 0
1945 2352 29
2352 1945 0
1946 2352 29
2352 1946 0
1947 2352 29
2352 1947 0
1948 2352 29
2352 1948 0
1949 2352 29
2352 1949 0
1950 2352 29
2352 1950 0
1951 2352 29
2352 1951 0
1952 2352 29
2352 1952 0
1953 2352 29
2352 1953 0
1954 2352 29
2352 1954 0
1955 2352 29
2352 1955 0
1956 2352 29
2352 1956 0
1957 2352 29
2352 1957 0
1958 2352 29
2352 1958 0
1959 2352 29
2352 1959 0
1960 2352 29
2352 1960 0
1961 2352 29
2352 1961 0
1962 2352 29
2352 1962 0
1963 2352 29
2352 1963 0
1964 2352 29
2352 1964 0
1965 2352 29
2352 1965 0
1966 2352 29
2352 1966 0
1967 2352 29
2352 1967 0
1968 2352 29
2352 1968 0
1969 2352 29
2352 1969 0
1970 2352 29
2352 1970 0
1971 2352 29
2352 1971 0
1972 2352 29
2352 1972 0
1973 2352 29
2352 1973 0
1974 2352 29
2352 1974 0
1975 2352 29
2352 1975 0
1976 2352 29
2352 1976 0
1977 2352 29
2352 1977 0
1978 2352 29
2352 1978 0
1979 2352 29
2352 1979 0
1980 2352 29
2352 1980 0
1981 2352 29
2352 1981 0
1982 2352 29
2352 1982 0
1983 2352 29
2352 1983 0
1984 2352 29
2352 1984 0
1985 2352 29
2352 1985 0
1986 2352 29
2352 1986 0
1987 2352 29
2352 1987 0
1988 2352 29
2352 1988 0
1989 2352 29
2352 1989 0
1990 2352 29
2352 1990 0
1991 2352 29
2352 1991 0
1992 2352 29
2352 1992 0
1993 2352 29
2352 1993 0
1994 2352 29
2352 1994 0
1995 2352 29
2352 1995 0
1996 2352 29
2352 1996 0
1997 2352 29
2352 1997 0
1998 2352 29
2352 1998 0
1999 2352 29
2352 1999 0
2000 2352 29
2352 2000 0
2001 2352 29
2352 2001 0
2002 2352 29
2352 2002 0
2003 2352 29
2352 2003 0
2004 2352 29
2352 2004 0
2005 2352 29
2352 2005 0
2006 2352 29
2352 2006 0
2007 2352 29
2352 2007 0
2008 2352 29
2352 2008 0
2009 2352 29
2352 2009 0
2010 2352 29
2352 2010 0
2011 2352 29
2352 2011 0
2012 2352 29
2352 2012 0
2013 2352 29
2352 2013 0
2014 2352 29
2352 2014 0
2015 2352 29
2352 2015 0
2016 2352 29
2352 2016 0
2017 2352 29
2352 2017 0
2018 2352 29
2352 2018 0
2019 2352 29
2352 2019 0
2020 2352 29
2352 2020 0
2021 2352 29
2352 2021 0
2022 2352 29
2352 2022 0
2023 2352 29
2352 2023 0
2024 2352 29
2352 2024 0
2025 2352 29
2352 2025 0
2026 2352 29
2352 2026 0
2027 2352 29
2352 2027 0
2028 2352 29
2352 2028 0
2029 2352 29
2352 2029 0
2030 2352 29
2352 2030 0
2031 2352 29
2352 2031 0
2032 2352 29
2352 2032 0
2033 2352 29
2352 2033 0
2034 2352 29
2352 2034 0
2035 2352 29
2352 2035 0
2036 2352 29
2352 2036 0
2037 2352 29
2352 2037 0
2038 2352 29
2352 2038 0
2039 2352 29
2352 2039 0
2040 2352 29
2352 2040 0
2041 2352 29
2352 2041 0
2042 2352 29
2352 2042 0
2043 2352 29
2352 2043 0
2044 2352 29
2352 2044 0
2045 2352 29
2352 2045 0
2046 2352 29
2352 2046 0
2047 2352 29
2352 2047 0
2048 2352 29
2352 2048 0
2049 2352 29
2352 2049 0
2050 2352 29
2352 2050 0
2051 2352 29
2352 2051 0
2052 2352 29
2352 2052 0
2053 2352 29
2352 2053 0
2054 2352 29
2352 2054 0
2055 2352 29
2352 2055 0
2056 2352 29
2352 2056 0
2057 2352 29
2352 2057 0
2058 2352 29
2352 2058 0
2059 2352 29
2352 2059 0
2060 2352 29
2352 2060 0
2061 2352 29
2352 2061 0
2062 2352 29
2352 2062 0
2063 2352 29
2352 2063 0
2064 2352 29
2352 2064 0
2065 2352 29
2352 2065 0
2066 2352 29
2352 2066 0
2067 2352 29
2352 2067 0
2068 2352 29
2352 2068 0
2069 2352 29
2352 2069 0
2070 2352 29
2352 2070 0
2071 2352 29
2352 2071 0
2072 2352 29
2352 2072 0
2073 2352 29
2352 2073 0
2074 2352 29
2352 2074 0
2075 2352 29
2352 2075 0
2076 2352 29
2352 2076 0
2077 2352 29
2352 2077 0
2078 2352 29
2352 2078 0
2079 2352 29
2352 2079 0
2080 2352 29
2352 2080 0
2081 2352 29
2352 2081 0
2082 2352 29
2352 2082 0
2083 2352 29
2352 2083 0
2084 2352 29
2352 2084 0
2085 2352 29
2352 2085 0
2086 2352 29
2352 2086 0
2087 2352 29
2352 2087 0
2088 2352 29
2352 2088 0
2089 2352 29
2352 2089 0
2090 2352 29
2352 2090 0
2091 2352 29
2352 2091 0
2092 2352 29
2352 2092 0
2093 2352 29
2352 2093 0
2094 2352 29
2352 2094 0
2095 2352 29
2352 2095 0
2096 2352 29
2352 2096 0
2097 2352 29
2352 2097 0
2098 2352 29
2352 2098 0
2099 2352 29
2352 2099 0
2100 2352 29
2352 2100 0
2101 2352 29
2352 2101 0
2102 2352 29
2352 2102 0
2103 2352 29
2352 2103 0
2104 2352 29
2352 2104 0
2105 2352 29
2352 2105 0
2106 2352 29
2352 2106 0
2107 2352 29
2352 2107 0
2108 2352 29
2352 2108 0
2109 2352 29
2352 2109 0
2110 2352 29
2352 2110 0
2111 2352 29
2352 2111 0
2112 2352 29
2352 2112 0
2113 2352 29
2352 2113 0
2114 2352 29
2352 2114 0
2115 2352 29
2352 2115 0
2116 2352 29
2352 2116 0
2117 2352 29
2352 2117 0
2118 2352 29
2352 2118 0
2119 2352 29
2352 2119 0
2120 2352 29
2352 2120 0
2121 2352 29
2352 2121 0
2122 2352 29
2352 2122 0
2123 2352 29
2352 2123 0
2124 2352 29
2352 2124 0
2125 2352 29
2352 2125 0
2126 2352 29
2352 2126 0
2127 2352 29
2352 2127 0
2128 2352 29
2352 2128 0
2129 2352 29
2352 2129 0
2130 2352 29
2352 2130 0
2131 2352 29
2352 2131 0
2132 2352 29
2352 2132 0
2133 2352 29
2352 2133 0
2134 2352 29
2352 2134 0
2135 2352 29
2352 2135 0
2136 2352 29
2352 2136 0
2137 2352 29
2352 2137 0
2138 2352 29
2352 2138 0
2139 2352 29
2352 2139 0
2140 2352 29
2352 2140 0
2141 2352 29
2352 2141 0
2142 2352 29
2352 2142 0
2143 2352 29
2352 2143 0
2144 2352 29
2352 2144 0
2145 2352 29
2352 2145 0
2146 2352 29
2352 2146 0
2147 2352 29
2352 2147 0
2148 2352 29
2352 2148 0
2149 2352 29
2352 2149 0
2150 2352 29
2352 2150 0
2151 2352 29
2352 2151 0
2152 2352 29
2352 2152 0
2153 2352 29
2352 2153 0
2154 2352 29
2352 2154 0
2155 2352 29
2352 2155 0
2156 2352 29
2352 2156 0
2157 2352 29
2352 2157 0
2158 2352 29
2352 2158 0
2159 2352 29
2352 2159 0
2160 2352 29
2352 2160 0
2161 2352 29
2352 2161 0
2162 2352 29
2352 2162 0
2163 2352 29
2352 2163 0
2164 2352 29
2352 2164 0
2165 2352 29
2352 2165 0
2166 2352 29
2352 2166 0
2167 2352 29
2352 2167 0
2168 2352 29
2352 2168 0
2169 2352 29
2352 2169 0
2170 2352 29
2352 2170 0
2171 2352 29
2352 2171 0
2172 2352 29
2352 2172 0
2173 2352 29
2352 2173 0
2174 2352 29
2352 2174 0
2175 2352 29
2352 2175 0
2176 2352 29
2352 2176 0
2177 2352 29
2352 2177 0
2178 2352 29
2352 2178 0
2179 2352 29
2352 2179 0
2180 2352 29
2352 2180 0
2181 2352 29
2352 2181 0
2182 2352 29
2352 2182 0
2183 2352 29
2352 2183 0
2184 2352 29
2352 2184 0
2185 2352 29
2352 2185 0
2186 2352 29
2352 2186 0
2187 2352 29
2352 2187 0
2188 2352 29
2352 2188 0
2189 2352 29
2352 2189 0
2190 2352 29
2352 2190 0
2191 2352 29
2352 2191 0
2192 2352 29
2352 2192 0
2193 2352 29
2352 2193 0
2194 2352 29
2352 2194 0
2195 2352 29
2352 2195 0
2196 2352 29
2352 2196 0
2197 2352 29
2352 2197 0
2198 2352 29
2352 2198 0
2199 2352 29
2352 2199 0
2200 2352 29
2352 2200 0
2201 2352 29
2352 2201 0
2202 2352 29
2352 2202 0
2203 2352 29
2352 2203 0
2204 2352 29
2352 2204 0
2205 2352 29
2352 2205 0
2206 2352 29
2352 2206 0
2207 2352 29
2352 2207 0
2208 2352 29
2352 2208 0
2209 2352 29
2352 2209 0
2210 2352 29
2352 2210 0
2211 2352 29
2352 2211 0
2212 2352 29
2352 2212 0
2213 2352 29
2352 2213 0
2214 2352 29
2352 2214 0
2215 2352 29
2352 2215 0
2216 2352 29
2352 2216 0
2217 2352 29
2352 2217 0
2218 2352 29
2352 2218 0
2219 2352 29
2352 2219 0
2220 2352 29
2352 2220 0
2221 2352 29
2352 2221 0
2222 2352 29
2352 2222 0
2223 2352 29
2352 2223 0
2224 2352 29
2352 2224 0
2225 2352 29
2352 2225 0
2226 2352 29
2352 2226 0
2227 2352 29
2352 2227 0
2228 2352 29
2352 2228 0
2229 2352 29
2352 2229 0
2230 2352 29
2352 2230 0
2231 2352 29
2352 2231 0
2232 2352 29
2352 2232 0
2233 2352 29
2352 2233 0
2234 2352 29
2352 2234 0
2235 2352 29
2352 2235 0
2236 2352 29
2352 2236 0
2237 2352 29
2352 2237 0
2238 2352 29
2352 2238 0
2239 2352 29
2352 2239 0
2240 2352 29
2352 2240 0
2241 2352 29
2352 2241 0
2242 2352 29
2352 2242 0
2243 2352 29
2352 2243 0
2244 2352 29
2352 2244 0
2245 2352 29
2352 2245 0
2246 2352 29
2352 2246 0
2247 2352 29
2352 2247 0
2248 2352 29
2352 2248 0
2249 2352 29
2352 2249 0
2250 2352 29
2352 2250 0
2251 2352 29
2352 2251 0
2252 2352 29
2352 2252 0
2253 2352 29
2352 2253 0
2254 2352 29
2352 2254 0
2255 2352 29
2352 2255 0
2256 2352 29
2352 2256 0
2257 2352 29
2352 2257 0
2258 2352 29
2352 2258 0
2259 2352 29
2352 2259 0
2260 2352 29
2352 2260 0
2261 2352 29
2352 2261 0
2262 2352 29
2352 2262 0
2263 2352 29
2352 2263 0
2264 2352 29
2352 2264 0
2265 2352 29
2352 2265 0
2266 2352 29
2352 2266 0
2267 2352 29
2352 2267 0
2268 2352 29
2352 2268 0
2269 2352 29
2352 2269 0
2270 2352 29
2352 2270 0
2271 2352 29
2352 2271 0
2272 2352 29
2352 2272 0
2273 2352 29
2352 2273 0
2274 2352 29
2352 2274 0
2275 2352 29
2352 2275 0
2276 2352 29
2352 2276 0
2277 2352 29
2352 2277 0
2278 2352 29
2352 2278 0
2279 2352 29
2352 2279 0
2280 2352 29
2352 2280 0
2281 2352 29
2352 2281 0
2282 2352 29
2352 2282 0
2283 2352 29
2352 2283 0
2284 2352 29
2352 2284 0
2285 2352 29
2352 2285 0
2286 2352 29
2352 2286 0
2287 2352 29
2352 2287 0
2288 2352 29
2352 2288 0
2289 2352 29
2352 2289 0
2290 2352 29
2352 2290 0
2291 2352 29
2352 2291 0
2292 2352 29
2352 2292 0
2293 2352 29
2352 2293 0
2294 2352 29
2352 2294 0
2295 2352 29
2352 2295 0
2296 2352 29
2352 2296 0
2297 2352 29
2352 2297 0
2298 2352 29
2352 2298 0
2299 2352 29
2352 2299 0
2300 2352 29
2352 2300 0
2301 2352 29
2352 2301 0
2302 2352 29
2352 2302 0
2303 2352 29
2352 2303 0
2304 2352 29
2352 2304 0
2305 2352 29
2352 2305 0
2306 2352 29
2352 2306 0
2307 2352 29
2352 2307 0
2308 2352 29
2352 2308 0
2309 2352 29
2352 2309 0
2310 2352 29
2352 2310 0
2311 2352 29
2352 2311 0
2312 2352 29
2352 2312 0
2313 2352 29
2352 2313 0
2314 2352 29
2352 2314 0
2315 2352 29
2352 2315 0
2316 2352 29
2352 2316 0
2317 2352 29
2352 2317 0
2318 2352 29
2352 2318 0
2319 2352 29
2352 2319 0
2320 2352 29
2352 2320 0
2321 2352 29
2352 2321 0
2322 2352 29
2352 2322 0
2323 2352 29
2352 2323 0
2324 2352 29
2352 2324 0
2325 2352 29
2352 2325 0
2326 2352 29
2352 2326 0
2327 2352 29
2352 2327 0
2328 2352 29
2352 2328 0
2329 2352 29
2352 2329 0
2330 2352 29
2352 2330 0
2331 2352 29
2352 2331 0
2332 2352 29
2352 2332 0
2333 2352 29
2352 2333 0
2334 2352 29
2352 2334 0
2335 2352 29
2352 2335 0
2336 2352 29
2352 2336 0
2337 2352 29
2352 2337 0
2338 2352 29
2352 2338 0
2339 2352 29
2352 2339 0
2340 2352 29
2352 2340 0
2341 2352 29
2352 2341 0
2342 2352 29
2352 2342 0
2343 2352 29
2352 2343 0
2344 2352 29
2352 2344 0
2345 2352 29
2352 2345 0
2346 2352 29
2352 2346 0
2347 2352 29
2352 2347 0
2348 2352 29
2352 2348 0
2349 2352 29
2352 2349 0
2350 2352 29
2352 2350 0
2351 2352 29
2352 2351 0
