2298 2297 115 4594
1 2298 1
2298 1 0
2 2298 1
2298 2 0
3 2298 1
2298 3 0
4 2298 1
2298 4 0
5 2298 1
2298 5 0
6 2298 1
2298 6 0
7 2298 1
2298 7 0
8 2298 1
2298 8 0
9 2298 1
2298 9 0
10 2298 1
2298 10 0
11 2298 1
2298 11 0
12 2298 1
2298 12 0
13 2298 1
2298 13 0
14 2298 1
2298 14 0
15 2298 1
2298 15 0
16 2298 1
2298 16 0
17 2298 1
2298 17 0
18 2298 1
2298 18 0
19 2298 1
2298 19 0
20 2298 1
2298 20 0
21 2298 1
2298 21 0
22 2298 1
2298 22 0
23 2298 1
2298 23 0
24 2298 1
2298 24 0
25 2298 1
2298 25 0
26 2298 1
2298 26 0
27 2298 1
2298 27 0
28 2298 1
2298 28 0
29 2298 1
2298 29 0
30 2298 1
2298 30 0
31 2298 1
2298 31 0
32 2298 1
2298 32 0
33 2298 1
2298 33 0
34 2298 1
2298 34 0
35 2298 1
2298 35 0
36 2298 1
2298 36 0
37 2298 1
2298 37 0
38 2298 1
2298 38 0
39 2298 1
2298 39 0
40 2298 1
2298 40 0
41 2298 1
2298 41 0
42 2298 1
2298 42 0
43 2298 1
2298 43 0
44 2298 1
2298 44 0
45 2298 1
2298 45 0
46 2298 1
2298 46 0
47 2298 1
2298 47 0
48 2298 1
2298 48 0
49 2298 1
2298 49 0
50 2298 1
2298 50 0
51 2298 1
2298 51 0
52 2298 1
2298 52 0
53 2298 1
2298 53 0
54 2298 1
2298 54 0
55 2298 1
2298 55 0
56 2298 1
2298 56 0
57 2298 1
2298 57 0
58 2298 1
2298 58 0
59 2298 1
2298 59 0
60 2298 1
2298 60 0
61 2298 1
2298 61 0
62 2298 1
2298 62 0
63 2298 1
2298 63 0
64 2298 1
2298 64 0
65 2298 1
2298 65 0
66 2298 1
2298 66 0
67 2298 1
2298 67 0
68 2298 1
2298 68 0
69 2298 1
2298 69 0
70 2298 1
2298 70 0
71 2298 1
2298 71 0
72 2298 1
2298 72 0
73 2298 1
2298 73 0
74 2298 1
2298 74 0
75 2298 1
2298 75 0
76 2298 1
2298 76 0
77 2298 1
2298 77 0
78 2298 1
2298 78 0
79 2298 1
2298 79 0
80 2298 1
2298 80 0
81 2298 1
2298 81 0
82 2298 1
2298 82 0
83 2298 1
2298 83 0
84 2298 1
2298 84 0
85 2298 1
2298 85 0
86 2298 1
2298 86 0
87 2298 1
2298 87 0
88 2298 1
2298 88 0
89 2298 1
2298 89 0
90 2298 1
2298 90 0
91 2298 1
2298 91 0
92 2298 1
2298 92 0
93 2298 1
2298 93 0
94 2298 1
2298 94 0
95 2298 1
2298 95 0
96 2298 1
2298 96 0
97 2298 1
2298 97 0
98 2298 1
2298 98 0
99 2298 1
2298 99 0
100 2298 1
2298 100 0
101 2298 1
2298 101 0
102 2298 1
2298 102 0
103 2298 1
2298 103 0
104 2298 1
2298 104 0
105 2298 1
2298 105 0
106 2298 1
2298 106 0
107 2298 1
2298 107 0
108 2298 1
2298 108 0
109 2298 1
2298 109 0
110 2298 1
2298 110 0
111 2298 1
2298 111 0
112 2298 1
2298 112 0
113 2298 1
2298 113 0
114 2298 1
2298 114 0
115 2298 1
2298 115 0
116 2298 1
2298 116 0
117 2298 1
2298 117 0
118 2298 1
2298 118 0
119 2298 1
2298 119 0
120 2298 1
2298 120 0
121 2298 1
2298 121 0
122 2298 1
2298 122 0
123 2298 1
2298 123 0
124 2298 1
2298 124 0
125 2298 1
2298 125 0
126 2298 1
2298 126 0
127 2298 1
2298 127 0
128 2298 1
2298 128 0
129 2298 1
2298 129 0
130 2298 1
2298 130 0
131 2298 1
2298 131 0
132 2298 1
2298 132 0
133 2298 1
2298 133 0
134 2298 1
2298 134 0
135 2298 1
2298 135 0
136 2298 1
2298 136 0
137 2298 1
2298 137 0
138 2298 1
2298 138 0
139 2298 1
2298 139 0
140 2298 1
2298 140 0
141 2298 1
2298 141 0
142 2298 1
2298 142 0
143 2298 1
2298 143 0
144 2298 1
2298 144 0
145 2298 1
2298 145 0
146 2298 1
2298 146 0
147 2298 1
2298 147 0
148 2298 1
2298 148 0
149 2298 1
2298 149 0
150 2298 1
2298 150 0
151 2298 1
2298 151 0
152 2298 1
2298 152 0
153 2298 1
2298 153 0
154 2298 1
2298 154 0
155 2298 1
2298 155 0
156 2298 1
2298 156 0
157 2298 1
2298 157 0
158 2298 1
2298 158 0
159 2298 1
2298 159 0
160 2298 1
2298 160 0
161 2298 1
2298 161 0
162 2298 1
2298 162 0
163 2298 1
2298 163 0
164 2298 1
2298 164 0
165 2298 1
2298 165 0
166 2298 1
2298 166 0
167 2298 1
2298 167 0
168 2298 1
2298 168 0
169 2298 1
2298 169 0
170 2298 1
2298 170 0
171 2298 1
2298 171 0
172 2298 1
2298 172 0
173 2298 1
2298 173 0
174 2298 1
2298 174 0
175 2298 1
2298 175 0
176 2298 1
2298 176 0
177 2298 1
2298 177 0
178 2298 1
2298 178 0
179 2298 1
2298 179 0
180 2298 1
2298 180 0
181 2298 1
2298 181 0
182 2298 1
2298 182 0
183 2298 1
2298 183 0
184 2298 1
2298 184 0
185 2298 1
2298 185 0
186 2298 1
2298 186 0
187 2298 1
2298 187 0
188 2298 1
2298 188 0
189 2298 1
2298 189 0
190 2298 1
2298 190 0
191 2298 1
2298 191 0
192 2298 1
2298 192 0
193 2298 1
2298 193 0
194 2298 1
2298 194 0
195 2298 1
2298 195 0
196 2298 1
2298 196 0
197 2298 1
2298 197 0
198 2298 1
2298 198 0
199 2298 1
2298 199 0
200 2298 1
2298 200 0
201 2298 1
2298 201 0
202 2298 1
2298 202 0
203 2298 1
2298 203 0
204 2298 1
2298 204 0
205 2298 1
2298 205 0
206 2298 1
2298 206 0
207 2298 1
2298 207 0
208 2298 1
2298 208 0
209 2298 1
2298 209 0
210 2298 1
2298 210 0
211 2298 1
2298 211 0
212 2298 1
2298 212 0
213 2298 1
2298 213 0
214 2298 1
2298 214 0
215 2298 1
2298 215 0
216 2298 1
2298 216 0
217 2298 1
2298 217 0
218 2298 1
2298 218 0
219 2298 1
2298 219 0
220 2298 1
2298 220 0
221 2298 1
2298 221 0
222 2298 1
2298 222 0
223 2298 1
2298 223 0
224 2298 1
2298 224 0
225 2298 1
2298 225 0
226 2298 1
2298 226 0
227 2298 1
2298 227 0
228 2298 1
2298 228 0
229 2298 1
2298 229 0
230 2298 1
2298 230 0
231 2298 1
2298 231 0
232 2298 1
2298 232 0
233 2298 1
2298 233 0
234 2298 1
2298 234 0
235 2298 1
2298 235 0
236 2298 1
2298 236 0
237 2298 1
2298 237 0
238 2298 1
2298 238 0
239 2298 1
2298 239 0
240 2298 1
2298 240 0
241 2298 1
2298 241 0
242 2298 1
2298 242 0
243 2298 1
2298 243 0
244 2298 1
2298 244 0
245 2298 1
2298 245 0
246 2298 1
2298 246 0
247 2298 1
2298 247 0
248 2298 1
2298 248 0
249 2298 1
2298 249 0
250 2298 1
2298 250 0
251 2298 1
2298 251 0
252 2298 1
2298 252 0
253 2298 1
2298 253 0
254 2298 1
2298 254 0
255 2298 1
2298 255 0
256 2298 1
2298 256 0
257 2298 1
2298 257 0
258 2298 1
2298 258 0
259 2298 1
2298 259 0
260 2298 1
2298 260 0
261 2298 1
2298 261 0
262 2298 1
2298 262 0
263 2298 1
2298 263 0
264 2298 1
2298 264 0
265 2298 1
2298 265 0
266 2298 1
2298 266 0
267 2298 1
2298 267 0
268 2298 1
2298 268 0
269 2298 1
2298 269 0
270 2298 1
2298 270 0
271 2298 1
2298 271 0
272 2298 1
2298 272 0
273 2298 1
2298 273 0
274 2298 1
2298 274 0
275 2298 1
2298 275 0
276 2298 1
2298 276 0
277 2298 1
2298 277 0
278 2298 1
2298 278 0
279 2298 1
2298 279 0
280 2298 1
2298 280 0
281 2298 1
2298 281 0
282 2298 1
2298 282 0
283 2298 1
2298 283 0
284 2298 1
2298 284 0
285 2298 1
2298 285 0
286 2298 1
2298 286 0
287 2298 1
2298 287 0
288 2298 1
2298 288 0
289 2298 1
2298 289 0
290 2298 1
2298 290 0
291 2298 1
2298 291 0
292 2298 1
2298 292 0
293 2298 1
2298 293 0
294 2298 1
2298 294 0
295 2298 1
2298 295 0
296 2298 1
2298 296 0
297 2298 1
2298 297 0
298 2298 1
2298 298 0
299 2298 1
2298 299 0
300 2298 1
2298 300 0
301 2298 1
2298 301 0
302 2298 1
2298 302 0
303 2298 1
2298 303 0
304 2298 1
2298 304 0
305 2298 1
2298 305 0
306 2298 1
2298 306 0
307 2298 1
2298 307 0
308 2298 1
2298 308 0
309 2298 1
2298 309 0
310 2298 1
2298 310 0
311 2298 1
2298 311 0
312 2298 1
2298 312 0
313 2298 1
2298 313 0
314 2298 1
2298 314 0
315 2298 1
2298 315 0
316 2298 1
2298 316 0
317 2298 1
2298 317 0
318 2298 1
2298 318 0
319 2298 1
2298 319 0
320 2298 1
2298 320 0
321 2298 1
2298 321 0
322 2298 1
2298 322 0
323 2298 1
2298 323 0
324 2298 1
2298 324 0
325 2298 1
2298 325 0
326 2298 1
2298 326 0
327 2298 1
2298 327 0
328 2298 1
2298 328 0
329 2298 1
2298 329 0
330 2298 1
2298 330 0
331 2298 1
2298 331 0
332 2298 1
2298 332 0
333 2298 1
2298 333 0
334 2298 1
2298 334 0
335 2298 1
2298 335 0
336 2298 1
2298 336 0
337 2298 1
2298 337 0
338 2298 1
2298 338 0
339 2298 1
2298 339 0
340 2298 1
2298 340 0
341 2298 1
2298 341 0
342 2298 1
2298 342 0
343 2298 1
2298 343 0
344 2298 1
2298 344 0
345 2298 1
2298 345 0
346 2298 1
2298 346 0
347 2298 1
2298 347 0
348 2298 1
2298 348 0
349 2298 1
2298 349 0
350 2298 1
2298 350 0
351 2298 1
2298 351 0
352 2298 1
2298 352 0
353 2298 1
2298 353 0
354 2298 1
2298 354 0
355 2298 1
2298 355 0
356 2298 1
2298 356 0
357 2298 1
2298 357 0
358 2298 1
2298 358 0
359 2298 1
2298 359 0
360 2298 1
2298 360 0
361 2298 1
2298 361 0
362 2298 1
2298 362 0
363 2298 1
2298 363 0
364 2298 1
2298 364 0
365 2298 1
2298 365 0
366 2298 1
2298 366 0
367 2298 1
2298 367 0
368 2298 1
2298 368 0
369 2298 1
2298 369 0
370 2298 1
2298 370 0
371 2298 1
2298 371 0
372 2298 1
2298 372 0
373 2298 1
2298 373 0
374 2298 1
2298 374 0
375 2298 1
2298 375 0
376 2298 1
2298 376 0
377 2298 1
2298 377 0
378 2298 1
2298 378 0
379 2298 1
2298 379 0
380 2298 1
2298 380 0
381 2298 1
2298 381 0
382 2298 1
2298 382 0
383 2298 1
2298 383 0
384 2298 1
2298 384 0
385 2298 1
2298 385 0
386 2298 1
2298 386 0
387 2298 1
2298 387 0
388 2298 1
2298 388 0
389 2298 1
2298 389 0
390 2298 1
2298 390 0
391 2298 1
2298 391 0
392 2298 1
2298 392 0
393 2298 1
2298 393 0
394 2298 1
2298 394 0
395 2298 1
2298 395 0
396 2298 1
2298 396 0
397 2298 1
2298 397 0
398 2298 1
2298 398 0
399 2298 1
2298 399 0
400 2298 1
2298 400 0
401 2298 1
2298 401 0
402 2298 1
2298 402 0
403 2298 1
2298 403 0
404 2298 1
2298 404 0
405 2298 1
2298 405 0
406 2298 1
2298 406 0
407 2298 1
2298 407 0
408 2298 1
2298 408 0
409 2298 1
2298 409 0
410 2298 1
2298 410 0
411 2298 1
2298 411 0
412 2298 1
2298 412 0
413 2298 1
2298 413 0
414 2298 1
2298 414 0
415 2298 1
2298 415 0
416 2298 1
2298 416 0
417 2298 1
2298 417 0
418 2298 1
2298 418 0
419 2298 1
2298 419 0
420 2298 1
2298 420 0
421 2298 1
2298 421 0
422 2298 1
2298 422 0
423 2298 1
2298 423 0
424 2298 1
2298 424 0
425 2298 1
2298 425 0
426 2298 1
2298 426 0
427 2298 1
2298 427 0
428 2298 1
2298 428 0
429 2298 1
2298 429 0
430 2298 1
2298 430 0
431 2298 1
2298 431 0
432 2298 1
2298 432 0
433 2298 1
2298 433 0
434 2298 1
2298 434 0
435 2298 1
2298 435 0
436 2298 1
2298 436 0
437 2298 1
2298 437 0
438 2298 1
2298 438 0
439 2298 1
2298 439 0
440 2298 1
2298 440 0
441 2298 1
2298 441 0
442 2298 1
2298 442 0
443 2298 1
2298 443 0
444 2298 1
2298 444 0
445 2298 1
2298 445 0
446 2298 1
2298 446 0
447 2298 1
2298 447 0
448 2298 1
2298 448 0
449 2298 1
2298 449 0
450 2298 1
2298 450 0
451 2298 1
2298 451 0
452 2298 1
2298 452 0
453 2298 1
2298 453 0
454 2298 1
2298 454 0
455 2298 1
2298 455 0
456 2298 1
2298 456 0
457 2298 1
2298 457 0
458 2298 1
2298 458 0
459 2298 1
2298 459 0
460 2298 1
2298 460 0
461 2298 1
2298 461 0
462 2298 1
2298 462 0
463 2298 1
2298 463 0
464 2298 1
2298 464 0
465 2298 1
2298 465 0
466 2298 1
2298 466 0
467 2298 1
2298 467 0
468 2298 1
2298 468 0
469 2298 1
2298 469 0
470 2298 1
2298 470 0
471 2298 1
2298 471 0
472 2298 1
2298 472 0
473 2298 1
2298 473 0
474 2298 1
2298 474 0
475 2298 1
2298 475 0
476 2298 1
2298 476 0
477 2298 1
2298 477 0
478 2298 1
2298 478 0
479 2298 1
2298 479 0
480 2298 1
2298 480 0
481 2298 1
2298 481 0
482 2298 1
2298 482 0
483 2298 1
2298 483 0
484 2298 1
2298 484 0
485 2298 1
2298 485 0
486 2298 1
2298 486 0
487 2298 1
2298 487 0
488 2298 1
2298 488 0
489 2298 1
2298 489 0
490 2298 1
2298 490 0
491 2298 1
2298 491 0
492 2298 1
2298 492 0
493 2298 1
2298 493 0
494 2298 1
2298 494 0
495 2298 1
2298 495 0
496 2298 1
2298 496 0
497 2298 1
2298 497 0
498 2298 1
2298 498 0
499 2298 1
2298 499 0
500 2298 1
2298 500 0
501 2298 1
2298 501 0
502 2298 1
2298 502 0
503 2298 1
2298 503 0
504 2298 1
2298 504 0
505 2298 1
2298 505 0
506 2298 1
2298 506 0
507 2298 1
2298 507 0
508 2298 1
2298 508 0
509 2298 1
2298 509 0
510 2298 1
2298 510 0
511 2298 1
2298 511 0
512 2298 1
2298 512 0
513 2298 1
2298 513 0
514 2298 1
2298 514 0
515 2298 1
2298 515 0
516 2298 1
2298 516 0
517 2298 1
2298 517 0
518 2298 1
2298 518 0
519 2298 1
2298 519 0
520 2298 1
2298 520 0
521 2298 1
2298 521 0
522 2298 1
2298 522 0
523 2298 1
2298 523 0
524 2298 1
2298 524 0
525 2298 1
2298 525 0
526 2298 1
2298 526 0
527 2298 1
2298 527 0
528 2298 1
2298 528 0
529 2298 1
2298 529 0
530 2298 1
2298 530 0
531 2298 1
2298 531 0
532 2298 1
2298 532 0
533 2298 1
2298 533 0
534 2298 1
2298 534 0
535 2298 1
2298 535 0
536 2298 1
2298 536 0
537 2298 1
2298 537 0
538 2298 1
2298 538 0
539 2298 1
2298 539 0
540 2298 1
2298 540 0
541 2298 1
2298 541 0
542 2298 1
2298 542 0
543 2298 1
2298 543 0
544 2298 1
2298 544 0
545 2298 1
2298 545 0
546 2298 1
2298 546 0
547 2298 1
2298 547 0
548 2298 1
2298 548 0
549 2298 1
2298 549 0
550 2298 1
2298 550 0
551 2298 1
2298 551 0
552 2298 1
2298 552 0
553 2298 1
2298 553 0
554 2298 1
2298 554 0
555 2298 1
2298 555 0
556 2298 1
2298 556 0
557 2298 1
2298 557 0
558 2298 1
2298 558 0
559 2298 1
2298 559 0
560 2298 1
2298 560 0
561 2298 1
2298 561 0
562 2298 1
2298 562 0
563 2298 1
2298 563 0
564 2298 1
2298 564 0
565 2298 1
2298 565 0
566 2298 1
2298 566 0
567 2298 1
2298 567 0
568 2298 1
2298 568 0
569 2298 1
2298 569 0
570 2298 1
2298 570 0
571 2298 1
2298 571 0
572 2298 1
2298 572 0
573 2298 1
2298 573 0
574 2298 1
2298 574 0
575 2298 1
2298 575 0
576 2298 1
2298 576 0
577 2298 1
2298 577 0
578 2298 1
2298 578 0
579 2298 1
2298 579 0
580 2298 1
2298 580 0
581 2298 1
2298 581 0
582 2298 1
2298 582 0
583 2298 1
2298 583 0
584 2298 1
2298 584 0
585 2298 1
2298 585 0
586 2298 1
2298 586 0
587 2298 1
2298 587 0
588 2298 1
2298 588 0
589 2298 1
2298 589 0
590 2298 1
2298 590 0
591 2298 1
2298 591 0
592 2298 1
2298 592 0
593 2298 1
2298 593 0
594 2298 1
2298 594 0
595 2298 1
2298 595 0
596 2298 1
2298 596 0
597 2298 1
2298 597 0
598 2298 1
2298 598 0
599 2298 1
2298 599 0
600 2298 1
2298 600 0
601 2298 1
2298 601 0
602 2298 1
2298 602 0
603 2298 1
2298 603 0
604 2298 1
2298 604 0
605 2298 1
2298 605 0
606 2298 1
2298 606 0
607 2298 1
2298 607 0
608 2298 1
2298 608 0
609 2298 1
2298 609 0
610 2298 1
2298 610 0
611 2298 1
2298 611 0
612 2298 1
2298 612 0
613 2298 1
2298 613 0
614 2298 1
2298 614 0
615 2298 1
2298 615 0
616 2298 1
2298 616 0
617 2298 1
2298 617 0
618 2298 1
2298 618 0
619 2298 1
2298 619 0
620 2298 1
2298 620 0
621 2298 1
2298 621 0
622 2298 1
2298 622 0
623 2298 1
2298 623 0
624 2298 1
2298 624 0
625 2298 1
2298 625 0
626 2298 1
2298 626 0
627 2298 1
2298 627 0
628 2298 1
2298 628 0
629 2298 1
2298 629 0
630 2298 1
2298 630 0
631 2298 1
2298 631 0
632 2298 1
2298 632 0
633 2298 1
2298 633 0
634 2298 1
2298 634 0
635 2298 1
2298 635 0
636 2298 1
2298 636 0
637 2298 1
2298 637 0
638 2298 1
2298 638 0
639 2298 1
2298 639 0
640 2298 1
2298 640 0
641 2298 1
2298 641 0
642 2298 1
2298 642 0
643 2298 1
2298 643 0
644 2298 1
2298 644 0
645 2298 1
2298 645 0
646 2298 1
2298 646 0
647 2298 1
2298 647 0
648 2298 1
2298 648 0
649 2298 1
2298 649 0
650 2298 1
2298 650 0
651 2298 1
2298 651 0
652 2298 1
2298 652 0
653 2298 1
2298 653 0
654 2298 1
2298 654 0
655 2298 1
2298 655 0
656 2298 1
2298 656 0
657 2298 1
2298 657 0
658 2298 1
2298 658 0
659 2298 1
2298 659 0
660 2298 1
2298 660 0
661 2298 1
2298 661 0
662 2298 1
2298 662 0
663 2298 1
2298 663 0
664 2298 1
2298 664 0
665 2298 1
2298 665 0
666 2298 1
2298 666 0
667 2298 1
2298 667 0
668 2298 1
2298 668 0
669 2298 1
2298 669 0
670 2298 1
2298 670 0
671 2298 1
2298 671 0
672 2298 1
2298 672 0
673 2298 1
2298 673 0
674 2298 1
2298 674 0
675 2298 1
2298 675 0
676 2298 1
2298 676 0
677 2298 1
2298 677 0
678 2298 1
2298 678 0
679 2298 1
2298 679 0
680 2298 1
2298 680 0
681 2298 1
2298 681 0
682 2298 1
2298 682 0
683 2298 1
2298 683 0
684 2298 1
2298 684 0
685 2298 1
2298 685 0
686 2298 1
2298 686 0
687 2298 1
2298 687 0
688 2298 1
2298 688 0
689 2298 1
2298 689 0
690 2298 1
2298 690 0
691 2298 1
2298 691 0
692 2298 1
2298 692 0
693 2298 1
2298 693 0
694 2298 1
2298 694 0
695 2298 1
2298 695 0
696 2298 1
2298 696 0
697 2298 1
2298 697 0
698 2298 1
2298 698 0
699 2298 1
2298 699 0
700 2298 1
2298 700 0
701 2298 1
2298 701 0
702 2298 1
2298 702 0
703 2298 1
2298 703 0
704 2298 1
2298 704 0
705 2298 1
2298 705 0
706 2298 1
2298 706 0
707 2298 1
2298 707 0
708 2298 1
2298 708 0
709 2298 1
2298 709 0
710 2298 1
2298 710 0
711 2298 1
2298 711 0
712 2298 1
2298 712 0
713 2298 1
2298 713 0
714 2298 1
2298 714 0
715 2298 1
2298 715 0
716 2298 1
2298 716 0
717 2298 1
2298 717 0
718 2298 1
2298 718 0
719 2298 1
2298 719 0
720 2298 1
2298 720 0
721 2298 1
2298 721 0
722 2298 1
2298 722 0
723 2298 1
2298 723 0
724 2298 1
2298 724 0
725 2298 1
2298 725 0
726 2298 1
2298 726 0
727 2298 1
2298 727 0
728 2298 1
2298 728 0
729 2298 1
2298 729 0
730 2298 1
2298 730 0
731 2298 1
2298 731 0
732 2298 1
2298 732 0
733 2298 1
2298 733 0
734 2298 1
2298 734 0
735 2298 1
2298 735 0
736 2298 1
2298 736 0
737 2298 1
2298 737 0
738 2298 1
2298 738 0
739 2298 1
2298 739 0
740 2298 1
2298 740 0
741 2298 1
2298 741 0
742 2298 1
2298 742 0
743 2298 1
2298 743 0
744 2298 1
2298 744 0
745 2298 1
2298 745 0
746 2298 1
2298 746 0
747 2298 1
2298 747 0
748 2298 1
2298 748 0
749 2298 1
2298 749 0
750 2298 1
2298 750 0
751 2298 1
2298 751 0
752 2298 1
2298 752 0
753 2298 1
2298 753 0
754 2298 1
2298 754 0
755 2298 1
2298 755 0
756 2298 1
2298 756 0
757 2298 1
2298 757 0
758 2298 1
2298 758 0
759 2298 1
2298 759 0
760 2298 1
2298 760 0
761 2298 1
2298 761 0
762 2298 1
2298 762 0
763 2298 1
2298 763 0
764 2298 1
2298 764 0
765 2298 1
2298 765 0
766 2298 1
2298 766 0
767 2298 1
2298 767 0
768 2298 1
2298 768 0
769 2298 1
2298 769 0
770 2298 1
2298 770 0
771 2298 1
2298 771 0
772 2298 1
2298 772 0
773 2298 1
2298 773 0
774 2298 1
2298 774 0
775 2298 1
2298 775 0
776 2298 1
2298 776 0
777 2298 1
2298 777 0
778 2298 1
2298 778 0
779 2298 1
2298 779 0
780 2298 1
2298 780 0
781 2298 1
2298 781 0
782 2298 1
2298 782 0
783 2298 1
2298 783 0
784 2298 1
2298 784 0
785 2298 1
2298 785 0
786 2298 1
2298 786 0
787 2298 1
2298 787 0
788 2298 1
2298 788 0
789 2298 1
2298 789 0
790 2298 1
2298 790 0
791 2298 1
2298 791 0
792 2298 1
2298 792 0
793 2298 1
2298 793 0
794 2298 1
2298 794 0
795 2298 1
2298 795 0
796 2298 1
2298 796 0
797 2298 1
2298 797 0
798 2298 1
2298 798 0
799 2298 1
2298 799 0
800 2298 1
2298 800 0
801 2298 1
2298 801 0
802 2298 1
2298 802 0
803 2298 1
2298 803 0
804 2298 1
2298 804 0
805 2298 1
2298 805 0
806 2298 1
2298 806 0
807 2298 1
2298 807 0
808 2298 1
2298 808 0
809 2298 1
2298 809 0
810 2298 1
2298 810 0
811 2298 1
2298 811 0
812 2298 1
2298 812 0
813 2298 1
2298 813 0
814 2298 1
2298 814 0
815 2298 1
2298 815 0
816 2298 1
2298 816 0
817 2298 1
2298 817 0
818 2298 1
2298 818 0
819 2298 1
2298 819 0
820 2298 1
2298 820 0
821 2298 1
2298 821 0
822 2298 1
2298 822 0
823 2298 1
2298 823 0
824 2298 1
2298 824 0
825 2298 1
2298 825 0
826 2298 1
2298 826 0
827 2298 1
2298 827 0
828 2298 1
2298 828 0
829 2298 1
2298 829 0
830 2298 1
2298 830 0
831 2298 1
2298 831 0
832 2298 1
2298 832 0
833 2298 1
2298 833 0
834 2298 1
2298 834 0
835 2298 1
2298 835 0
836 2298 1
2298 836 0
837 2298 1
2298 837 0
838 2298 1
2298 838 0
839 2298 1
2298 839 0
840 2298 1
2298 840 0
841 2298 1
2298 841 0
842 2298 1
2298 842 0
843 2298 1
2298 843 0
844 2298 1
2298 844 0
845 2298 1
2298 845 0
846 2298 1
2298 846 0
847 2298 1
2298 847 0
848 2298 1
2298 848 0
849 2298 1
2298 849 0
850 2298 1
2298 850 0
851 2298 1
2298 851 0
852 2298 1
2298 852 0
853 2298 1
2298 853 0
854 2298 1
2298 854 0
855 2298 1
2298 855 0
856 2298 1
2298 856 0
857 2298 1
2298 857 0
858 2298 1
2298 858 0
859 2298 1
2298 859 0
860 2298 1
2298 860 0
861 2298 1
2298 861 0
862 2298 1
2298 862 0
863 2298 1
2298 863 0
864 2298 1
2298 864 0
865 2298 1
2298 865 0
866 2298 1
2298 866 0
867 2298 1
2298 867 0
868 2298 1
2298 868 0
869 2298 1
2298 869 0
870 2298 1
2298 870 0
871 2298 1
2298 871 0
872 2298 1
2298 872 0
873 2298 1
2298 873 0
874 2298 1
2298 874 0
875 2298 1
2298 875 0
876 2298 1
2298 876 0
877 2298 1
2298 877 0
878 2298 1
2298 878 0
879 2298 1
2298 879 0
880 2298 1
2298 880 0
881 2298 1
2298 881 0
882 2298 1
2298 882 0
883 2298 1
2298 883 0
884 2298 1
2298 884 0
885 2298 1
2298 885 0
886 2298 1
2298 886 0
887 2298 1
2298 887 0
888 2298 1
2298 888 0
889 2298 1
2298 889 0
890 2298 1
2298 890 0
891 2298 1
2298 891 0
892 2298 1
2298 892 0
893 2298 1
2298 893 0
894 2298 1
2298 894 0
895 2298 1
2298 895 0
896 2298 1
2298 896 0
897 2298 1
2298 897 0
898 2298 1
2298 898 0
899 2298 1
2298 899 0
900 2298 1
2298 900 0
901 2298 1
2298 901 0
902 2298 1
2298 902 0
903 2298 1
2298 903 0
904 2298 1
2298 904 0
905 2298 1
2298 905 0
906 2298 1
2298 906 0
907 2298 1
2298 907 0
908 2298 1
2298 908 0
909 2298 1
2298 909 0
910 2298 1
2298 910 0
911 2298 1
2298 911 0
912 2298 1
2298 912 0
913 2298 1
2298 913 0
914 2298 1
2298 914 0
915 2298 1
2298 915 0
916 2298 1
2298 916 0
917 2298 1
2298 917 0
918 2298 1
2298 918 0
919 2298 1
2298 919 0
920 2298 1
2298 920 0
921 2298 1
2298 921 0
922 2298 1
2298 922 0
923 2298 1
2298 923 0
924 2298 1
2298 924 0
925 2298 1
2298 925 0
926 2298 1
2298 926 0
927 2298 1
2298 927 0
928 2298 1
2298 928 0
929 2298 1
2298 929 0
930 2298 1
2298 930 0
931 2298 1
2298 931 0
932 2298 1
2298 932 0
933 2298 1
2298 933 0
934 2298 1
2298 934 0
935 2298 1
2298 935 0
936 2298 1
2298 936 0
937 2298 1
2298 937 0
938 2298 1
2298 938 0
939 2298 1
2298 939 0
940 2298 1
2298 940 0
941 2298 1
2298 941 0
942 2298 1
2298 942 0
943 2298 1
2298 943 0
944 2298 1
2298 944 0
945 2298 1
2298 945 0
946 2298 1
2298 946 0
947 2298 1
2298 947 0
948 2298 1
2298 948 0
949 2298 1
2298 949 0
950 2298 1
2298 950 0
951 2298 1
2298 951 0
952 2298 1
2298 952 0
953 2298 1
2298 953 0
954 2298 1
2298 954 0
955 2298 1
2298 955 0
956 2298 1
2298 956 0
957 2298 1
2298 957 0
958 2298 1
2298 958 0
959 2298 1
2298 959 0
960 2298 1
2298 960 0
961 2298 1
2298 961 0
962 2298 1
2298 962 0
963 2298 1
2298 963 0
964 2298 1
2298 964 0
965 2298 1
2298 965 0
966 2298 1
2298 966 0
967 2298 1
2298 967 0
968 2298 1
2298 968 0
969 2298 1
2298 969 0
970 2298 1
2298 970 0
971 2298 1
2298 971 0
972 2298 1
2298 972 0
973 2298 1
2298 973 0
974 2298 1
2298 974 0
975 2298 1
2298 975 0
976 2298 1
2298 976 0
977 2298 1
2298 977 0
978 2298 1
2298 978 0
979 2298 1
2298 979 0
980 2298 1
2298 980 0
981 2298 1
2298 981 0
982 2298 1
2298 982 0
983 2298 1
2298 983 0
984 2298 1
2298 984 0
985 2298 1
2298 985 0
986 2298 1
2298 986 0
987 2298 1
2298 987 0
988 2298 1
2298 988 0
989 2298 1
2298 989 0
990 2298 1
2298 990 0
991 2298 1
2298 991 0
992 2298 1
2298 992 0
993 2298 1
2298 993 0
994 2298 1
2298 994 0
995 2298 1
2298 995 0
996 2298 1
2298 996 0
997 2298 1
2298 997 0
998 2298 1
2298 998 0
999 2298 1
2298 999 0
1000 2298 1
2298 1000 0
1001 2298 1
2298 1001 0
1002 2298 1
2298 1002 0
1003 2298 1
2298 1003 0
1004 2298 1
2298 1004 0
1005 2298 1
2298 1005 0
1006 2298 1
2298 1006 0
1007 2298 1
2298 1007 0
1008 2298 1
2298 1008 0
1009 2298 1
2298 1009 0
1010 2298 1
2298 1010 0
1011 2298 1
2298 1011 0
1012 2298 1
2298 1012 0
1013 2298 1
2298 1013 0
1014 2298 1
2298 1014 0
1015 2298 1
2298 1015 0
1016 2298 1
2298 1016 0
1017 2298 1
2298 1017 0
1018 2298 1
2298 1018 0
1019 2298 1
2298 1019 0
1020 2298 1
2298 1020 0
1021 2298 1
2298 1021 0
1022 2298 1
2298 1022 0
1023 2298 1
2298 1023 0
1024 2298 1
2298 1024 0
1025 2298 1
2298 1025 0
1026 2298 1
2298 1026 0
1027 2298 1
2298 1027 0
1028 2298 1
2298 1028 0
1029 2298 1
2298 1029 0
1030 2298 1
2298 1030 0
1031 2298 1
2298 1031 0
1032 2298 1
2298 1032 0
1033 2298 1
2298 1033 0
1034 2298 1
2298 1034 0
1035 2298 1
2298 1035 0
1036 2298 1
2298 1036 0
1037 2298 1
2298 1037 0
1038 2298 1
2298 1038 0
1039 2298 1
2298 1039 0
1040 2298 1
2298 1040 0
1041 2298 1
2298 1041 0
1042 2298 1
2298 1042 0
1043 2298 1
2298 1043 0
1044 2298 1
2298 1044 0
1045 2298 1
2298 1045 0
1046 2298 1
2298 1046 0
1047 2298 1
2298 1047 0
1048 2298 1
2298 1048 0
1049 2298 1
2298 1049 0
1050 2298 1
2298 1050 0
1051 2298 1
2298 1051 0
1052 2298 1
2298 1052 0
1053 2298 1
2298 1053 0
1054 2298 1
2298 1054 0
1055 2298 1
2298 1055 0
1056 2298 1
2298 1056 0
1057 2298 1
2298 1057 0
1058 2298 1
2298 1058 0
1059 2298 1
2298 1059 0
1060 2298 1
2298 1060 0
1061 2298 1
2298 1061 0
1062 2298 1
2298 1062 0
1063 2298 1
2298 1063 0
1064 2298 1
2298 1064 0
1065 2298 1
2298 1065 0
1066 2298 1
2298 1066 0
1067 2298 1
2298 1067 0
1068 2298 1
2298 1068 0
1069 2298 1
2298 1069 0
1070 2298 1
2298 1070 0
1071 2298 1
2298 1071 0
1072 2298 1
2298 1072 0
1073 2298 1
2298 1073 0
1074 2298 1
2298 1074 0
1075 2298 1
2298 1075 0
1076 2298 1
2298 1076 0
1077 2298 1
2298 1077 0
1078 2298 1
2298 1078 0
1079 2298 1
2298 1079 0
1080 2298 1
2298 1080 0
1081 2298 1
2298 1081 0
1082 2298 1
2298 1082 0
1083 2298 1
2298 1083 0
1084 2298 1
2298 1084 0
1085 2298 1
2298 1085 0
1086 2298 1
2298 1086 0
1087 2298 1
2298 1087 0
1088 2298 1
2298 1088 0
1089 2298 1
2298 1089 0
1090 2298 1
2298 1090 0
1091 2298 1
2298 1091 0
1092 2298 1
2298 1092 0
1093 2298 1
2298 1093 0
1094 2298 1
2298 1094 0
1095 2298 1
2298 1095 0
1096 2298 1
2298 1096 0
1097 2298 1
2298 1097 0
1098 2298 1
2298 1098 0
1099 2298 1
2298 1099 0
1100 2298 1
2298 1100 0
1101 2298 1
2298 1101 0
1102 2298 1
2298 1102 0
1103 2298 1
2298 1103 0
1104 2298 1
2298 1104 0
1105 2298 1
2298 1105 0
1106 2298 1
2298 1106 0
1107 2298 1
2298 1107 0
1108 2298 1
2298 1108 0
1109 2298 1
2298 1109 0
1110 2298 1
2298 1110 0
1111 2298 1
2298 1111 0
1112 2298 1
2298 1112 0
1113 2298 1
2298 1113 0
1114 2298 1
2298 1114 0
1115 2298 1
2298 1115 0
1116 2298 1
2298 1116 0
1117 2298 1
2298 1117 0
1118 2298 1
2298 1118 0
1119 2298 1
2298 1119 0
1120 2298 1
2298 1120 0
1121 2298 1
2298 1121 0
1122 2298 1
2298 1122 0
1123 2298 1
2298 1123 0
1124 2298 1
2298 1124 0
1125 2298 1
2298 1125 0
1126 2298 1
2298 1126 0
1127 2298 1
2298 1127 0
1128 2298 1
2298 1128 0
1129 2298 1
2298 1129 0
1130 2298 1
2298 1130 0
1131 2298 1
2298 1131 0
1132 2298 1
2298 1132 0
1133 2298 1
2298 1133 0
1134 2298 1
2298 1134 0
1135 2298 1
2298 1135 0
1136 2298 1
2298 1136 0
1137 2298 1
2298 1137 0
1138 2298 1
2298 1138 0
1139 2298 1
2298 1139 0
1140 2298 1
2298 1140 0
1141 2298 1
2298 1141 0
1142 2298 1
2298 1142 0
1143 2298 1
2298 1143 0
1144 2298 1
2298 1144 0
1145 2298 1
2298 1145 0
1146 2298 1
2298 1146 0
1147 2298 1
2298 1147 0
1148 2298 1
2298 1148 0
1149 2298 1
2298 1149 0
1150 2298 1
2298 1150 0
1151 2298 1
2298 1151 0
1152 2298 1
2298 1152 0
1153 2298 1
2298 1153 0
1154 2298 1
2298 1154 0
1155 2298 1
2298 1155 0
1156 2298 1
2298 1156 0
1157 2298 1
2298 1157 0
1158 2298 1
2298 1158 0
1159 2298 1
2298 1159 0
1160 2298 1
2298 1160 0
1161 2298 1
2298 1161 0
1162 2298 1
2298 1162 0
1163 2298 1
2298 1163 0
1164 2298 1
2298 1164 0
1165 2298 1
2298 1165 0
1166 2298 1
2298 1166 0
1167 2298 1
2298 1167 0
1168 2298 1
2298 1168 0
1169 2298 1
2298 1169 0
1170 2298 1
2298 1170 0
1171 2298 1
2298 1171 0
1172 2298 1
2298 1172 0
1173 2298 1
2298 1173 0
1174 2298 1
2298 1174 0
1175 2298 1
2298 1175 0
1176 2298 1
2298 1176 0
1177 2298 1
2298 1177 0
1178 2298 1
2298 1178 0
1179 2298 1
2298 1179 0
1180 2298 1
2298 1180 0
1181 2298 1
2298 1181 0
1182 2298 1
2298 1182 0
1183 2298 1
2298 1183 0
1184 2298 1
2298 1184 0
1185 2298 1
2298 1185 0
1186 2298 1
2298 1186 0
1187 2298 1
2298 1187 0
1188 2298 1
2298 1188 0
1189 2298 1
2298 1189 0
1190 2298 1
2298 1190 0
1191 2298 1
2298 1191 0
1192 2298 1
2298 1192 0
1193 2298 1
2298 1193 0
1194 2298 1
2298 1194 0
1195 2298 1
2298 1195 0
1196 2298 1
2298 1196 0
1197 2298 1
2298 1197 0
1198 2298 1
2298 1198 0
1199 2298 1
2298 1199 0
1200 2298 1
2298 1200 0
1201 2298 1
2298 1201 0
1202 2298 1
2298 1202 0
1203 2298 1
2298 1203 0
1204 2298 1
2298 1204 0
1205 2298 1
2298 1205 0
1206 2298 1
2298 1206 0
1207 2298 1
2298 1207 0
1208 2298 1
2298 1208 0
1209 2298 1
2298 1209 0
1210 2298 1
2298 1210 0
1211 2298 1
2298 1211 0
1212 2298 1
2298 1212 0
1213 2298 1
2298 1213 0
1214 2298 1
2298 1214 0
1215 2298 1
2298 1215 0
1216 2298 1
2298 1216 0
1217 2298 1
2298 1217 0
1218 2298 1
2298 1218 0
1219 2298 1
2298 1219 0
1220 2298 1
2298 1220 0
1221 2298 1
2298 1221 0
1222 2298 1
2298 1222 0
1223 2298 1
2298 1223 0
1224 2298 1
2298 1224 0
1225 2298 1
2298 1225 0
1226 2298 1
2298 1226 0
1227 2298 1
2298 1227 0
1228 2298 1
2298 1228 0
1229 2298 1
2298 1229 0
1230 2298 1
2298 1230 0
1231 2298 1
2298 1231 0
1232 2298 1
2298 1232 0
1233 2298 1
2298 1233 0
1234 2298 1
2298 1234 0
1235 2298 1
2298 1235 0
1236 2298 1
2298 1236 0
1237 2298 1
2298 1237 0
1238 2298 1
2298 1238 0
1239 2298 1
2298 1239 0
1240 2298 1
2298 1240 0
1241 2298 1
2298 1241 0
1242 2298 1
2298 1242 0
1243 2298 1
2298 1243 0
1244 2298 1
2298 1244 0
1245 2298 1
2298 1245 0
1246 2298 1
2298 1246 0
1247 2298 1
2298 1247 0
1248 2298 1
2298 1248 0
1249 2298 1
2298 1249 0
1250 2298 1
2298 1250 0
1251 2298 1
2298 1251 0
1252 2298 1
2298 1252 0
1253 2298 1
2298 1253 0
1254 2298 1
2298 1254 0
1255 2298 1
2298 1255 0
1256 2298 1
2298 1256 0
1257 2298 1
2298 1257 0
1258 2298 1
2298 1258 0
1259 2298 1
2298 1259 0
1260 2298 1
2298 1260 0
1261 2298 1
2298 1261 0
1262 2298 1
2298 1262 0
1263 2298 1
2298 1263 0
1264 2298 1
2298 1264 0
1265 2298 1
2298 1265 0
1266 2298 1
2298 1266 0
1267 2298 1
2298 1267 0
1268 2298 1
2298 1268 0
1269 2298 1
2298 1269 0
1270 2298 1
2298 1270 0
1271 2298 1
2298 1271 0
1272 2298 1
2298 1272 0
1273 2298 1
2298 1273 0
1274 2298 1
2298 1274 0
1275 2298 1
2298 1275 0
1276 2298 1
2298 1276 0
1277 2298 1
2298 1277 0
1278 2298 1
2298 1278 0
1279 2298 1
2298 1279 0
1280 2298 1
2298 1280 0
1281 2298 1
2298 1281 0
1282 2298 1
2298 1282 0
1283 2298 1
2298 1283 0
1284 2298 1
2298 1284 0
1285 2298 1
2298 1285 0
1286 2298 1
2298 1286 0
1287 2298 1
2298 1287 0
1288 2298 1
2298 1288 0
1289 2298 1
2298 1289 0
1290 2298 1
2298 1290 0
1291 2298 1
2298 1291 0
1292 2298 1
2298 1292 0
1293 2298 1
2298 1293 0
1294 2298 1
2298 1294 0
1295 2298 1
2298 1295 0
1296 2298 1
2298 1296 0
1297 2298 1
2298 1297 0
1298 2298 1
2298 1298 0
1299 2298 1
2298 1299 0
1300 2298 1
2298 1300 0
1301 2298 1
2298 1301 0
1302 2298 1
2298 1302 0
1303 2298 1
2298 1303 0
1304 2298 1
2298 1304 0
1305 2298 1
2298 1305 0
1306 2298 1
2298 1306 0
1307 2298 1
2298 1307 0
1308 2298 1
2298 1308 0
1309 2298 1
2298 1309 0
1310 2298 1
2298 1310 0
1311 2298 1
2298 1311 0
1312 2298 1
2298 1312 0
1313 2298 1
2298 1313 0
1314 2298 1
2298 1314 0
1315 2298 1
2298 1315 0
1316 2298 1
2298 1316 0
1317 2298 1
2298 1317 0
1318 2298 1
2298 1318 0
1319 2298 1
2298 1319 0
1320 2298 1
2298 1320 0
1321 2298 1
2298 1321 0
1322 2298 1
2298 1322 0
1323 2298 1
2298 1323 0
1324 2298 1
2298 1324 0
1325 2298 1
2298 1325 0
1326 2298 1
2298 1326 0
1327 2298 1
2298 1327 0
1328 2298 1
2298 1328 0
1329 2298 1
2298 1329 0
1330 2298 1
2298 1330 0
1331 2298 1
2298 1331 0
1332 2298 1
2298 1332 0
1333 2298 1
2298 1333 0
1334 2298 1
2298 1334 0
1335 2298 1
2298 1335 0
1336 2298 1
2298 1336 0
1337 2298 1
2298 1337 0
1338 2298 1
2298 1338 0
1339 2298 1
2298 1339 0
1340 2298 1
2298 1340 0
1341 2298 1
2298 1341 0
1342 2298 1
2298 1342 0
1343 2298 1
2298 1343 0
1344 2298 1
2298 1344 0
1345 2298 1
2298 1345 0
1346 2298 1
2298 1346 0
1347 2298 1
2298 1347 0
1348 2298 1
2298 1348 0
1349 2298 1
2298 1349 0
1350 2298 1
2298 1350 0
1351 2298 1
2298 1351 0
1352 2298 1
2298 1352 0
1353 2298 1
2298 1353 0
1354 2298 1
2298 1354 0
1355 2298 1
2298 1355 0
1356 2298 1
2298 1356 0
1357 2298 1
2298 1357 0
1358 2298 1
2298 1358 0
1359 2298 1
2298 1359 0
1360 2298 1
2298 1360 0
1361 2298 1
2298 1361 0
1362 2298 1
2298 1362 0
1363 2298 1
2298 1363 0
1364 2298 1
2298 1364 0
1365 2298 1
2298 1365 0
1366 2298 1
2298 1366 0
1367 2298 1
2298 1367 0
1368 2298 1
2298 1368 0
1369 2298 1
2298 1369 0
1370 2298 1
2298 1370 0
1371 2298 19
2298 1371 0
1372 2298 19
2298 1372 0
1373 2298 19
2298 1373 0
1374 2298 19
2298 1374 0
1375 2298 19
2298 1375 0
1376 2298 19
2298 1376 0
1377 2298 19
2298 1377 0
1378 2298 19
2298 1378 0
1379 2298 19
2298 1379 0
1380 2298 19
2298 1380 0
1381 2298 19
2298 1381 0
1382 2298 19
2298 1382 0
1383 2298 19
2298 1383 0
1384 2298 19
2298 1384 0
1385 2298 19
2298 1385 0
1386 2298 19
2298 1386 0
1387 2298 19
2298 1387 0
1388 2298 19
2298 1388 0
1389 2298 19
2298 1389 0
1390 2298 19
2298 1390 0
1391 2298 19
2298 1391 0
1392 2298 19
2298 1392 0
1393 2298 19
2298 1393 0
1394 2298 19
2298 1394 0
1395 2298 19
2298 1395 0
1396 2298 19
2298 1396 0
1397 2298 19
2298 1397 0
1398 2298 19
2298 1398 0
1399 2298 19
2298 1399 0
1400 2298 19
2298 1400 0
1401 2298 19
2298 1401 0
1402 2298 19
2298 1402 0
1403 2298 19
2298 1403 0
1404 2298 19
2298 1404 0
1405 2298 19
2298 1405 0
1406 2298 19
2298 1406 0
1407 2298 19
2298 1407 0
1408 2298 19
2298 1408 0
1409 2298 19
2298 1409 0
1410 2298 19
2298 1410 0
1411 2298 19
2298 1411 0
1412 2298 19
2298 1412 0
1413 2298 19
2298 1413 0
1414 2298 19
2298 1414 0
1415 2298 19
2298 1415 0
1416 2298 19
2298 1416 0
1417 2298 19
2298 1417 0
1418 2298 19
2298 1418 0
1419 2298 19
2298 1419 0
1420 2298 19
2298 1420 0
1421 2298 19
2298 1421 0
1422 2298 19
2298 1422 0
1423 2298 19
2298 1423 0
1424 2298 19
2298 1424 0
1425 2298 19
2298 1425 0
1426 2298 19
2298 1426 0
1427 2298 19
2298 1427 0
1428 2298 19
2298 1428 0
1429 2298 19
2298 1429 0
1430 2298 19
2298 1430 0
1431 2298 19
2298 1431 0
1432 2298 19
2298 1432 0
1433 2298 19
2298 1433 0
1434 2298 19
2298 1434 0
1435 2298 19
2298 1435 0
1436 2298 19
2298 1436 0
1437 2298 19
2298 1437 0
1438 2298 19
2298 1438 0
1439 2298 19
2298 1439 0
1440 2298 19
2298 1440 0
1441 2298 19
2298 1441 0
1442 2298 19
2298 1442 0
1443 2298 19
2298 1443 0
1444 2298 19
2298 1444 0
1445 2298 19
2298 1445 0
1446 2298 19
2298 1446 0
1447 2298 19
2298 1447 0
1448 2298 19
2298 1448 0
1449 2298 19
2298 1449 0
1450 2298 19
2298 1450 0
1451 2298 19
2298 1451 0
1452 2298 19
2298 1452 0
1453 2298 19
2298 1453 0
1454 2298 19
2298 1454 0
1455 2298 19
2298 1455 0
1456 2298 19
2298 1456 0
1457 2298 19
2298 1457 0
1458 2298 19
2298 1458 0
1459 2298 19
2298 1459 0
1460 2298 19
2298 1460 0
1461 2298 19
2298 1461 0
1462 2298 19
2298 1462 0
1463 2298 19
2298 1463 0
1464 2298 19
2298 1464 0
1465 2298 19
2298 1465 0
1466 2298 19
2298 1466 0
1467 2298 19
2298 1467 0
1468 2298 19
2298 1468 0
1469 2298 19
2298 1469 0
1470 2298 19
2298 1470 0
1471 2298 19
2298 1471 0
1472 2298 19
2298 1472 0
1473 2298 19
2298 1473 0
1474 2298 19
2298 1474 0
1475 2298 19
2298 1475 0
1476 2298 19
2298 1476 0
1477 2298 19
2298 1477 0
1478 2298 19
2298 1478 0
1479 2298 19
2298 1479 0
1480 2298 19
2298 1480 0
1481 2298 19
2298 1481 0
1482 2298 19
2298 1482 0
1483 2298 19
2298 1483 0
1484 2298 19
2298 1484 0
1485 2298 19
2298 1485 0
1486 2298 19
2298 1486 0
1487 2298 19
2298 1487 0
1488 2298 19
2298 1488 0
1489 2298 19
2298 1489 0
1490 2298 19
2298 1490 0
1491 2298 19
2298 1491 0
1492 2298 19
2298 1492 0
1493 2298 19
2298 1493 0
1494 2298 19
2298 1494 0
1495 2298 19
2298 1495 0
1496 2298 19
2298 1496 0
1497 2298 19
2298 1497 0
1498 2298 19
2298 1498 0
1499 2298 19
2298 1499 0
1500 2298 19
2298 1500 0
1501 2298 19
2298 1501 0
1502 2298 19
2298 1502 0
1503 2298 19
2298 1503 0
1504 2298 19
2298 1504 0
1505 2298 19
2298 1505 0
1506 2298 19
2298 1506 0
1507 2298 19
2298 1507 0
1508 2298 19
2298 1508 0
1509 2298 19
2298 1509 0
1510 2298 19
2298 1510 0
1511 2298 19
2298 1511 0
1512 2298 19
2298 1512 0
1513 2298 19
2298 1513 0
1514 2298 19
2298 1514 0
1515 2298 19
2298 1515 0
1516 2298 19
2298 1516 0
1517 2298 19
2298 1517 0
1518 2298 19
2298 1518 0
1519 2298 19
2298 1519 0
1520 2298 19
2298 1520 0
1521 2298 19
2298 1521 0
1522 2298 19
2298 1522 0
1523 2298 19
2298 1523 0
1524 2298 19
2298 1524 0
1525 2298 19
2298 1525 0
1526 2298 19
2298 1526 0
1527 2298 19
2298 1527 0
1528 2298 19
2298 1528 0
1529 2298 19
2298 1529 0
1530 2298 19
2298 1530 0
1531 2298 19
2298 1531 0
1532 2298 19
2298 1532 0
1533 2298 19
2298 1533 0
1534 2298 19
2298 1534 0
1535 2298 19
2298 1535 0
1536 2298 19
2298 1536 0
1537 2298 19
2298 1537 0
1538 2298 19
2298 1538 0
1539 2298 19
2298 1539 0
1540 2298 19
2298 1540 0
1541 2298 19
2298 1541 0
1542 2298 19
2298 1542 0
1543 2298 19
2298 1543 0
1544 2298 19
2298 1544 0
1545 2298 19
2298 1545 0
1546 2298 19
2298 1546 0
1547 2298 19
2298 1547 0
1548 2298 19
2298 1548 0
1549 2298 19
2298 1549 0
1550 2298 19
2298 1550 0
1551 2298 19
2298 1551 0
1552 2298 19
2298 1552 0
1553 2298 19
2298 1553 0
1554 2298 19
2298 1554 0
1555 2298 19
2298 1555 0
1556 2298 19
2298 1556 0
1557 2298 19
2298 1557 0
1558 2298 19
2298 1558 0
1559 2298 19
2298 1559 0
1560 2298 19
2298 1560 0
1561 2298 19
2298 1561 0
1562 2298 19
2298 1562 0
1563 2298 19
2298 1563 0
1564 2298 19
2298 1564 0
1565 2298 19
2298 1565 0
1566 2298 19
2298 1566 0
1567 2298 19
2298 1567 0
1568 2298 19
2298 1568 0
1569 2298 19
2298 1569 0
1570 2298 19
2298 1570 0
1571 2298 19
2298 1571 0
1572 2298 19
2298 1572 0
1573 2298 19
2298 1573 0
1574 2298 19
2298 1574 0
1575 2298 19
2298 1575 0
1576 2298 19
2298 1576 0
1577 2298 19
2298 1577 0
1578 2298 19
2298 1578 0
1579 2298 19
2298 1579 0
1580 2298 19
2298 1580 0
1581 2298 19
2298 1581 0
1582 2298 19
2298 1582 0
1583 2298 19
2298 1583 0
1584 2298 19
2298 1584 0
1585 2298 19
2298 1585 0
1586 2298 19
2298 1586 0
1587 2298 19
2298 1587 0
1588 2298 19
2298 1588 0
1589 2298 19
2298 1589 0
1590 2298 19
2298 1590 0
1591 2298 19
2298 1591 0
1592 2298 19
2298 1592 0
1593 2298 19
2298 1593 0
1594 2298 19
2298 1594 0
1595 2298 19
2298 1595 0
1596 2298 19
2298 1596 0
1597 2298 19
2298 1597 0
1598 2298 19
2298 1598 0
1599 2298 19
2298 1599 0
1600 2298 19
2298 1600 0
1601 2298 19
2298 1601 0
1602 2298 19
2298 1602 0
1603 2298 19
2298 1603 0
1604 2298 19
2298 1604 0
1605 2298 19
2298 1605 0
1606 2298 19
2298 1606 0
1607 2298 19
2298 1607 0
1608 2298 19
2298 1608 0
1609 2298 19
2298 1609 0
1610 2298 19
2298 1610 0
1611 2298 19
2298 1611 0
1612 2298 19
2298 1612 0
1613 2298 19
2298 1613 0
1614 2298 19
2298 1614 0
1615 2298 19
2298 1615 0
1616 2298 19
2298 1616 0
1617 2298 19
2298 1617 0
1618 2298 19
2298 1618 0
1619 2298 19
2298 1619 0
1620 2298 19
2298 1620 0
1621 2298 19
2298 1621 0
1622 2298 19
2298 1622 0
1623 2298 19
2298 1623 0
1624 2298 19
2298 1624 0
1625 2298 19
2298 1625 0
1626 2298 19
2298 1626 0
1627 2298 19
2298 1627 0
1628 2298 19
2298 1628 0
1629 2298 19
2298 1629 0
1630 2298 19
2298 1630 0
1631 2298 19
2298 1631 0
1632 2298 19
2298 1632 0
1633 2298 19
2298 1633 0
1634 2298 19
2298 1634 0
1635 2298 19
2298 1635 0
1636 2298 19
2298 1636 0
1637 2298 19
2298 1637 0
1638 2298 19
2298 1638 0
1639 2298 19
2298 1639 0
1640 2298 19
2298 1640 0
1641 2298 19
2298 1641 0
1642 2298 19
2298 1642 0
1643 2298 19
2298 1643 0
1644 2298 19
2298 1644 0
1645 2298 19
2298 1645 0
1646 2298 19
2298 1646 0
1647 2298 19
2298 1647 0
1648 2298 19
2298 1648 0
1649 2298 19
2298 1649 0
1650 2298 19
2298 1650 0
1651 2298 19
2298 1651 0
1652 2298 19
2298 1652 0
1653 2298 19
2298 1653 0
1654 2298 19
2298 1654 0
1655 2298 19
2298 1655 0
1656 2298 19
2298 1656 0
1657 2298 19
2298 1657 0
1658 2298 19
2298 1658 0
1659 2298 19
2298 1659 0
1660 2298 19
2298 1660 0
1661 2298 19
2298 1661 0
1662 2298 19
2298 1662 0
1663 2298 19
2298 1663 0
1664 2298 19
2298 1664 0
1665 2298 19
2298 1665 0
1666 2298 19
2298 1666 0
1667 2298 19
2298 1667 0
1668 2298 19
2298 1668 0
1669 2298 19
2298 1669 0
1670 2298 19
2298 1670 0
1671 2298 19
2298 1671 0
1672 2298 19
2298 1672 0
1673 2298 19
2298 1673 0
1674 2298 19
2298 1674 0
1675 2298 19
2298 1675 0
1676 2298 19
2298 1676 0
1677 2298 19
2298 1677 0
1678 2298 19
2298 1678 0
1679 2298 19
2298 1679 0
1680 2298 19
2298 1680 0
1681 2298 19
2298 1681 0
1682 2298 19
2298 1682 0
1683 2298 19
2298 1683 0
1684 2298 19
2298 1684 0
1685 2298 19
2298 1685 0
1686 2298 19
2298 1686 0
1687 2298 19
2298 1687 0
1688 2298 19
2298 1688 0
1689 2298 19
2298 1689 0
1690 2298 19
2298 1690 0
1691 2298 19
2298 1691 0
1692 2298 19
2298 1692 0
1693 2298 19
2298 1693 0
1694 2298 19
2298 1694 0
1695 2298 19
2298 1695 0
1696 2298 19
2298 1696 0
1697 2298 19
2298 1697 0
1698 2298 19
2298 1698 0
1699 2298 19
2298 1699 0
1700 2298 19
2298 1700 0
1701 2298 19
2298 1701 0
1702 2298 19
2298 1702 0
1703 2298 19
2298 1703 0
1704 2298 19
2298 1704 0
1705 2298 19
2298 1705 0
1706 2298 19
2298 1706 0
1707 2298 19
2298 1707 0
1708 2298 19
2298 1708 0
1709 2298 19
2298 1709 0
1710 2298 19
2298 1710 0
1711 2298 19
2298 1711 0
1712 2298 19
2298 1712 0
1713 2298 19
2298 1713 0
1714 2298 19
2298 1714 0
1715 2298 19
2298 1715 0
1716 2298 19
2298 1716 0
1717 2298 19
2298 1717 0
1718 2298 19
2298 1718 0
1719 2298 19
2298 1719 0
1720 2298 19
2298 1720 0
1721 2298 19
2298 1721 0
1722 2298 19
2298 1722 0
1723 2298 19
2298 1723 0
1724 2298 19
2298 1724 0
1725 2298 19
2298 1725 0
1726 2298 19
2298 1726 0
1727 2298 19
2298 1727 0
1728 2298 19
2298 1728 0
1729 2298 19
2298 1729 0
1730 2298 19
2298 1730 0
1731 2298 19
2298 1731 0
1732 2298 19
2298 1732 0
1733 2298 19
2298 1733 0
1734 2298 19
2298 1734 0
1735 2298 19
2298 1735 0
1736 2298 19
2298 1736 0
1737 2298 19
2298 1737 0
1738 2298 19
2298 1738 0
1739 2298 19
2298 1739 0
1740 2298 19
2298 1740 0
1741 2298 19
2298 1741 0
1742 2298 19
2298 1742 0
1743 2298 19
2298 1743 0
1744 2298 19
2298 1744 0
1745 2298 19
2298 1745 0
1746 2298 19
2298 1746 0
1747 2298 19
2298 1747 0
1748 2298 19
2298 1748 0
1749 2298 19
2298 1749 0
1750 2298 19
2298 1750 0
1751 2298 19
2298 1751 0
1752 2298 19
2298 1752 0
1753 2298 19
2298 1753 0
1754 2298 19
2298 1754 0
1755 2298 19
2298 1755 0
1756 2298 19
2298 1756 0
1757 2298 19
2298 1757 0
1758 2298 19
2298 1758 0
1759 2298 19
2298 1759 0
1760 2298 19
2298 1760 0
1761 2298 19
2298 1761 0
1762 2298 19
2298 1762 0
1763 2298 19
2298 1763 0
1764 2298 19
2298 1764 0
1765 2298 19
2298 1765 0
1766 2298 19
2298 1766 0
1767 2298 19
2298 1767 0
1768 2298 19
2298 1768 0
1769 2298 19
2298 1769 0
1770 2298 19
2298 1770 0
1771 2298 19
2298 1771 0
1772 2298 19
2298 1772 0
1773 2298 19
2298 1773 0
1774 2298 19
2298 1774 0
1775 2298 19
2298 1775 0
1776 2298 19
2298 1776 0
1777 2298 19
2298 1777 0
1778 2298 19
2298 1778 0
1779 2298 19
2298 1779 0
1780 2298 19
2298 1780 0
1781 2298 19
2298 1781 0
1782 2298 19
2298 1782 0
1783 2298 19
2298 1783 0
1784 2298 19
2298 1784 0
1785 2298 19
2298 1785 0
1786 2298 19
2298 1786 0
1787 2298 19
2298 1787 0
1788 2298 19
2298 1788 0
1789 2298 19
2298 1789 0
1790 2298 19
2298 1790 0
1791 2298 19
2298 1791 0
1792 2298 19
2298 1792 0
1793 2298 19
2298 1793 0
1794 2298 19
2298 1794 0
1795 2298 19
2298 1795 0
1796 2298 19
2298 1796 0
1797 2298 19
2298 1797 0
1798 2298 19
2298 1798 0
1799 2298 19
2298 1799 0
1800 2298 19
2298 1800 0
1801 2298 19
2298 1801 0
1802 2298 19
2298 1802 0
1803 2298 19
2298 1803 0
1804 2298 19
2298 1804 0
1805 2298 19
2298 1805 0
1806 2298 19
2298 1806 0
1807 2298 19
2298 1807 0
1808 2298 19
2298 1808 0
1809 2298 19
2298 1809 0
1810 2298 19
2298 1810 0
1811 2298 19
2298 1811 0
1812 2298 19
2298 1812 0
1813 2298 19
2298 1813 0
1814 2298 19
2298 1814 0
1815 2298 19
2298 1815 0
1816 2298 19
2298 1816 0
1817 2298 19
2298 1817 0
1818 2298 19
2298 1818 0
1819 2298 19
2298 1819 0
1820 2298 19
2298 1820 0
1821 2298 19
2298 1821 0
1822 2298 19
2298 1822 0
1823 2298 19
2298 1823 0
1824 2298 19
2298 1824 0
1825 2298 19
2298 1825 0
1826 2298 19
2298 1826 0
1827 2298 19
2298 1827 0
1828 2298 19
2298 1828 0
1829 2298 19
2298 1829 0
1830 2298 19
2298 1830 0
1831 2298 19
2298 1831 0
1832 2298 19
2298 1832 0
1833 2298 19
2298 1833 0
1834 2298 19
2298 1834 0
1835 2298 19
2298 1835 0
1836 2298 19
2298 1836 0
1837 2298 19
2298 1837 0
1838 2298 19
2298 1838 0
1839 2298 19
2298 1839 0
1840 2298 19
2298 1840 0
1841 2298 19
2298 1841 0
1842 2298 19
2298 1842 0
1843 2298 19
2298 1843 0
1844 2298 19
2298 1844 0
1845 2298 19
2298 1845 0
1846 2298 19
2298 1846 0
1847 2298 19
2298 1847 0
1848 2298 19
2298 1848 0
1849 2298 19
2298 1849 0
1850 2298 19
2298 1850 0
1851 2298 19
2298 1851 0
1852 2298 19
2298 1852 0
1853 2298 19
2298 1853 0
1854 2298 19
2298 1854 0
1855 2298 19
2298 1855 0
1856 2298 19
2298 1856 0
1857 2298 19
2298 1857 0
1858 2298 19
2298 1858 0
1859 2298 19
2298 1859 0
1860 2298 19
2298 1860 0
1861 2298 19
2298 1861 0
1862 2298 19
2298 1862 0
1863 2298 19
2298 1863 0
1864 2298 19
2298 1864 0
1865 2298 19
2298 1865 0
1866 2298 19
2298 1866 0
1867 2298 19
2298 1867 0
1868 2298 19
2298 1868 0
1869 2298 19
2298 1869 0
1870 2298 19
2298 1870 0
1871 2298 19
2298 1871 0
1872 2298 19
2298 1872 0
1873 2298 19
2298 1873 0
1874 2298 19
2298 1874 0
1875 2298 19
2298 1875 0
1876 2298 19
2298 1876 0
1877 2298 19
2298 1877 0
1878 2298 19
2298 1878 0
1879 2298 19
2298 1879 0
1880 2298 19
2298 1880 0
1881 2298 19
2298 1881 0
1882 2298 19
2298 1882 0
1883 2298 19
2298 1883 0
1884 2298 19
2298 1884 0
1885 2298 19
2298 1885 0
1886 2298 19
2298 1886 0
1887 2298 19
2298 1887 0
1888 2298 19
2298 1888 0
1889 2298 19
2298 1889 0
1890 2298 19
2298 1890 0
1891 2298 19
2298 1891 0
1892 2298 19
2298 1892 0
1893 2298 19
2298 1893 0
1894 2298 19
2298 1894 0
1895 2298 19
2298 1895 0
1896 2298 19
2298 1896 0
1897 2298 19
2298 1897 0
1898 2298 19
2298 1898 0
1899 2298 19
2298 1899 0
1900 2298 19
2298 1900 0
1901 2298 19
2298 1901 0
1902 2298 19
2298 1902 0
1903 2298 19
2298 1903 0
1904 2298 19
2298 1904 0
1905 2298 19
2298 1905 0
1906 2298 19
2298 1906 0
1907 2298 19
2298 1907 0
1908 2298 19
2298 1908 0
1909 2298 19
2298 1909 0
1910 2298 19
2298 1910 0
1911 2298 19
2298 1911 0
1912 2298 19
2298 1912 0
1913 2298 19
2298 1913 0
1914 2298 19
2298 1914 0
1915 2298 19
2298 1915 0
1916 2298 19
2298 1916 0
1917 2298 19
2298 1917 0
1918 2298 19
2298 1918 0
1919 2298 19
2298 1919 0
1920 2298 19
2298 1920 0
1921 2298 19
2298 1921 0
1922 2298 19
2298 1922 0
1923 2298 19
2298 1923 0
1924 2298 19
2298 1924 0
1925 2298 19
2298 1925 0
1926 2298 19
2298 1926 0
1927 2298 19
2298 1927 0
1928 2298 19
2298 1928 0
1929 2298 19
2298 1929 0
1930 2298 19
2298 1930 0
1931 2298 19
2298 1931 0
1932 2298 19
2298 1932 0
1933 2298 19
2298 1933 0
1934 2298 19
2298 1934 0
1935 2298 19
2298 1935 0
1936 2298 19
2298 1936 0
1937 2298 19
2298 1937 0
1938 2298 19
2298 1938 0
1939 2298 19
2298 1939 0
1940 2298 19
2298 1940 0
1941 2298 19
2298 1941 0
1942 2298 19
2298 1942 0
1943 2298 19
2298 1943 0
1944 2298 19
2298 1944 0
1945 2298 19
2298 1945 0
1946 2298 19
2298 1946 0
1947 2298 19
2298 1947 0
1948 2298 19
2298 1948 0
1949 2298 19
2298 1949 0
1950 2298 19
2298 1950 0
1951 2298 19
2298 1951 0
1952 2298 19
2298 1952 0
1953 2298 19
2298 1953 0
1954 2298 19
2298 1954 0
1955 2298 19
2298 1955 0
1956 2298 19
2298 1956 0
1957 2298 19
2298 1957 0
1958 2298 19
2298 1958 0
1959 2298 19
2298 1959 0
1960 2298 19
2298 1960 0
1961 2298 19
2298 1961 0
1962 2298 19
2298 1962 0
1963 2298 19
2298 1963 0
1964 2298 19
2298 1964 0
1965 2298 19
2298 1965 0
1966 2298 19
2298 1966 0
1967 2298 19
2298 1967 0
1968 2298 19
2298 1968 0
1969 2298 19
2298 1969 0
1970 2298 19
2298 1970 0
1971 2298 19
2298 1971 0
1972 2298 19
2298 1972 0
1973 2298 19
2298 1973 0
1974 2298 19
2298 1974 0
1975 2298 19
2298 1975 0
1976 2298 19
2298 1976 0
1977 2298 19
2298 1977 0
1978 2298 19
2298 1978 0
1979 2298 19
2298 1979 0
1980 2298 19
2298 1980 0
1981 2298 19
2298 1981 0
1982 2298 19
2298 1982 0
1983 2298 19
2298 1983 0
1984 2298 19
2298 1984 0
1985 2298 19
2298 1985 0
1986 2298 19
2298 1986 0
1987 2298 19
2298 1987 0
1988 2298 19
2298 1988 0
1989 2298 19
2298 1989 0
1990 2298 19
2298 1990 0
1991 2298 19
2298 1991 0
1992 2298 19
2298 1992 0
1993 2298 19
2298 1993 0
1994 2298 19
2298 1994 0
1995 2298 19
2298 1995 0
1996 2298 19
2298 1996 0
1997 2298 19
2298 1997 0
1998 2298 19
2298 1998 0
1999 2298 19
2298 1999 0
2000 2298 19
2298 2000 0
2001 2298 19
2298 2001 0
2002 2298 19
2298 2002 0
2003 2298 19
2298 2003 0
2004 2298 19
2298 2004 0
2005 2298 19
2298 2005 0
2006 2298 19
2298 2006 0
2007 2298 19
2298 2007 0
2008 2298 19
2298 2008 0
2009 2298 19
2298 2009 0
2010 2298 19
2298 2010 0
2011 2298 19
2298 2011 0
2012 2298 19
2298 2012 0
2013 2298 19
2298 2013 0
2014 2298 19
2298 2014 0
2015 2298 19
2298 2015 0
2016 2298 19
2298 2016 0
2017 2298 19
2298 2017 0
2018 2298 19
2298 2018 0
2019 2298 19
2298 2019 0
2020 2298 19
2298 2020 0
2021 2298 19
2298 2021 0
2022 2298 19
2298 2022 0
2023 2298 19
2298 2023 0
2024 2298 19
2298 2024 0
2025 2298 19
2298 2025 0
2026 2298 19
2298 2026 0
2027 2298 19
2298 2027 0
2028 2298 19
2298 2028 0
2029 2298 19
2298 2029 0
2030 2298 19
2298 2030 0
2031 2298 19
2298 2031 0
2032 2298 19
2298 2032 0
2033 2298 19
2298 2033 0
2034 2298 19
2298 2034 0
2035 2298 19
2298 2035 0
2036 2298 19
2298 2036 0
2037 2298 19
2298 2037 0
2038 2298 19
2298 2038 0
2039 2298 19
2298 2039 0
2040 2298 19
2298 2040 0
2041 2298 19
2298 2041 0
2042 2298 19
2298 2042 0
2043 2298 19
2298 2043 0
2044 2298 19
2298 2044 0
2045 2298 19
2298 2045 0
2046 2298 19
2298 2046 0
2047 2298 19
2298 2047 0
2048 2298 19
2298 2048 0
2049 2298 19
2298 2049 0
2050 2298 19
2298 2050 0
2051 2298 19
2298 2051 0
2052 2298 19
2298 2052 0
2053 2298 19
2298 2053 0
2054 2298 19
2298 2054 0
2055 2298 19
2298 2055 0
2056 2298 19
2298 2056 0
2057 2298 19
2298 2057 0
2058 2298 19
2298 2058 0
2059 2298 19
2298 2059 0
2060 2298 19
2298 2060 0
2061 2298 19
2298 2061 0
2062 2298 19
2298 2062 0
2063 2298 19
2298 2063 0
2064 2298 19
2298 2064 0
2065 2298 19
2298 2065 0
2066 2298 19
2298 2066 0
2067 2298 19
2298 2067 0
2068 2298 19
2298 2068 0
2069 2298 19
2298 2069 0
2070 2298 19
2298 2070 0
2071 2298 19
2298 2071 0
2072 2298 19
2298 2072 0
2073 2298 19
2298 2073 0
2074 2298 19
2298 2074 0
2075 2298 19
2298 2075 0
2076 2298 19
2298 2076 0
2077 2298 19
2298 2077 0
2078 2298 19
2298 2078 0
2079 2298 19
2298 2079 0
2080 2298 19
2298 2080 0
2081 2298 19
2298 2081 0
2082 2298 19
2298 2082 0
2083 2298 19
2298 2083 0
2084 2298 19
2298 2084 0
2085 2298 19
2298 2085 0
2086 2298 19
2298 2086 0
2087 2298 19
2298 2087 0
2088 2298 19
2298 2088 0
2089 2298 19
2298 2089 0
2090 2298 19
2298 2090 0
2091 2298 19
2298 2091 0
2092 2298 19
2298 2092 0
2093 2298 19
2298 2093 0
2094 2298 19
2298 2094 0
2095 2298 19
2298 2095 0
2096 2298 19
2298 2096 0
2097 2298 19
2298 2097 0
2098 2298 19
2298 2098 0
2099 2298 19
2298 2099 0
2100 2298 19
2298 2100 0
2101 2298 19
2298 2101 0
2102 2298 19
2298 2102 0
2103 2298 19
2298 2103 0
2104 2298 19
2298 2104 0
2105 2298 19
2298 2105 0
2106 2298 19
2298 2106 0
2107 2298 19
2298 2107 0
2108 2298 19
2298 2108 0
2109 2298 19
2298 2109 0
2110 2298 19
2298 2110 0
2111 2298 19
2298 2111 0
2112 2298 19
2298 2112 0
2113 2298 19
2298 2113 0
2114 2298 19
2298 2114 0
2115 2298 19
2298 2115 0
2116 2298 19
2298 2116 0
2117 2298 19
2298 2117 0
2118 2298 19
2298 2118 0
2119 2298 19
2298 2119 0
2120 2298 19
2298 2120 0
2121 2298 19
2298 2121 0
2122 2298 19
2298 2122 0
2123 2298 19
2298 2123 0
2124 2298 19
2298 2124 0
2125 2298 19
2298 2125 0
2126 2298 19
2298 2126 0
2127 2298 19
2298 2127 0
2128 2298 19
2298 2128 0
2129 2298 19
2298 2129 0
2130 2298 19
2298 2130 0
2131 2298 19
2298 2131 0
2132 2298 19
2298 2132 0
2133 2298 19
2298 2133 0
2134 2298 19
2298 2134 0
2135 2298 19
2298 2135 0
2136 2298 19
2298 2136 0
2137 2298 19
2298 2137 0
2138 2298 19
2298 2138 0
2139 2298 19
2298 2139 0
2140 2298 19
2298 2140 0
2141 2298 19
2298 2141 0
2142 2298 19
2298 2142 0
2143 2298 19
2298 2143 0
2144 2298 19
2298 2144 0
2145 2298 19
2298 2145 0
2146 2298 19
2298 2146 0
2147 2298 19
2298 2147 0
2148 2298 19
2298 2148 0
2149 2298 19
2298 2149 0
2150 2298 19
2298 2150 0
2151 2298 19
2298 2151 0
2152 2298 19
2298 2152 0
2153 2298 19
2298 2153 0
2154 2298 19
2298 2154 0
2155 2298 19
2298 2155 0
2156 2298 19
2298 2156 0
2157 2298 19
2298 2157 0
2158 2298 19
2298 2158 0
2159 2298 19
2298 2159 0
2160 2298 19
2298 2160 0
2161 2298 19
2298 2161 0
2162 2298 19
2298 2162 0
2163 2298 19
2298 2163 0
2164 2298 19
2298 2164 0
2165 2298 19
2298 2165 0
2166 2298 19
2298 2166 0
2167 2298 19
2298 2167 0
2168 2298 19
2298 2168 0
2169 2298 19
2298 2169 0
2170 2298 19
2298 2170 0
2171 2298 19
2298 2171 0
2172 2298 19
2298 2172 0
2173 2298 19
2298 2173 0
2174 2298 19
2298 2174 0
2175 2298 19
2298 2175 0
2176 2298 19
2298 2176 0
2177 2298 19
2298 2177 0
2178 2298 19
2298 2178 0
2179 2298 19
2298 2179 0
2180 2298 19
2298 2180 0
2181 2298 19
2298 2181 0
2182 2298 19
2298 2182 0
2183 2298 19
2298 2183 0
2184 2298 19
2298 2184 0
2185 2298 19
2298 2185 0
2186 2298 19
2298 2186 0
2187 2298 19
2298 2187 0
2188 2298 19
2298 2188 0
2189 2298 19
2298 2189 0
2190 2298 19
2298 2190 0
2191 2298 19
2298 2191 0
2192 2298 19
2298 2192 0
2193 2298 19
2298 2193 0
2194 2298 19
2298 2194 0
2195 2298 19
2298 2195 0
2196 2298 19
2298 2196 0
2197 2298 19
2298 2197 0
2198 2298 19
2298 2198 0
2199 2298 19
2298 2199 0
2200 2298 19
2298 2200 0
2201 2298 19
2298 2201 0
2202 2298 19
2298 2202 0
2203 2298 19
2298 2203 0
2204 2298 19
2298 2204 0
2205 2298 19
2298 2205 0
2206 2298 19
2298 2206 0
2207 2298 19
2298 2207 0
2208 2298 19
2298 2208 0
2209 2298 19
2298 2209 0
2210 2298 19
2298 2210 0
2211 2298 19
2298 2211 0
2212 2298 19
2298 2212 0
2213 2298 19
2298 2213 0
2214 2298 19
2298 2214 0
2215 2298 19
2298 2215 0
2216 2298 19
2298 2216 0
2217 2298 19
2298 2217 0
2218 2298 19
2298 2218 0
2219 2298 19
2298 2219 0
2220 2298 19
2298 2220 0
2221 2298 19
2298 2221 0
2222 2298 19
2298 2222 0
2223 2298 19
2298 2223 0
2224 2298 19
2298 2224 0
2225 2298 19
2298 2225 0
2226 2298 19
2298 2226 0
2227 2298 19
2298 2227 0
2228 2298 19
2298 2228 0
2229 2298 19
2298 2229 0
2230 2298 19
2298 2230 0
2231 2298 19
2298 2231 0
2232 2298 19
2298 2232 0
2233 2298 19
2298 2233 0
2234 2298 19
2298 2234 0
2235 2298 19
2298 2235 0
2236 2298 19
2298 2236 0
2237 2298 19
2298 2237 0
2238 2298 19
2298 2238 0
2239 2298 19
2298 2239 0
2240 2298 19
2298 2240 0
2241 2298 19
2298 2241 0
2242 2298 19
2298 2242 0
2243 2298 19
2298 2243 0
2244 2298 19
2298 2244 0
2245 2298 19
2298 2245 0
2246 2298 19
2298 2246 0
2247 2298 19
2298 2247 0
2248 2298 19
2298 2248 0
2249 2298 19
2298 2249 0
2250 2298 19
2298 2250 0
2251 2298 19
2298 2251 0
2252 2298 19
2298 2252 0
2253 2298 19
2298 2253 0
2254 2298 19
2298 2254 0
2255 2298 19
2298 2255 0
2256 2298 19
2298 2256 0
2257 2298 19
2298 2257 0
2258 2298 19
2298 2258 0
2259 2298 19
2298 2259 0
2260 2298 19
2298 2260 0
2261 2298 19
2298 2261 0
2262 2298 19
2298 2262 0
2263 2298 19
2298 2263 0
2264 2298 19
2298 2264 0
2265 2298 19
2298 2265 0
2266 2298 19
2298 2266 0
2267 2298 19
2298 2267 0
2268 2298 19
2298 2268 0
2269 2298 19
2298 2269 0
2270 2298 19
2298 2270 0
2271 2298 19
2298 2271 0
2272 2298 19
2298 2272 0
2273 2298 19
2298 2273 0
2274 2298 19
2298 2274 0
2275 2298 19
2298 2275 0
2276 2298 19
2298 2276 0
2277 2298 19
2298 2277 0
2278 2298 19
2298 2278 0
2279 2298 19
2298 2279 0
2280 2298 19
2298 2280 0
2281 2298 19
2298 2281 0
2282 2298 19
2298 2282 0
2283 2298 19
2298 2283 0
2284 2298 19
2298 2284 0
2285 2298 19
2298 2285 0
2286 2298 19
2298 2286 0
2287 2298 19
2298 2287 0
2288 2298 19
2298 2288 0
2289 2298 19
2298 2289 0
2290 2298 19
2298 2290 0
2291 2298 19
2298 2291 0
2292 2298 19
2298 2292 0
2293 2298 19
2298 2293 0
2294 2298 19
2298 2294 0
2295 2298 19
2298 2295 0
2296 2298 19
2298 2296 0
2297 2298 19
2298 2297 0
