621 620 6 1240
1 621 1
621 1 0
2 621 1
621 2 0
3 621 1
621 3 0
4 621 1
621 4 0
5 621 1
621 5 0
6 621 1
621 6 0
7 621 1
621 7 0
8 621 1
621 8 0
9 621 1
621 9 0
10 621 1
621 10 0
11 621 1
621 11 0
12 621 1
621 12 0
13 621 1
621 13 0
14 621 1
621 14 0
15 621 1
621 15 0
16 621 1
621 16 0
17 621 1
621 17 0
18 621 1
621 18 0
19 621 1
621 19 0
20 621 1
621 20 0
21 621 1
621 21 0
22 621 1
621 22 0
23 621 1
621 23 0
24 621 1
621 24 0
25 621 1
621 25 0
26 621 1
621 26 0
27 621 1
621 27 0
28 621 1
621 28 0
29 621 1
621 29 0
30 621 1
621 30 0
31 621 1
621 31 0
32 621 1
621 32 0
33 621 1
621 33 0
34 621 1
621 34 0
35 621 1
621 35 0
36 621 1
621 36 0
37 621 1
621 37 0
38 621 1
621 38 0
39 621 1
621 39 0
40 621 1
621 40 0
41 621 1
621 41 0
42 621 1
621 42 0
43 621 1
621 43 0
44 621 1
621 44 0
45 621 1
621 45 0
46 621 1
621 46 0
47 621 1
621 47 0
48 621 1
621 48 0
49 621 1
621 49 0
50 621 1
621 50 0
51 621 1
621 51 0
52 621 1
621 52 0
53 621 1
621 53 0
54 621 1
621 54 0
55 621 1
621 55 0
56 621 1
621 56 0
57 621 1
621 57 0
58 621 1
621 58 0
59 621 1
621 59 0
60 621 1
621 60 0
61 621 1
621 61 0
62 621 1
621 62 0
63 621 1
621 63 0
64 621 1
621 64 0
65 621 1
621 65 0
66 621 1
621 66 0
67 621 1
621 67 0
68 621 1
621 68 0
69 621 1
621 69 0
70 621 1
621 70 0
71 621 1
621 71 0
72 621 1
621 72 0
73 621 1
621 73 0
74 621 1
621 74 0
75 621 1
621 75 0
76 621 1
621 76 0
77 621 1
621 77 0
78 621 1
621 78 0
79 621 1
621 79 0
80 621 1
621 80 0
81 621 1
621 81 0
82 621 1
621 82 0
83 621 1
621 83 0
84 621 1
621 84 0
85 621 1
621 85 0
86 621 1
621 86 0
87 621 1
621 87 0
88 621 1
621 88 0
89 621 1
621 89 0
90 621 1
621 90 0
91 621 1
621 91 0
92 621 1
621 92 0
93 621 1
621 93 0
94 621 1
621 94 0
95 621 1
621 95 0
96 621 1
621 96 0
97 621 1
621 97 0
98 621 1
621 98 0
99 621 1
621 99 0
100 621 1
621 100 0
101 621 1
621 101 0
102 621 1
621 102 0
103 621 1
621 103 0
104 621 1
621 104 0
105 621 1
621 105 0
106 621 1
621 106 0
107 621 1
621 107 0
108 621 1
621 108 0
109 621 1
621 109 0
110 621 1
621 110 0
111 621 1
621 111 0
112 621 1
621 112 0
113 621 1
621 113 0
114 621 1
621 114 0
115 621 1
621 115 0
116 621 1
621 116 0
117 621 1
621 117 0
118 621 1
621 118 0
119 621 1
621 119 0
120 621 1
621 120 0
121 621 1
621 121 0
122 621 1
621 122 0
123 621 1
621 123 0
124 621 1
621 124 0
125 621 1
621 125 0
126 621 1
621 126 0
127 621 1
621 127 0
128 621 1
621 128 0
129 621 1
621 129 0
130 621 1
621 130 0
131 621 1
621 131 0
132 621 1
621 132 0
133 621 1
621 133 0
134 621 1
621 134 0
135 621 1
621 135 0
136 621 1
621 136 0
137 621 1
621 137 0
138 621 1
621 138 0
139 621 1
621 139 0
140 621 1
621 140 0
141 621 1
621 141 0
142 621 1
621 142 0
143 621 1
621 143 0
144 621 1
621 144 0
145 621 1
621 145 0
146 621 1
621 146 0
147 621 1
621 147 0
148 621 1
621 148 0
149 621 1
621 149 0
150 621 1
621 150 0
151 621 1
621 151 0
152 621 1
621 152 0
153 621 1
621 153 0
154 621 1
621 154 0
155 621 1
621 155 0
156 621 1
621 156 0
157 621 1
621 157 0
158 621 1
621 158 0
159 621 1
621 159 0
160 621 1
621 160 0
161 621 1
621 161 0
162 621 1
621 162 0
163 621 1
621 163 0
164 621 1
621 164 0
165 621 1
621 165 0
166 621 1
621 166 0
167 621 1
621 167 0
168 621 1
621 168 0
169 621 1
621 169 0
170 621 1
621 170 0
171 621 1
621 171 0
172 621 1
621 172 0
173 621 1
621 173 0
174 621 1
621 174 0
175 621 1
621 175 0
176 621 1
621 176 0
177 621 1
621 177 0
178 621 1
621 178 0
179 621 1
621 179 0
180 621 1
621 180 0
181 621 1
621 181 0
182 621 1
621 182 0
183 621 1
621 183 0
184 621 1
621 184 0
185 621 1
621 185 0
186 621 1
621 186 0
187 621 1
621 187 0
188 621 1
621 188 0
189 621 1
621 189 0
190 621 1
621 190 0
191 621 1
621 191 0
192 621 1
621 192 0
193 621 1
621 193 0
194 621 1
621 194 0
195 621 1
621 195 0
196 621 1
621 196 0
197 621 1
621 197 0
198 621 1
621 198 0
199 621 1
621 199 0
200 621 1
621 200 0
201 621 1
621 201 0
202 621 1
621 202 0
203 621 1
621 203 0
204 621 1
621 204 0
205 621 1
621 205 0
206 621 1
621 206 0
207 621 1
621 207 0
208 621 1
621 208 0
209 621 1
621 209 0
210 621 1
621 210 0
211 621 1
621 211 0
212 621 1
621 212 0
213 621 1
621 213 0
214 621 1
621 214 0
215 621 1
621 215 0
216 621 1
621 216 0
217 621 1
621 217 0
218 621 1
621 218 0
219 621 1
621 219 0
220 621 1
621 220 0
221 621 1
621 221 0
222 621 1
621 222 0
223 621 1
621 223 0
224 621 1
621 224 0
225 621 1
621 225 0
226 621 1
621 226 0
227 621 1
621 227 0
228 621 1
621 228 0
229 621 1
621 229 0
230 621 1
621 230 0
231 621 1
621 231 0
232 621 1
621 232 0
233 621 1
621 233 0
234 621 1
621 234 0
235 621 1
621 235 0
236 621 1
621 236 0
237 621 1
621 237 0
238 621 1
621 238 0
239 621 1
621 239 0
240 621 1
621 240 0
241 621 1
621 241 0
242 621 1
621 242 0
243 621 1
621 243 0
244 621 1
621 244 0
245 621 1
621 245 0
246 621 1
621 246 0
247 621 1
621 247 0
248 621 1
621 248 0
249 621 1
621 249 0
250 621 1
621 250 0
251 621 1
621 251 0
252 621 1
621 252 0
253 621 1
621 253 0
254 621 1
621 254 0
255 621 1
621 255 0
256 621 1
621 256 0
257 621 1
621 257 0
258 621 1
621 258 0
259 621 1
621 259 0
260 621 1
621 260 0
261 621 1
621 261 0
262 621 1
621 262 0
263 621 1
621 263 0
264 621 1
621 264 0
265 621 1
621 265 0
266 621 1
621 266 0
267 621 1
621 267 0
268 621 1
621 268 0
269 621 1
621 269 0
270 621 1
621 270 0
271 621 1
621 271 0
272 621 1
621 272 0
273 621 1
621 273 0
274 621 1
621 274 0
275 621 1
621 275 0
276 621 1
621 276 0
277 621 1
621 277 0
278 621 1
621 278 0
279 621 1
621 279 0
280 621 1
621 280 0
281 621 1
621 281 0
282 621 1
621 282 0
283 621 1
621 283 0
284 621 1
621 284 0
285 621 1
621 285 0
286 621 1
621 286 0
287 621 1
621 287 0
288 621 1
621 288 0
289 621 1
621 289 0
290 621 1
621 290 0
291 621 1
621 291 0
292 621 1
621 292 0
293 621 1
621 293 0
294 621 1
621 294 0
295 621 1
621 295 0
296 621 1
621 296 0
297 621 1
621 297 0
298 621 1
621 298 0
299 621 1
621 299 0
300 621 1
621 300 0
301 621 1
621 301 0
302 621 1
621 302 0
303 621 1
621 303 0
304 621 1
621 304 0
305 621 1
621 305 0
306 621 1
621 306 0
307 621 1
621 307 0
308 621 1
621 308 0
309 621 1
621 309 0
310 621 1
621 310 0
311 621 14
621 311 0
312 621 14
621 312 0
313 621 14
621 313 0
314 621 14
621 314 0
315 621 14
621 315 0
316 621 14
621 316 0
317 621 14
621 317 0
318 621 14
621 318 0
319 621 14
621 319 0
320 621 14
621 320 0
321 621 14
621 321 0
322 621 14
621 322 0
323 621 14
621 323 0
324 621 14
621 324 0
325 621 14
621 325 0
326 621 14
621 326 0
327 621 14
621 327 0
328 621 14
621 328 0
329 621 14
621 329 0
330 621 14
621 330 0
331 621 14
621 331 0
332 621 14
621 332 0
333 621 14
621 333 0
334 621 14
621 334 0
335 621 14
621 335 0
336 621 14
621 336 0
337 621 14
621 337 0
338 621 14
621 338 0
339 621 14
621 339 0
340 621 14
621 340 0
341 621 14
621 341 0
342 621 14
621 342 0
343 621 14
621 343 0
344 621 14
621 344 0
345 621 14
621 345 0
346 621 14
621 346 0
347 621 14
621 347 0
348 621 14
621 348 0
349 621 14
621 349 0
350 621 14
621 350 0
351 621 14
621 351 0
352 621 14
621 352 0
353 621 14
621 353 0
354 621 14
621 354 0
355 621 14
621 355 0
356 621 14
621 356 0
357 621 14
621 357 0
358 621 14
621 358 0
359 621 14
621 359 0
360 621 14
621 360 0
361 621 14
621 361 0
362 621 14
621 362 0
363 621 14
621 363 0
364 621 14
621 364 0
365 621 14
621 365 0
366 621 14
621 366 0
367 621 14
621 367 0
368 621 14
621 368 0
369 621 14
621 369 0
370 621 14
621 370 0
371 621 14
621 371 0
372 621 14
621 372 0
373 621 14
621 373 0
374 621 14
621 374 0
375 621 14
621 375 0
376 621 14
621 376 0
377 621 14
621 377 0
378 621 14
621 378 0
379 621 14
621 379 0
380 621 14
621 380 0
381 621 14
621 381 0
382 621 14
621 382 0
383 621 14
621 383 0
384 621 14
621 384 0
385 621 14
621 385 0
386 621 14
621 386 0
387 621 14
621 387 0
388 621 14
621 388 0
389 621 14
621 389 0
390 621 14
621 390 0
391 621 14
621 391 0
392 621 14
621 392 0
393 621 14
621 393 0
394 621 14
621 394 0
395 621 14
621 395 0
396 621 14
621 396 0
397 621 14
621 397 0
398 621 14
621 398 0
399 621 14
621 399 0
400 621 14
621 400 0
401 621 14
621 401 0
402 621 14
621 402 0
403 621 14
621 403 0
404 621 14
621 404 0
405 621 14
621 405 0
406 621 14
621 406 0
407 621 14
621 407 0
408 621 14
621 408 0
409 621 14
621 409 0
410 621 14
621 410 0
411 621 14
621 411 0
412 621 14
621 412 0
413 621 14
621 413 0
414 621 14
621 414 0
415 621 14
621 415 0
416 621 14
621 416 0
417 621 14
621 417 0
418 621 14
621 418 0
419 621 14
621 419 0
420 621 14
621 420 0
421 621 14
621 421 0
422 621 14
621 422 0
423 621 14
621 423 0
424 621 14
621 424 0
425 621 14
621 425 0
426 621 14
621 426 0
427 621 14
621 427 0
428 621 14
621 428 0
429 621 14
621 429 0
430 621 14
621 430 0
431 621 14
621 431 0
432 621 14
621 432 0
433 621 14
621 433 0
434 621 14
621 434 0
435 621 14
621 435 0
436 621 14
621 436 0
437 621 14
621 437 0
438 621 14
621 438 0
439 621 14
621 439 0
440 621 14
621 440 0
441 621 14
621 441 0
442 621 14
621 442 0
443 621 14
621 443 0
444 621 14
621 444 0
445 621 14
621 445 0
446 621 14
621 446 0
447 621 14
621 447 0
448 621 14
621 448 0
449 621 14
621 449 0
450 621 14
621 450 0
451 621 14
621 451 0
452 621 14
621 452 0
453 621 14
621 453 0
454 621 14
621 454 0
455 621 14
621 455 0
456 621 14
621 456 0
457 621 14
621 457 0
458 621 14
621 458 0
459 621 14
621 459 0
460 621 14
621 460 0
461 621 14
621 461 0
462 621 14
621 462 0
463 621 14
621 463 0
464 621 14
621 464 0
465 621 14
621 465 0
466 621 14
621 466 0
467 621 14
621 467 0
468 621 14
621 468 0
469 621 14
621 469 0
470 621 14
621 470 0
471 621 14
621 471 0
472 621 14
621 472 0
473 621 14
621 473 0
474 621 14
621 474 0
475 621 14
621 475 0
476 621 14
621 476 0
477 621 14
621 477 0
478 621 14
621 478 0
479 621 14
621 479 0
480 621 14
621 480 0
481 621 14
621 481 0
482 621 14
621 482 0
483 621 14
621 483 0
484 621 14
621 484 0
485 621 14
621 485 0
486 621 14
621 486 0
487 621 14
621 487 0
488 621 14
621 488 0
489 621 14
621 489 0
490 621 14
621 490 0
491 621 14
621 491 0
492 621 14
621 492 0
493 621 14
621 493 0
494 621 14
621 494 0
495 621 14
621 495 0
496 621 14
621 496 0
497 621 14
621 497 0
498 621 14
621 498 0
499 621 14
621 499 0
500 621 14
621 500 0
501 621 14
621 501 0
502 621 14
621 502 0
503 621 14
621 503 0
504 621 14
621 504 0
505 621 14
621 505 0
506 621 14
621 506 0
507 621 14
621 507 0
508 621 14
621 508 0
509 621 14
621 509 0
510 621 14
621 510 0
511 621 14
621 511 0
512 621 14
621 512 0
513 621 14
621 513 0
514 621 14
621 514 0
515 621 14
621 515 0
516 621 14
621 516 0
517 621 14
621 517 0
518 621 14
621 518 0
519 621 14
621 519 0
520 621 14
621 520 0
521 621 14
621 521 0
522 621 14
621 522 0
523 621 14
621 523 0
524 621 14
621 524 0
525 621 14
621 525 0
526 621 14
621 526 0
527 621 14
621 527 0
528 621 14
621 528 0
529 621 14
621 529 0
530 621 14
621 530 0
531 621 14
621 531 0
532 621 14
621 532 0
533 621 14
621 533 0
534 621 14
621 534 0
535 621 14
621 535 0
536 621 14
621 536 0
537 621 14
621 537 0
538 621 14
621 538 0
539 621 14
621 539 0
540 621 14
621 540 0
541 621 14
621 541 0
542 621 14
621 542 0
543 621 14
621 543 0
544 621 14
621 544 0
545 621 14
621 545 0
546 621 14
621 546 0
547 621 14
621 547 0
548 621 14
621 548 0
549 621 14
621 549 0
550 621 14
621 550 0
551 621 14
621 551 0
552 621 14
621 552 0
553 621 14
621 553 0
554 621 14
621 554 0
555 621 14
621 555 0
556 621 14
621 556 0
557 621 14
621 557 0
558 621 14
621 558 0
559 621 14
621 559 0
560 621 14
621 560 0
561 621 14
621 561 0
562 621 14
621 562 0
563 621 14
621 563 0
564 621 14
621 564 0
565 621 14
621 565 0
566 621 14
621 566 0
567 621 14
621 567 0
568 621 14
621 568 0
569 621 14
621 569 0
570 621 14
621 570 0
571 621 14
621 571 0
572 621 14
621 572 0
573 621 14
621 573 0
574 621 14
621 574 0
575 621 14
621 575 0
576 621 14
621 576 0
577 621 14
621 577 0
578 621 14
621 578 0
579 621 14
621 579 0
580 621 14
621 580 0
581 621 14
621 581 0
582 621 14
621 582 0
583 621 14
621 583 0
584 621 14
621 584 0
585 621 14
621 585 0
586 621 14
621 586 0
587 621 14
621 587 0
588 621 14
621 588 0
589 621 14
621 589 0
590 621 14
621 590 0
591 621 14
621 591 0
592 621 14
621 592 0
593 621 14
621 593 0
594 621 14
621 594 0
595 621 14
621 595 0
596 621 14
621 596 0
597 621 14
621 597 0
598 621 14
621 598 0
599 621 14
621 599 0
600 621 14
621 600 0
601 621 14
621 601 0
602 621 14
621 602 0
603 621 14
621 603 0
604 621 14
621 604 0
605 621 14
621 605 0
606 621 14
621 606 0
607 621 14
621 607 0
608 621 14
621 608 0
609 621 14
621 609 0
610 621 14
621 610 0
611 621 14
621 611 0
612 621 14
621 612 0
613 621 14
621 613 0
614 621 14
621 614 0
615 621 14
621 615 0
616 621 14
621 616 0
617 621 14
621 617 0
618 621 14
621 618 0
619 621 14
621 619 0
620 621 14
621 620 0
