1392 1391 65 2782
1 1392 1
1392 1 0
2 1392 1
1392 2 0
3 1392 1
1392 3 0
4 1392 1
1392 4 0
5 1392 1
1392 5 0
6 1392 1
1392 6 0
7 1392 1
1392 7 0
8 1392 1
1392 8 0
9 1392 1
1392 9 0
10 1392 1
1392 10 0
11 1392 1
1392 11 0
12 1392 1
1392 12 0
13 1392 1
1392 13 0
14 1392 1
1392 14 0
15 1392 1
1392 15 0
16 1392 1
1392 16 0
17 1392 1
1392 17 0
18 1392 1
1392 18 0
19 1392 1
1392 19 0
20 1392 1
1392 20 0
21 1392 1
1392 21 0
22 1392 1
1392 22 0
23 1392 1
1392 23 0
24 1392 1
1392 24 0
25 1392 1
1392 25 0
26 1392 1
1392 26 0
27 1392 1
1392 27 0
28 1392 1
1392 28 0
29 1392 1
1392 29 0
30 1392 1
1392 30 0
31 1392 1
1392 31 0
32 1392 1
1392 32 0
33 1392 1
1392 33 0
34 1392 1
1392 34 0
35 1392 1
1392 35 0
36 1392 1
1392 36 0
37 1392 1
1392 37 0
38 1392 1
1392 38 0
39 1392 1
1392 39 0
40 1392 1
1392 40 0
41 1392 1
1392 41 0
42 1392 1
1392 42 0
43 1392 1
1392 43 0
44 1392 1
1392 44 0
45 1392 1
1392 45 0
46 1392 1
1392 46 0
47 1392 1
1392 47 0
48 1392 1
1392 48 0
49 1392 1
1392 49 0
50 1392 1
1392 50 0
51 1392 1
1392 51 0
52 1392 1
1392 52 0
53 1392 1
1392 53 0
54 1392 1
1392 54 0
55 1392 1
1392 55 0
56 1392 1
1392 56 0
57 1392 1
1392 57 0
58 1392 1
1392 58 0
59 1392 1
1392 59 0
60 1392 1
1392 60 0
61 1392 1
1392 61 0
62 1392 1
1392 62 0
63 1392 1
1392 63 0
64 1392 1
1392 64 0
65 1392 1
1392 65 0
66 1392 1
1392 66 0
67 1392 1
1392 67 0
68 1392 1
1392 68 0
69 1392 1
1392 69 0
70 1392 1
1392 70 0
71 1392 1
1392 71 0
72 1392 1
1392 72 0
73 1392 1
1392 73 0
74 1392 1
1392 74 0
75 1392 1
1392 75 0
76 1392 1
1392 76 0
77 1392 1
1392 77 0
78 1392 1
1392 78 0
79 1392 1
1392 79 0
80 1392 1
1392 80 0
81 1392 1
1392 81 0
82 1392 1
1392 82 0
83 1392 1
1392 83 0
84 1392 1
1392 84 0
85 1392 1
1392 85 0
86 1392 1
1392 86 0
87 1392 1
1392 87 0
88 1392 1
1392 88 0
89 1392 1
1392 89 0
90 1392 1
1392 90 0
91 1392 1
1392 91 0
92 1392 1
1392 92 0
93 1392 1
1392 93 0
94 1392 1
1392 94 0
95 1392 1
1392 95 0
96 1392 1
1392 96 0
97 1392 1
1392 97 0
98 1392 1
1392 98 0
99 1392 1
1392 99 0
100 1392 1
1392 100 0
101 1392 1
1392 101 0
102 1392 1
1392 102 0
103 1392 1
1392 103 0
104 1392 1
1392 104 0
105 1392 1
1392 105 0
106 1392 1
1392 106 0
107 1392 1
1392 107 0
108 1392 1
1392 108 0
109 1392 1
1392 109 0
110 1392 1
1392 110 0
111 1392 1
1392 111 0
112 1392 1
1392 112 0
113 1392 1
1392 113 0
114 1392 1
1392 114 0
115 1392 1
1392 115 0
116 1392 1
1392 116 0
117 1392 1
1392 117 0
118 1392 1
1392 118 0
119 1392 1
1392 119 0
120 1392 1
1392 120 0
121 1392 1
1392 121 0
122 1392 1
1392 122 0
123 1392 1
1392 123 0
124 1392 1
1392 124 0
125 1392 1
1392 125 0
126 1392 1
1392 126 0
127 1392 1
1392 127 0
128 1392 1
1392 128 0
129 1392 1
1392 129 0
130 1392 1
1392 130 0
131 1392 1
1392 131 0
132 1392 1
1392 132 0
133 1392 1
1392 133 0
134 1392 1
1392 134 0
135 1392 1
1392 135 0
136 1392 1
1392 136 0
137 1392 1
1392 137 0
138 1392 1
1392 138 0
139 1392 1
1392 139 0
140 1392 1
1392 140 0
141 1392 1
1392 141 0
142 1392 1
1392 142 0
143 1392 1
1392 143 0
144 1392 1
1392 144 0
145 1392 1
1392 145 0
146 1392 1
1392 146 0
147 1392 1
1392 147 0
148 1392 1
1392 148 0
149 1392 1
1392 149 0
150 1392 1
1392 150 0
151 1392 1
1392 151 0
152 1392 1
1392 152 0
153 1392 1
1392 153 0
154 1392 1
1392 154 0
155 1392 1
1392 155 0
156 1392 1
1392 156 0
157 1392 1
1392 157 0
158 1392 1
1392 158 0
159 1392 1
1392 159 0
160 1392 1
1392 160 0
161 1392 1
1392 161 0
162 1392 1
1392 162 0
163 1392 1
1392 163 0
164 1392 1
1392 164 0
165 1392 1
1392 165 0
166 1392 1
1392 166 0
167 1392 1
1392 167 0
168 1392 1
1392 168 0
169 1392 1
1392 169 0
170 1392 1
1392 170 0
171 1392 1
1392 171 0
172 1392 1
1392 172 0
173 1392 1
1392 173 0
174 1392 1
1392 174 0
175 1392 1
1392 175 0
176 1392 1
1392 176 0
177 1392 1
1392 177 0
178 1392 1
1392 178 0
179 1392 1
1392 179 0
180 1392 1
1392 180 0
181 1392 1
1392 181 0
182 1392 1
1392 182 0
183 1392 1
1392 183 0
184 1392 1
1392 184 0
185 1392 1
1392 185 0
186 1392 1
1392 186 0
187 1392 1
1392 187 0
188 1392 1
1392 188 0
189 1392 1
1392 189 0
190 1392 1
1392 190 0
191 1392 1
1392 191 0
192 1392 1
1392 192 0
193 1392 1
1392 193 0
194 1392 1
1392 194 0
195 1392 1
1392 195 0
196 1392 1
1392 196 0
197 1392 1
1392 197 0
198 1392 1
1392 198 0
199 1392 1
1392 199 0
200 1392 1
1392 200 0
201 1392 1
1392 201 0
202 1392 1
1392 202 0
203 1392 1
1392 203 0
204 1392 1
1392 204 0
205 1392 1
1392 205 0
206 1392 1
1392 206 0
207 1392 1
1392 207 0
208 1392 1
1392 208 0
209 1392 1
1392 209 0
210 1392 1
1392 210 0
211 1392 1
1392 211 0
212 1392 1
1392 212 0
213 1392 1
1392 213 0
214 1392 1
1392 214 0
215 1392 1
1392 215 0
216 1392 1
1392 216 0
217 1392 1
1392 217 0
218 1392 1
1392 218 0
219 1392 1
1392 219 0
220 1392 1
1392 220 0
221 1392 1
1392 221 0
222 1392 1
1392 222 0
223 1392 1
1392 223 0
224 1392 1
1392 224 0
225 1392 1
1392 225 0
226 1392 1
1392 226 0
227 1392 1
1392 227 0
228 1392 1
1392 228 0
229 1392 1
1392 229 0
230 1392 1
1392 230 0
231 1392 1
1392 231 0
232 1392 1
1392 232 0
233 1392 1
1392 233 0
234 1392 1
1392 234 0
235 1392 1
1392 235 0
236 1392 1
1392 236 0
237 1392 1
1392 237 0
238 1392 1
1392 238 0
239 1392 1
1392 239 0
240 1392 1
1392 240 0
241 1392 1
1392 241 0
242 1392 1
1392 242 0
243 1392 1
1392 243 0
244 1392 1
1392 244 0
245 1392 1
1392 245 0
246 1392 1
1392 246 0
247 1392 1
1392 247 0
248 1392 1
1392 248 0
249 1392 1
1392 249 0
250 1392 1
1392 250 0
251 1392 1
1392 251 0
252 1392 1
1392 252 0
253 1392 1
1392 253 0
254 1392 1
1392 254 0
255 1392 1
1392 255 0
256 1392 1
1392 256 0
257 1392 1
1392 257 0
258 1392 1
1392 258 0
259 1392 1
1392 259 0
260 1392 1
1392 260 0
261 1392 1
1392 261 0
262 1392 1
1392 262 0
263 1392 1
1392 263 0
264 1392 1
1392 264 0
265 1392 1
1392 265 0
266 1392 1
1392 266 0
267 1392 1
1392 267 0
268 1392 1
1392 268 0
269 1392 1
1392 269 0
270 1392 1
1392 270 0
271 1392 1
1392 271 0
272 1392 1
1392 272 0
273 1392 1
1392 273 0
274 1392 1
1392 274 0
275 1392 1
1392 275 0
276 1392 1
1392 276 0
277 1392 1
1392 277 0
278 1392 1
1392 278 0
279 1392 1
1392 279 0
280 1392 1
1392 280 0
281 1392 1
1392 281 0
282 1392 1
1392 282 0
283 1392 1
1392 283 0
284 1392 1
1392 284 0
285 1392 1
1392 285 0
286 1392 1
1392 286 0
287 1392 1
1392 287 0
288 1392 1
1392 288 0
289 1392 1
1392 289 0
290 1392 1
1392 290 0
291 1392 1
1392 291 0
292 1392 1
1392 292 0
293 1392 1
1392 293 0
294 1392 1
1392 294 0
295 1392 1
1392 295 0
296 1392 1
1392 296 0
297 1392 1
1392 297 0
298 1392 1
1392 298 0
299 1392 1
1392 299 0
300 1392 1
1392 300 0
301 1392 1
1392 301 0
302 1392 1
1392 302 0
303 1392 1
1392 303 0
304 1392 1
1392 304 0
305 1392 1
1392 305 0
306 1392 1
1392 306 0
307 1392 1
1392 307 0
308 1392 1
1392 308 0
309 1392 1
1392 309 0
310 1392 1
1392 310 0
311 1392 1
1392 311 0
312 1392 1
1392 312 0
313 1392 1
1392 313 0
314 1392 1
1392 314 0
315 1392 1
1392 315 0
316 1392 1
1392 316 0
317 1392 1
1392 317 0
318 1392 1
1392 318 0
319 1392 1
1392 319 0
320 1392 1
1392 320 0
321 1392 1
1392 321 0
322 1392 1
1392 322 0
323 1392 1
1392 323 0
324 1392 1
1392 324 0
325 1392 1
1392 325 0
326 1392 1
1392 326 0
327 1392 1
1392 327 0
328 1392 1
1392 328 0
329 1392 1
1392 329 0
330 1392 1
1392 330 0
331 1392 1
1392 331 0
332 1392 1
1392 332 0
333 1392 1
1392 333 0
334 1392 1
1392 334 0
335 1392 1
1392 335 0
336 1392 1
1392 336 0
337 1392 1
1392 337 0
338 1392 1
1392 338 0
339 1392 1
1392 339 0
340 1392 1
1392 340 0
341 1392 1
1392 341 0
342 1392 1
1392 342 0
343 1392 1
1392 343 0
344 1392 1
1392 344 0
345 1392 1
1392 345 0
346 1392 1
1392 346 0
347 1392 1
1392 347 0
348 1392 1
1392 348 0
349 1392 1
1392 349 0
350 1392 1
1392 350 0
351 1392 1
1392 351 0
352 1392 1
1392 352 0
353 1392 1
1392 353 0
354 1392 1
1392 354 0
355 1392 1
1392 355 0
356 1392 1
1392 356 0
357 1392 1
1392 357 0
358 1392 1
1392 358 0
359 1392 1
1392 359 0
360 1392 1
1392 360 0
361 1392 1
1392 361 0
362 1392 1
1392 362 0
363 1392 1
1392 363 0
364 1392 1
1392 364 0
365 1392 1
1392 365 0
366 1392 1
1392 366 0
367 1392 1
1392 367 0
368 1392 1
1392 368 0
369 1392 1
1392 369 0
370 1392 1
1392 370 0
371 1392 1
1392 371 0
372 1392 1
1392 372 0
373 1392 1
1392 373 0
374 1392 1
1392 374 0
375 1392 1
1392 375 0
376 1392 1
1392 376 0
377 1392 1
1392 377 0
378 1392 1
1392 378 0
379 1392 1
1392 379 0
380 1392 1
1392 380 0
381 1392 1
1392 381 0
382 1392 1
1392 382 0
383 1392 1
1392 383 0
384 1392 1
1392 384 0
385 1392 1
1392 385 0
386 1392 1
1392 386 0
387 1392 1
1392 387 0
388 1392 1
1392 388 0
389 1392 1
1392 389 0
390 1392 1
1392 390 0
391 1392 1
1392 391 0
392 1392 1
1392 392 0
393 1392 1
1392 393 0
394 1392 1
1392 394 0
395 1392 1
1392 395 0
396 1392 1
1392 396 0
397 1392 1
1392 397 0
398 1392 1
1392 398 0
399 1392 1
1392 399 0
400 1392 1
1392 400 0
401 1392 1
1392 401 0
402 1392 1
1392 402 0
403 1392 1
1392 403 0
404 1392 1
1392 404 0
405 1392 1
1392 405 0
406 1392 1
1392 406 0
407 1392 1
1392 407 0
408 1392 1
1392 408 0
409 1392 1
1392 409 0
410 1392 1
1392 410 0
411 1392 1
1392 411 0
412 1392 1
1392 412 0
413 1392 1
1392 413 0
414 1392 1
1392 414 0
415 1392 1
1392 415 0
416 1392 1
1392 416 0
417 1392 1
1392 417 0
418 1392 1
1392 418 0
419 1392 1
1392 419 0
420 1392 1
1392 420 0
421 1392 1
1392 421 0
422 1392 1
1392 422 0
423 1392 1
1392 423 0
424 1392 1
1392 424 0
425 1392 1
1392 425 0
426 1392 1
1392 426 0
427 1392 1
1392 427 0
428 1392 1
1392 428 0
429 1392 1
1392 429 0
430 1392 1
1392 430 0
431 1392 1
1392 431 0
432 1392 1
1392 432 0
433 1392 1
1392 433 0
434 1392 1
1392 434 0
435 1392 1
1392 435 0
436 1392 1
1392 436 0
437 1392 1
1392 437 0
438 1392 1
1392 438 0
439 1392 1
1392 439 0
440 1392 1
1392 440 0
441 1392 1
1392 441 0
442 1392 1
1392 442 0
443 1392 1
1392 443 0
444 1392 1
1392 444 0
445 1392 1
1392 445 0
446 1392 1
1392 446 0
447 1392 1
1392 447 0
448 1392 1
1392 448 0
449 1392 1
1392 449 0
450 1392 1
1392 450 0
451 1392 1
1392 451 0
452 1392 1
1392 452 0
453 1392 1
1392 453 0
454 1392 1
1392 454 0
455 1392 1
1392 455 0
456 1392 1
1392 456 0
457 1392 1
1392 457 0
458 1392 1
1392 458 0
459 1392 1
1392 459 0
460 1392 1
1392 460 0
461 1392 1
1392 461 0
462 1392 1
1392 462 0
463 1392 1
1392 463 0
464 1392 1
1392 464 0
465 1392 1
1392 465 0
466 1392 1
1392 466 0
467 1392 1
1392 467 0
468 1392 1
1392 468 0
469 1392 1
1392 469 0
470 1392 1
1392 470 0
471 1392 1
1392 471 0
472 1392 1
1392 472 0
473 1392 1
1392 473 0
474 1392 1
1392 474 0
475 1392 1
1392 475 0
476 1392 1
1392 476 0
477 1392 1
1392 477 0
478 1392 1
1392 478 0
479 1392 1
1392 479 0
480 1392 1
1392 480 0
481 1392 1
1392 481 0
482 1392 1
1392 482 0
483 1392 1
1392 483 0
484 1392 1
1392 484 0
485 1392 1
1392 485 0
486 1392 1
1392 486 0
487 1392 1
1392 487 0
488 1392 1
1392 488 0
489 1392 1
1392 489 0
490 1392 1
1392 490 0
491 1392 1
1392 491 0
492 1392 1
1392 492 0
493 1392 1
1392 493 0
494 1392 1
1392 494 0
495 1392 1
1392 495 0
496 1392 1
1392 496 0
497 1392 1
1392 497 0
498 1392 1
1392 498 0
499 1392 1
1392 499 0
500 1392 1
1392 500 0
501 1392 1
1392 501 0
502 1392 1
1392 502 0
503 1392 1
1392 503 0
504 1392 1
1392 504 0
505 1392 1
1392 505 0
506 1392 1
1392 506 0
507 1392 1
1392 507 0
508 1392 1
1392 508 0
509 1392 1
1392 509 0
510 1392 1
1392 510 0
511 1392 1
1392 511 0
512 1392 1
1392 512 0
513 1392 1
1392 513 0
514 1392 1
1392 514 0
515 1392 1
1392 515 0
516 1392 1
1392 516 0
517 1392 1
1392 517 0
518 1392 1
1392 518 0
519 1392 1
1392 519 0
520 1392 1
1392 520 0
521 1392 1
1392 521 0
522 1392 1
1392 522 0
523 1392 1
1392 523 0
524 1392 1
1392 524 0
525 1392 1
1392 525 0
526 1392 1
1392 526 0
527 1392 1
1392 527 0
528 1392 1
1392 528 0
529 1392 1
1392 529 0
530 1392 1
1392 530 0
531 1392 1
1392 531 0
532 1392 1
1392 532 0
533 1392 1
1392 533 0
534 1392 1
1392 534 0
535 1392 1
1392 535 0
536 1392 1
1392 536 0
537 1392 1
1392 537 0
538 1392 1
1392 538 0
539 1392 1
1392 539 0
540 1392 1
1392 540 0
541 1392 1
1392 541 0
542 1392 1
1392 542 0
543 1392 1
1392 543 0
544 1392 1
1392 544 0
545 1392 1
1392 545 0
546 1392 1
1392 546 0
547 1392 1
1392 547 0
548 1392 1
1392 548 0
549 1392 1
1392 549 0
550 1392 1
1392 550 0
551 1392 1
1392 551 0
552 1392 1
1392 552 0
553 1392 1
1392 553 0
554 1392 1
1392 554 0
555 1392 1
1392 555 0
556 1392 1
1392 556 0
557 1392 1
1392 557 0
558 1392 1
1392 558 0
559 1392 1
1392 559 0
560 1392 1
1392 560 0
561 1392 1
1392 561 0
562 1392 1
1392 562 0
563 1392 1
1392 563 0
564 1392 1
1392 564 0
565 1392 1
1392 565 0
566 1392 1
1392 566 0
567 1392 1
1392 567 0
568 1392 1
1392 568 0
569 1392 1
1392 569 0
570 1392 1
1392 570 0
571 1392 1
1392 571 0
572 1392 1
1392 572 0
573 1392 1
1392 573 0
574 1392 1
1392 574 0
575 1392 1
1392 575 0
576 1392 1
1392 576 0
577 1392 1
1392 577 0
578 1392 1
1392 578 0
579 1392 1
1392 579 0
580 1392 1
1392 580 0
581 1392 1
1392 581 0
582 1392 1
1392 582 0
583 1392 1
1392 583 0
584 1392 1
1392 584 0
585 1392 1
1392 585 0
586 1392 1
1392 586 0
587 1392 1
1392 587 0
588 1392 1
1392 588 0
589 1392 1
1392 589 0
590 1392 1
1392 590 0
591 1392 1
1392 591 0
592 1392 1
1392 592 0
593 1392 1
1392 593 0
594 1392 1
1392 594 0
595 1392 1
1392 595 0
596 1392 1
1392 596 0
597 1392 1
1392 597 0
598 1392 1
1392 598 0
599 1392 1
1392 599 0
600 1392 1
1392 600 0
601 1392 1
1392 601 0
602 1392 1
1392 602 0
603 1392 1
1392 603 0
604 1392 1
1392 604 0
605 1392 1
1392 605 0
606 1392 1
1392 606 0
607 1392 1
1392 607 0
608 1392 1
1392 608 0
609 1392 1
1392 609 0
610 1392 1
1392 610 0
611 1392 1
1392 611 0
612 1392 1
1392 612 0
613 1392 1
1392 613 0
614 1392 1
1392 614 0
615 1392 1
1392 615 0
616 1392 1
1392 616 0
617 1392 1
1392 617 0
618 1392 1
1392 618 0
619 1392 1
1392 619 0
620 1392 1
1392 620 0
621 1392 1
1392 621 0
622 1392 1
1392 622 0
623 1392 1
1392 623 0
624 1392 1
1392 624 0
625 1392 1
1392 625 0
626 1392 1
1392 626 0
627 1392 1
1392 627 0
628 1392 1
1392 628 0
629 1392 1
1392 629 0
630 1392 1
1392 630 0
631 1392 1
1392 631 0
632 1392 1
1392 632 0
633 1392 1
1392 633 0
634 1392 1
1392 634 0
635 1392 1
1392 635 0
636 1392 1
1392 636 0
637 1392 1
1392 637 0
638 1392 1
1392 638 0
639 1392 1
1392 639 0
640 1392 1
1392 640 0
641 1392 1
1392 641 0
642 1392 1
1392 642 0
643 1392 1
1392 643 0
644 1392 1
1392 644 0
645 1392 1
1392 645 0
646 1392 1
1392 646 0
647 1392 1
1392 647 0
648 1392 1
1392 648 0
649 1392 1
1392 649 0
650 1392 1
1392 650 0
651 1392 1
1392 651 0
652 1392 1
1392 652 0
653 1392 1
1392 653 0
654 1392 1
1392 654 0
655 1392 1
1392 655 0
656 1392 1
1392 656 0
657 1392 1
1392 657 0
658 1392 1
1392 658 0
659 1392 1
1392 659 0
660 1392 1
1392 660 0
661 1392 1
1392 661 0
662 1392 1
1392 662 0
663 1392 1
1392 663 0
664 1392 1
1392 664 0
665 1392 1
1392 665 0
666 1392 1
1392 666 0
667 1392 1
1392 667 0
668 1392 1
1392 668 0
669 1392 1
1392 669 0
670 1392 1
1392 670 0
671 1392 1
1392 671 0
672 1392 1
1392 672 0
673 1392 1
1392 673 0
674 1392 1
1392 674 0
675 1392 1
1392 675 0
676 1392 1
1392 676 0
677 1392 1
1392 677 0
678 1392 1
1392 678 0
679 1392 1
1392 679 0
680 1392 1
1392 680 0
681 1392 1
1392 681 0
682 1392 1
1392 682 0
683 1392 1
1392 683 0
684 1392 1
1392 684 0
685 1392 1
1392 685 0
686 1392 1
1392 686 0
687 1392 1
1392 687 0
688 1392 1
1392 688 0
689 1392 1
1392 689 0
690 1392 1
1392 690 0
691 1392 1
1392 691 0
692 1392 1
1392 692 0
693 1392 1
1392 693 0
694 1392 1
1392 694 0
695 1392 1
1392 695 0
696 1392 1
1392 696 0
697 1392 1
1392 697 0
698 1392 1
1392 698 0
699 1392 1
1392 699 0
700 1392 1
1392 700 0
701 1392 1
1392 701 0
702 1392 1
1392 702 0
703 1392 1
1392 703 0
704 1392 1
1392 704 0
705 1392 1
1392 705 0
706 1392 1
1392 706 0
707 1392 1
1392 707 0
708 1392 1
1392 708 0
709 1392 1
1392 709 0
710 1392 1
1392 710 0
711 1392 1
1392 711 0
712 1392 1
1392 712 0
713 1392 1
1392 713 0
714 1392 1
1392 714 0
715 1392 1
1392 715 0
716 1392 1
1392 716 0
717 1392 1
1392 717 0
718 1392 1
1392 718 0
719 1392 1
1392 719 0
720 1392 1
1392 720 0
721 1392 1
1392 721 0
722 1392 1
1392 722 0
723 1392 1
1392 723 0
724 1392 1
1392 724 0
725 1392 1
1392 725 0
726 1392 1
1392 726 0
727 1392 1
1392 727 0
728 1392 1
1392 728 0
729 1392 1
1392 729 0
730 1392 1
1392 730 0
731 1392 1
1392 731 0
732 1392 1
1392 732 0
733 1392 1
1392 733 0
734 1392 1
1392 734 0
735 1392 1
1392 735 0
736 1392 1
1392 736 0
737 1392 1
1392 737 0
738 1392 1
1392 738 0
739 1392 1
1392 739 0
740 1392 1
1392 740 0
741 1392 1
1392 741 0
742 1392 1
1392 742 0
743 1392 1
1392 743 0
744 1392 1
1392 744 0
745 1392 1
1392 745 0
746 1392 1
1392 746 0
747 1392 1
1392 747 0
748 1392 1
1392 748 0
749 1392 1
1392 749 0
750 1392 1
1392 750 0
751 1392 1
1392 751 0
752 1392 1
1392 752 0
753 1392 1
1392 753 0
754 1392 1
1392 754 0
755 1392 1
1392 755 0
756 1392 1
1392 756 0
757 1392 1
1392 757 0
758 1392 1
1392 758 0
759 1392 1
1392 759 0
760 1392 1
1392 760 0
761 1392 1
1392 761 0
762 1392 1
1392 762 0
763 1392 1
1392 763 0
764 1392 1
1392 764 0
765 1392 1
1392 765 0
766 1392 1
1392 766 0
767 1392 1
1392 767 0
768 1392 1
1392 768 0
769 1392 1
1392 769 0
770 1392 1
1392 770 0
771 1392 1
1392 771 0
772 1392 1
1392 772 0
773 1392 1
1392 773 0
774 1392 1
1392 774 0
775 1392 1
1392 775 0
776 1392 1
1392 776 0
777 1392 1
1392 777 0
778 1392 1
1392 778 0
779 1392 1
1392 779 0
780 1392 1
1392 780 0
781 1392 1
1392 781 0
782 1392 1
1392 782 0
783 1392 1
1392 783 0
784 1392 1
1392 784 0
785 1392 1
1392 785 0
786 1392 1
1392 786 0
787 1392 1
1392 787 0
788 1392 1
1392 788 0
789 1392 1
1392 789 0
790 1392 1
1392 790 0
791 1392 1
1392 791 0
792 1392 1
1392 792 0
793 1392 1
1392 793 0
794 1392 1
1392 794 0
795 1392 1
1392 795 0
796 1392 1
1392 796 0
797 1392 1
1392 797 0
798 1392 1
1392 798 0
799 1392 1
1392 799 0
800 1392 1
1392 800 0
801 1392 1
1392 801 0
802 1392 1
1392 802 0
803 1392 1
1392 803 0
804 1392 1
1392 804 0
805 1392 1
1392 805 0
806 1392 1
1392 806 0
807 1392 1
1392 807 0
808 1392 1
1392 808 0
809 1392 1
1392 809 0
810 1392 1
1392 810 0
811 1392 1
1392 811 0
812 1392 1
1392 812 0
813 1392 1
1392 813 0
814 1392 1
1392 814 0
815 1392 1
1392 815 0
816 1392 1
1392 816 0
817 1392 1
1392 817 0
818 1392 1
1392 818 0
819 1392 1
1392 819 0
820 1392 1
1392 820 0
821 1392 1
1392 821 0
822 1392 1
1392 822 0
823 1392 1
1392 823 0
824 1392 1
1392 824 0
825 1392 1
1392 825 0
826 1392 1
1392 826 0
827 1392 1
1392 827 0
828 1392 1
1392 828 0
829 1392 1
1392 829 0
830 1392 1
1392 830 0
831 1392 1
1392 831 0
832 1392 1
1392 832 0
833 1392 1
1392 833 0
834 1392 1
1392 834 0
835 1392 1
1392 835 0
836 1392 1
1392 836 0
837 1392 1
1392 837 0
838 1392 1
1392 838 0
839 1392 1
1392 839 0
840 1392 1
1392 840 0
841 1392 1
1392 841 0
842 1392 1
1392 842 0
843 1392 1
1392 843 0
844 1392 1
1392 844 0
845 1392 1
1392 845 0
846 1392 1
1392 846 0
847 1392 1
1392 847 0
848 1392 1
1392 848 0
849 1392 1
1392 849 0
850 1392 1
1392 850 0
851 1392 1
1392 851 0
852 1392 1
1392 852 0
853 1392 1
1392 853 0
854 1392 1
1392 854 0
855 1392 1
1392 855 0
856 1392 1
1392 856 0
857 1392 1
1392 857 0
858 1392 1
1392 858 0
859 1392 1
1392 859 0
860 1392 1
1392 860 0
861 1392 1
1392 861 0
862 1392 1
1392 862 0
863 1392 1
1392 863 0
864 1392 1
1392 864 0
865 1392 1
1392 865 0
866 1392 1
1392 866 0
867 1392 1
1392 867 0
868 1392 1
1392 868 0
869 1392 1
1392 869 0
870 1392 1
1392 870 0
871 1392 1
1392 871 0
872 1392 1
1392 872 0
873 1392 1
1392 873 0
874 1392 1
1392 874 0
875 1392 1
1392 875 0
876 1392 1
1392 876 0
877 1392 1
1392 877 0
878 1392 1
1392 878 0
879 1392 1
1392 879 0
880 1392 1
1392 880 0
881 1392 1
1392 881 0
882 1392 1
1392 882 0
883 1392 1
1392 883 0
884 1392 1
1392 884 0
885 1392 1
1392 885 0
886 1392 1
1392 886 0
887 1392 1
1392 887 0
888 1392 1
1392 888 0
889 1392 1
1392 889 0
890 1392 1
1392 890 0
891 1392 1
1392 891 0
892 1392 1
1392 892 0
893 1392 1
1392 893 0
894 1392 1
1392 894 0
895 1392 1
1392 895 0
896 1392 1
1392 896 0
897 1392 1
1392 897 0
898 1392 1
1392 898 0
899 1392 1
1392 899 0
900 1392 1
1392 900 0
901 1392 1
1392 901 0
902 1392 1
1392 902 0
903 1392 1
1392 903 0
904 1392 1
1392 904 0
905 1392 1
1392 905 0
906 1392 1
1392 906 0
907 1392 1
1392 907 0
908 1392 1
1392 908 0
909 1392 1
1392 909 0
910 1392 1
1392 910 0
911 1392 1
1392 911 0
912 1392 1
1392 912 0
913 1392 1
1392 913 0
914 1392 1
1392 914 0
915 1392 1
1392 915 0
916 1392 1
1392 916 0
917 1392 1
1392 917 0
918 1392 1
1392 918 0
919 1392 1
1392 919 0
920 1392 1
1392 920 0
921 1392 1
1392 921 0
922 1392 1
1392 922 0
923 1392 1
1392 923 0
924 1392 1
1392 924 0
925 1392 1
1392 925 0
926 1392 1
1392 926 0
927 1392 1
1392 927 0
928 1392 1
1392 928 0
929 1392 1
1392 929 0
930 1392 1
1392 930 0
931 1392 1
1392 931 0
932 1392 1
1392 932 0
933 1392 1
1392 933 0
934 1392 1
1392 934 0
935 1392 1
1392 935 0
936 1392 1
1392 936 0
937 1392 1
1392 937 0
938 1392 1
1392 938 0
939 1392 1
1392 939 0
940 1392 1
1392 940 0
941 1392 1
1392 941 0
942 1392 1
1392 942 0
943 1392 1
1392 943 0
944 1392 1
1392 944 0
945 1392 1
1392 945 0
946 1392 1
1392 946 0
947 1392 1
1392 947 0
948 1392 1
1392 948 0
949 1392 1
1392 949 0
950 1392 1
1392 950 0
951 1392 1
1392 951 0
952 1392 1
1392 952 0
953 1392 1
1392 953 0
954 1392 1
1392 954 0
955 1392 1
1392 955 0
956 1392 1
1392 956 0
957 1392 1
1392 957 0
958 1392 1
1392 958 0
959 1392 1
1392 959 0
960 1392 1
1392 960 0
961 1392 1
1392 961 0
962 1392 1
1392 962 0
963 1392 1
1392 963 0
964 1392 1
1392 964 0
965 1392 1
1392 965 0
966 1392 1
1392 966 0
967 1392 1
1392 967 0
968 1392 1
1392 968 0
969 1392 1
1392 969 0
970 1392 1
1392 970 0
971 1392 1
1392 971 0
972 1392 1
1392 972 0
973 1392 1
1392 973 0
974 1392 1
1392 974 0
975 1392 1
1392 975 0
976 1392 1
1392 976 0
977 1392 1
1392 977 0
978 1392 1
1392 978 0
979 1392 1
1392 979 0
980 1392 1
1392 980 0
981 1392 1
1392 981 0
982 1392 1
1392 982 0
983 1392 1
1392 983 0
984 1392 1
1392 984 0
985 1392 1
1392 985 0
986 1392 1
1392 986 0
987 1392 1
1392 987 0
988 1392 1
1392 988 0
989 1392 1
1392 989 0
990 1392 1
1392 990 0
991 1392 1
1392 991 0
992 1392 1
1392 992 0
993 1392 1
1392 993 0
994 1392 1
1392 994 0
995 1392 1
1392 995 0
996 1392 1
1392 996 0
997 1392 1
1392 997 0
998 1392 1
1392 998 0
999 1392 1
1392 999 0
1000 1392 1
1392 1000 0
1001 1392 1
1392 1001 0
1002 1392 1
1392 1002 0
1003 1392 1
1392 1003 0
1004 1392 1
1392 1004 0
1005 1392 1
1392 1005 0
1006 1392 1
1392 1006 0
1007 1392 1
1392 1007 0
1008 1392 1
1392 1008 0
1009 1392 1
1392 1009 0
1010 1392 1
1392 1010 0
1011 1392 1
1392 1011 0
1012 1392 1
1392 1012 0
1013 1392 1
1392 1013 0
1014 1392 1
1392 1014 0
1015 1392 1
1392 1015 0
1016 1392 1
1392 1016 0
1017 1392 1
1392 1017 0
1018 1392 1
1392 1018 0
1019 1392 1
1392 1019 0
1020 1392 1
1392 1020 0
1021 1392 1
1392 1021 0
1022 1392 1
1392 1022 0
1023 1392 1
1392 1023 0
1024 1392 1
1392 1024 0
1025 1392 1
1392 1025 0
1026 1392 1
1392 1026 0
1027 1392 1
1392 1027 0
1028 1392 1
1392 1028 0
1029 1392 1
1392 1029 0
1030 1392 1
1392 1030 0
1031 1392 1
1392 1031 0
1032 1392 1
1392 1032 0
1033 1392 1
1392 1033 0
1034 1392 1
1392 1034 0
1035 1392 1
1392 1035 0
1036 1392 1
1392 1036 0
1037 1392 1
1392 1037 0
1038 1392 1
1392 1038 0
1039 1392 1
1392 1039 0
1040 1392 1
1392 1040 0
1041 1392 1
1392 1041 0
1042 1392 1
1392 1042 0
1043 1392 1
1392 1043 0
1044 1392 1
1392 1044 0
1045 1392 1
1392 1045 0
1046 1392 1
1392 1046 0
1047 1392 1
1392 1047 0
1048 1392 1
1392 1048 0
1049 1392 1
1392 1049 0
1050 1392 1
1392 1050 0
1051 1392 1
1392 1051 0
1052 1392 1
1392 1052 0
1053 1392 1
1392 1053 0
1054 1392 1
1392 1054 0
1055 1392 1
1392 1055 0
1056 1392 1
1392 1056 0
1057 1392 1
1392 1057 0
1058 1392 1
1392 1058 0
1059 1392 1
1392 1059 0
1060 1392 1
1392 1060 0
1061 1392 1
1392 1061 0
1062 1392 1
1392 1062 0
1063 1392 1
1392 1063 0
1064 1392 1
1392 1064 0
1065 1392 1
1392 1065 0
1066 1392 1
1392 1066 0
1067 1392 1
1392 1067 0
1068 1392 1
1392 1068 0
1069 1392 1
1392 1069 0
1070 1392 1
1392 1070 0
1071 1392 1
1392 1071 0
1072 1392 1
1392 1072 0
1073 1392 1
1392 1073 0
1074 1392 1
1392 1074 0
1075 1392 1
1392 1075 0
1076 1392 1
1392 1076 0
1077 1392 1
1392 1077 0
1078 1392 1
1392 1078 0
1079 1392 1
1392 1079 0
1080 1392 1
1392 1080 0
1081 1392 1
1392 1081 0
1082 1392 1
1392 1082 0
1083 1392 1
1392 1083 0
1084 1392 1
1392 1084 0
1085 1392 1
1392 1085 0
1086 1392 1
1392 1086 0
1087 1392 1
1392 1087 0
1088 1392 1
1392 1088 0
1089 1392 1
1392 1089 0
1090 1392 1
1392 1090 0
1091 1392 1
1392 1091 0
1092 1392 1
1392 1092 0
1093 1392 1
1392 1093 0
1094 1392 1
1392 1094 0
1095 1392 1
1392 1095 0
1096 1392 1
1392 1096 0
1097 1392 1
1392 1097 0
1098 1392 1
1392 1098 0
1099 1392 1
1392 1099 0
1100 1392 1
1392 1100 0
1101 1392 1
1392 1101 0
1102 1392 1
1392 1102 0
1103 1392 1
1392 1103 0
1104 1392 1
1392 1104 0
1105 1392 1
1392 1105 0
1106 1392 1
1392 1106 0
1107 1392 1
1392 1107 0
1108 1392 1
1392 1108 0
1109 1392 1
1392 1109 0
1110 1392 1
1392 1110 0
1111 1392 1
1392 1111 0
1112 1392 1
1392 1112 0
1113 1392 1
1392 1113 0
1114 1392 1
1392 1114 0
1115 1392 1
1392 1115 0
1116 1392 1
1392 1116 0
1117 1392 1
1392 1117 0
1118 1392 1
1392 1118 0
1119 1392 1
1392 1119 0
1120 1392 1
1392 1120 0
1121 1392 1
1392 1121 0
1122 1392 1
1392 1122 0
1123 1392 1
1392 1123 0
1124 1392 1
1392 1124 0
1125 1392 1
1392 1125 0
1126 1392 1
1392 1126 0
1127 1392 1
1392 1127 0
1128 1392 1
1392 1128 0
1129 1392 1
1392 1129 0
1130 1392 1
1392 1130 0
1131 1392 1
1392 1131 0
1132 1392 1
1392 1132 0
1133 1392 1
1392 1133 0
1134 1392 1
1392 1134 0
1135 1392 1
1392 1135 0
1136 1392 1
1392 1136 0
1137 1392 1
1392 1137 0
1138 1392 1
1392 1138 0
1139 1392 1
1392 1139 0
1140 1392 1
1392 1140 0
1141 1392 1
1392 1141 0
1142 1392 1
1392 1142 0
1143 1392 1
1392 1143 0
1144 1392 1
1392 1144 0
1145 1392 1
1392 1145 0
1146 1392 1
1392 1146 0
1147 1392 1
1392 1147 0
1148 1392 1
1392 1148 0
1149 1392 1
1392 1149 0
1150 1392 1
1392 1150 0
1151 1392 1
1392 1151 0
1152 1392 1
1392 1152 0
1153 1392 1
1392 1153 0
1154 1392 1
1392 1154 0
1155 1392 1
1392 1155 0
1156 1392 1
1392 1156 0
1157 1392 1
1392 1157 0
1158 1392 1
1392 1158 0
1159 1392 1
1392 1159 0
1160 1392 1
1392 1160 0
1161 1392 1
1392 1161 0
1162 1392 1
1392 1162 0
1163 1392 1
1392 1163 0
1164 1392 1
1392 1164 0
1165 1392 1
1392 1165 0
1166 1392 1
1392 1166 0
1167 1392 1
1392 1167 0
1168 1392 1
1392 1168 0
1169 1392 1
1392 1169 0
1170 1392 1
1392 1170 0
1171 1392 1
1392 1171 0
1172 1392 1
1392 1172 0
1173 1392 1
1392 1173 0
1174 1392 1
1392 1174 0
1175 1392 1
1392 1175 0
1176 1392 1
1392 1176 0
1177 1392 1
1392 1177 0
1178 1392 1
1392 1178 0
1179 1392 1
1392 1179 0
1180 1392 1
1392 1180 0
1181 1392 1
1392 1181 0
1182 1392 1
1392 1182 0
1183 1392 1
1392 1183 0
1184 1392 1
1392 1184 0
1185 1392 1
1392 1185 0
1186 1392 1
1392 1186 0
1187 1392 1
1392 1187 0
1188 1392 1
1392 1188 0
1189 1392 1
1392 1189 0
1190 1392 1
1392 1190 0
1191 1392 1
1392 1191 0
1192 1392 1
1392 1192 0
1193 1392 1
1392 1193 0
1194 1392 1
1392 1194 0
1195 1392 1
1392 1195 0
1196 1392 1
1392 1196 0
1197 1392 1
1392 1197 0
1198 1392 1
1392 1198 0
1199 1392 1
1392 1199 0
1200 1392 1
1392 1200 0
1201 1392 1
1392 1201 0
1202 1392 1
1392 1202 0
1203 1392 1
1392 1203 0
1204 1392 1
1392 1204 0
1205 1392 1
1392 1205 0
1206 1392 1
1392 1206 0
1207 1392 1
1392 1207 0
1208 1392 1
1392 1208 0
1209 1392 1
1392 1209 0
1210 1392 1
1392 1210 0
1211 1392 1
1392 1211 0
1212 1392 1
1392 1212 0
1213 1392 1
1392 1213 0
1214 1392 1
1392 1214 0
1215 1392 1
1392 1215 0
1216 1392 1
1392 1216 0
1217 1392 1
1392 1217 0
1218 1392 1
1392 1218 0
1219 1392 1
1392 1219 0
1220 1392 1
1392 1220 0
1221 1392 1
1392 1221 0
1222 1392 1
1392 1222 0
1223 1392 1
1392 1223 0
1224 1392 1
1392 1224 0
1225 1392 1
1392 1225 0
1226 1392 1
1392 1226 0
1227 1392 1
1392 1227 0
1228 1392 1
1392 1228 0
1229 1392 1
1392 1229 0
1230 1392 1
1392 1230 0
1231 1392 1
1392 1231 0
1232 1392 1
1392 1232 0
1233 1392 1
1392 1233 0
1234 1392 1
1392 1234 0
1235 1392 1
1392 1235 0
1236 1392 1
1392 1236 0
1237 1392 1
1392 1237 0
1238 1392 1
1392 1238 0
1239 1392 1
1392 1239 0
1240 1392 1
1392 1240 0
1241 1392 1
1392 1241 0
1242 1392 1
1392 1242 0
1243 1392 1
1392 1243 0
1244 1392 1
1392 1244 0
1245 1392 1
1392 1245 0
1246 1392 1
1392 1246 0
1247 1392 1
1392 1247 0
1248 1392 1
1392 1248 0
1249 1392 1
1392 1249 0
1250 1392 1
1392 1250 0
1251 1392 1
1392 1251 0
1252 1392 1
1392 1252 0
1253 1392 1
1392 1253 0
1254 1392 1
1392 1254 0
1255 1392 1
1392 1255 0
1256 1392 1
1392 1256 0
1257 1392 1
1392 1257 0
1258 1392 1
1392 1258 0
1259 1392 1
1392 1259 0
1260 1392 1
1392 1260 0
1261 1392 1
1392 1261 0
1262 1392 1
1392 1262 0
1263 1392 1
1392 1263 0
1264 1392 1
1392 1264 0
1265 1392 1
1392 1265 0
1266 1392 1
1392 1266 0
1267 1392 1
1392 1267 0
1268 1392 1
1392 1268 0
1269 1392 1
1392 1269 0
1270 1392 1
1392 1270 0
1271 1392 1
1392 1271 0
1272 1392 1
1392 1272 0
1273 1392 1
1392 1273 0
1274 1392 1
1392 1274 0
1275 1392 1
1392 1275 0
1276 1392 1
1392 1276 0
1277 1392 1
1392 1277 0
1278 1392 1
1392 1278 0
1279 1392 1
1392 1279 0
1280 1392 1
1392 1280 0
1281 1392 1
1392 1281 0
1282 1392 1
1392 1282 0
1283 1392 1
1392 1283 0
1284 1392 1
1392 1284 0
1285 1392 1
1392 1285 0
1286 1392 1
1392 1286 0
1287 1392 1
1392 1287 0
1288 1392 1
1392 1288 0
1289 1392 1
1392 1289 0
1290 1392 1
1392 1290 0
1291 1392 1
1392 1291 0
1292 1392 1
1392 1292 0
1293 1392 1
1392 1293 0
1294 1392 1
1392 1294 0
1295 1392 1
1392 1295 0
1296 1392 1
1392 1296 0
1297 1392 1
1392 1297 0
1298 1392 1
1392 1298 0
1299 1392 1
1392 1299 0
1300 1392 1
1392 1300 0
1301 1392 1
1392 1301 0
1302 1392 1
1392 1302 0
1303 1392 1
1392 1303 0
1304 1392 1
1392 1304 0
1305 1392 1
1392 1305 0
1306 1392 1
1392 1306 0
1307 1392 1
1392 1307 0
1308 1392 1
1392 1308 0
1309 1392 1
1392 1309 0
1310 1392 1
1392 1310 0
1311 1392 1
1392 1311 0
1312 1392 1
1392 1312 0
1313 1392 1
1392 1313 0
1314 1392 1
1392 1314 0
1315 1392 1
1392 1315 0
1316 1392 1
1392 1316 0
1317 1392 1
1392 1317 0
1318 1392 1
1392 1318 0
1319 1392 1
1392 1319 0
1320 1392 1
1392 1320 0
1321 1392 1
1392 1321 0
1322 1392 1
1392 1322 0
1323 1392 1
1392 1323 0
1324 1392 1
1392 1324 0
1325 1392 1
1392 1325 0
1326 1392 1
1392 1326 0
1327 1392 1
1392 1327 0
1328 1392 1
1392 1328 0
1329 1392 1
1392 1329 0
1330 1392 1
1392 1330 0
1331 1392 1
1392 1331 0
1332 1392 1
1392 1332 0
1333 1392 1
1392 1333 0
1334 1392 1
1392 1334 0
1335 1392 1
1392 1335 0
1336 1392 1
1392 1336 0
1337 1392 1
1392 1337 0
1338 1392 1
1392 1338 0
1339 1392 1
1392 1339 0
1340 1392 1
1392 1340 0
1341 1392 1
1392 1341 0
1342 1392 1
1392 1342 0
1343 1392 1
1392 1343 0
1344 1392 1
1392 1344 0
1345 1392 1
1392 1345 0
1346 1392 1
1392 1346 0
1347 1392 1
1392 1347 0
1348 1392 1
1392 1348 0
1349 1392 1
1392 1349 0
1350 1392 1
1392 1350 0
1351 1392 1
1392 1351 0
1352 1392 1
1392 1352 0
1353 1392 25
1392 1353 0
1354 1392 25
1392 1354 0
1355 1392 25
1392 1355 0
1356 1392 25
1392 1356 0
1357 1392 25
1392 1357 0
1358 1392 25
1392 1358 0
1359 1392 25
1392 1359 0
1360 1392 25
1392 1360 0
1361 1392 25
1392 1361 0
1362 1392 25
1392 1362 0
1363 1392 25
1392 1363 0
1364 1392 25
1392 1364 0
1365 1392 25
1392 1365 0
1366 1392 25
1392 1366 0
1367 1392 25
1392 1367 0
1368 1392 25
1392 1368 0
1369 1392 25
1392 1369 0
1370 1392 25
1392 1370 0
1371 1392 25
1392 1371 0
1372 1392 25
1392 1372 0
1373 1392 25
1392 1373 0
1374 1392 25
1392 1374 0
1375 1392 25
1392 1375 0
1376 1392 25
1392 1376 0
1377 1392 25
1392 1377 0
1378 1392 25
1392 1378 0
1379 1392 25
1392 1379 0
1380 1392 25
1392 1380 0
1381 1392 25
1392 1381 0
1382 1392 25
1392 1382 0
1383 1392 25
1392 1383 0
1384 1392 25
1392 1384 0
1385 1392 25
1392 1385 0
1386 1392 25
1392 1386 0
1387 1392 25
1392 1387 0
1388 1392 25
1392 1388 0
1389 1392 25
1392 1389 0
1390 1392 25
1392 1390 0
1391 1392 25
1392 1391 0
