2940 2939 86 5878
1 2940 1
2940 1 0
2 2940 1
2940 2 0
3 2940 1
2940 3 0
4 2940 1
2940 4 0
5 2940 1
2940 5 0
6 2940 1
2940 6 0
7 2940 1
2940 7 0
8 2940 1
2940 8 0
9 2940 1
2940 9 0
10 2940 1
2940 10 0
11 2940 1
2940 11 0
12 2940 1
2940 12 0
13 2940 1
2940 13 0
14 2940 1
2940 14 0
15 2940 1
2940 15 0
16 2940 1
2940 16 0
17 2940 1
2940 17 0
18 2940 1
2940 18 0
19 2940 1
2940 19 0
20 2940 1
2940 20 0
21 2940 1
2940 21 0
22 2940 1
2940 22 0
23 2940 1
2940 23 0
24 2940 1
2940 24 0
25 2940 1
2940 25 0
26 2940 1
2940 26 0
27 2940 1
2940 27 0
28 2940 1
2940 28 0
29 2940 1
2940 29 0
30 2940 1
2940 30 0
31 2940 1
2940 31 0
32 2940 1
2940 32 0
33 2940 1
2940 33 0
34 2940 1
2940 34 0
35 2940 1
2940 35 0
36 2940 1
2940 36 0
37 2940 1
2940 37 0
38 2940 1
2940 38 0
39 2940 1
2940 39 0
40 2940 1
2940 40 0
41 2940 1
2940 41 0
42 2940 1
2940 42 0
43 2940 1
2940 43 0
44 2940 1
2940 44 0
45 2940 1
2940 45 0
46 2940 1
2940 46 0
47 2940 1
2940 47 0
48 2940 1
2940 48 0
49 2940 1
2940 49 0
50 2940 1
2940 50 0
51 2940 1
2940 51 0
52 2940 1
2940 52 0
53 2940 1
2940 53 0
54 2940 1
2940 54 0
55 2940 1
2940 55 0
56 2940 1
2940 56 0
57 2940 1
2940 57 0
58 2940 1
2940 58 0
59 2940 1
2940 59 0
60 2940 1
2940 60 0
61 2940 1
2940 61 0
62 2940 1
2940 62 0
63 2940 1
2940 63 0
64 2940 1
2940 64 0
65 2940 1
2940 65 0
66 2940 1
2940 66 0
67 2940 1
2940 67 0
68 2940 1
2940 68 0
69 2940 1
2940 69 0
70 2940 1
2940 70 0
71 2940 1
2940 71 0
72 2940 1
2940 72 0
73 2940 1
2940 73 0
74 2940 1
2940 74 0
75 2940 1
2940 75 0
76 2940 1
2940 76 0
77 2940 1
2940 77 0
78 2940 1
2940 78 0
79 2940 1
2940 79 0
80 2940 1
2940 80 0
81 2940 1
2940 81 0
82 2940 1
2940 82 0
83 2940 1
2940 83 0
84 2940 1
2940 84 0
85 2940 1
2940 85 0
86 2940 1
2940 86 0
87 2940 1
2940 87 0
88 2940 1
2940 88 0
89 2940 1
2940 89 0
90 2940 1
2940 90 0
91 2940 1
2940 91 0
92 2940 1
2940 92 0
93 2940 1
2940 93 0
94 2940 1
2940 94 0
95 2940 1
2940 95 0
96 2940 1
2940 96 0
97 2940 1
2940 97 0
98 2940 1
2940 98 0
99 2940 1
2940 99 0
100 2940 1
2940 100 0
101 2940 1
2940 101 0
102 2940 1
2940 102 0
103 2940 1
2940 103 0
104 2940 1
2940 104 0
105 2940 1
2940 105 0
106 2940 1
2940 106 0
107 2940 1
2940 107 0
108 2940 1
2940 108 0
109 2940 1
2940 109 0
110 2940 1
2940 110 0
111 2940 1
2940 111 0
112 2940 1
2940 112 0
113 2940 1
2940 113 0
114 2940 1
2940 114 0
115 2940 1
2940 115 0
116 2940 1
2940 116 0
117 2940 1
2940 117 0
118 2940 1
2940 118 0
119 2940 1
2940 119 0
120 2940 1
2940 120 0
121 2940 1
2940 121 0
122 2940 1
2940 122 0
123 2940 1
2940 123 0
124 2940 1
2940 124 0
125 2940 1
2940 125 0
126 2940 1
2940 126 0
127 2940 1
2940 127 0
128 2940 1
2940 128 0
129 2940 1
2940 129 0
130 2940 1
2940 130 0
131 2940 1
2940 131 0
132 2940 1
2940 132 0
133 2940 1
2940 133 0
134 2940 1
2940 134 0
135 2940 1
2940 135 0
136 2940 1
2940 136 0
137 2940 1
2940 137 0
138 2940 1
2940 138 0
139 2940 1
2940 139 0
140 2940 1
2940 140 0
141 2940 1
2940 141 0
142 2940 1
2940 142 0
143 2940 1
2940 143 0
144 2940 1
2940 144 0
145 2940 1
2940 145 0
146 2940 1
2940 146 0
147 2940 1
2940 147 0
148 2940 1
2940 148 0
149 2940 1
2940 149 0
150 2940 1
2940 150 0
151 2940 1
2940 151 0
152 2940 1
2940 152 0
153 2940 1
2940 153 0
154 2940 1
2940 154 0
155 2940 1
2940 155 0
156 2940 1
2940 156 0
157 2940 1
2940 157 0
158 2940 1
2940 158 0
159 2940 1
2940 159 0
160 2940 1
2940 160 0
161 2940 1
2940 161 0
162 2940 1
2940 162 0
163 2940 1
2940 163 0
164 2940 1
2940 164 0
165 2940 1
2940 165 0
166 2940 1
2940 166 0
167 2940 1
2940 167 0
168 2940 1
2940 168 0
169 2940 1
2940 169 0
170 2940 1
2940 170 0
171 2940 1
2940 171 0
172 2940 1
2940 172 0
173 2940 1
2940 173 0
174 2940 1
2940 174 0
175 2940 1
2940 175 0
176 2940 1
2940 176 0
177 2940 1
2940 177 0
178 2940 1
2940 178 0
179 2940 1
2940 179 0
180 2940 1
2940 180 0
181 2940 1
2940 181 0
182 2940 1
2940 182 0
183 2940 1
2940 183 0
184 2940 1
2940 184 0
185 2940 1
2940 185 0
186 2940 1
2940 186 0
187 2940 1
2940 187 0
188 2940 1
2940 188 0
189 2940 1
2940 189 0
190 2940 1
2940 190 0
191 2940 1
2940 191 0
192 2940 1
2940 192 0
193 2940 1
2940 193 0
194 2940 1
2940 194 0
195 2940 1
2940 195 0
196 2940 1
2940 196 0
197 2940 1
2940 197 0
198 2940 1
2940 198 0
199 2940 1
2940 199 0
200 2940 1
2940 200 0
201 2940 1
2940 201 0
202 2940 1
2940 202 0
203 2940 1
2940 203 0
204 2940 1
2940 204 0
205 2940 1
2940 205 0
206 2940 1
2940 206 0
207 2940 1
2940 207 0
208 2940 1
2940 208 0
209 2940 1
2940 209 0
210 2940 1
2940 210 0
211 2940 1
2940 211 0
212 2940 1
2940 212 0
213 2940 1
2940 213 0
214 2940 1
2940 214 0
215 2940 1
2940 215 0
216 2940 1
2940 216 0
217 2940 1
2940 217 0
218 2940 1
2940 218 0
219 2940 1
2940 219 0
220 2940 1
2940 220 0
221 2940 1
2940 221 0
222 2940 1
2940 222 0
223 2940 1
2940 223 0
224 2940 1
2940 224 0
225 2940 1
2940 225 0
226 2940 1
2940 226 0
227 2940 1
2940 227 0
228 2940 1
2940 228 0
229 2940 1
2940 229 0
230 2940 1
2940 230 0
231 2940 1
2940 231 0
232 2940 1
2940 232 0
233 2940 1
2940 233 0
234 2940 1
2940 234 0
235 2940 1
2940 235 0
236 2940 1
2940 236 0
237 2940 1
2940 237 0
238 2940 1
2940 238 0
239 2940 1
2940 239 0
240 2940 1
2940 240 0
241 2940 1
2940 241 0
242 2940 1
2940 242 0
243 2940 1
2940 243 0
244 2940 1
2940 244 0
245 2940 1
2940 245 0
246 2940 1
2940 246 0
247 2940 1
2940 247 0
248 2940 1
2940 248 0
249 2940 1
2940 249 0
250 2940 1
2940 250 0
251 2940 1
2940 251 0
252 2940 1
2940 252 0
253 2940 1
2940 253 0
254 2940 1
2940 254 0
255 2940 1
2940 255 0
256 2940 1
2940 256 0
257 2940 1
2940 257 0
258 2940 1
2940 258 0
259 2940 1
2940 259 0
260 2940 1
2940 260 0
261 2940 1
2940 261 0
262 2940 1
2940 262 0
263 2940 1
2940 263 0
264 2940 1
2940 264 0
265 2940 1
2940 265 0
266 2940 1
2940 266 0
267 2940 1
2940 267 0
268 2940 1
2940 268 0
269 2940 1
2940 269 0
270 2940 1
2940 270 0
271 2940 1
2940 271 0
272 2940 1
2940 272 0
273 2940 1
2940 273 0
274 2940 1
2940 274 0
275 2940 1
2940 275 0
276 2940 1
2940 276 0
277 2940 1
2940 277 0
278 2940 1
2940 278 0
279 2940 1
2940 279 0
280 2940 1
2940 280 0
281 2940 1
2940 281 0
282 2940 1
2940 282 0
283 2940 1
2940 283 0
284 2940 1
2940 284 0
285 2940 1
2940 285 0
286 2940 1
2940 286 0
287 2940 1
2940 287 0
288 2940 1
2940 288 0
289 2940 1
2940 289 0
290 2940 1
2940 290 0
291 2940 1
2940 291 0
292 2940 1
2940 292 0
293 2940 1
2940 293 0
294 2940 1
2940 294 0
295 2940 1
2940 295 0
296 2940 1
2940 296 0
297 2940 1
2940 297 0
298 2940 1
2940 298 0
299 2940 1
2940 299 0
300 2940 1
2940 300 0
301 2940 1
2940 301 0
302 2940 1
2940 302 0
303 2940 1
2940 303 0
304 2940 1
2940 304 0
305 2940 1
2940 305 0
306 2940 1
2940 306 0
307 2940 1
2940 307 0
308 2940 1
2940 308 0
309 2940 1
2940 309 0
310 2940 1
2940 310 0
311 2940 1
2940 311 0
312 2940 1
2940 312 0
313 2940 1
2940 313 0
314 2940 1
2940 314 0
315 2940 1
2940 315 0
316 2940 1
2940 316 0
317 2940 1
2940 317 0
318 2940 1
2940 318 0
319 2940 1
2940 319 0
320 2940 1
2940 320 0
321 2940 1
2940 321 0
322 2940 1
2940 322 0
323 2940 1
2940 323 0
324 2940 1
2940 324 0
325 2940 1
2940 325 0
326 2940 1
2940 326 0
327 2940 1
2940 327 0
328 2940 1
2940 328 0
329 2940 1
2940 329 0
330 2940 1
2940 330 0
331 2940 1
2940 331 0
332 2940 1
2940 332 0
333 2940 1
2940 333 0
334 2940 1
2940 334 0
335 2940 1
2940 335 0
336 2940 1
2940 336 0
337 2940 1
2940 337 0
338 2940 1
2940 338 0
339 2940 1
2940 339 0
340 2940 1
2940 340 0
341 2940 1
2940 341 0
342 2940 1
2940 342 0
343 2940 1
2940 343 0
344 2940 1
2940 344 0
345 2940 1
2940 345 0
346 2940 1
2940 346 0
347 2940 1
2940 347 0
348 2940 1
2940 348 0
349 2940 1
2940 349 0
350 2940 1
2940 350 0
351 2940 1
2940 351 0
352 2940 1
2940 352 0
353 2940 1
2940 353 0
354 2940 1
2940 354 0
355 2940 1
2940 355 0
356 2940 1
2940 356 0
357 2940 1
2940 357 0
358 2940 1
2940 358 0
359 2940 1
2940 359 0
360 2940 1
2940 360 0
361 2940 1
2940 361 0
362 2940 1
2940 362 0
363 2940 1
2940 363 0
364 2940 1
2940 364 0
365 2940 1
2940 365 0
366 2940 1
2940 366 0
367 2940 1
2940 367 0
368 2940 1
2940 368 0
369 2940 1
2940 369 0
370 2940 1
2940 370 0
371 2940 1
2940 371 0
372 2940 1
2940 372 0
373 2940 1
2940 373 0
374 2940 1
2940 374 0
375 2940 1
2940 375 0
376 2940 1
2940 376 0
377 2940 1
2940 377 0
378 2940 1
2940 378 0
379 2940 1
2940 379 0
380 2940 1
2940 380 0
381 2940 1
2940 381 0
382 2940 1
2940 382 0
383 2940 1
2940 383 0
384 2940 1
2940 384 0
385 2940 1
2940 385 0
386 2940 1
2940 386 0
387 2940 1
2940 387 0
388 2940 1
2940 388 0
389 2940 1
2940 389 0
390 2940 1
2940 390 0
391 2940 1
2940 391 0
392 2940 1
2940 392 0
393 2940 1
2940 393 0
394 2940 1
2940 394 0
395 2940 1
2940 395 0
396 2940 1
2940 396 0
397 2940 1
2940 397 0
398 2940 1
2940 398 0
399 2940 1
2940 399 0
400 2940 1
2940 400 0
401 2940 1
2940 401 0
402 2940 1
2940 402 0
403 2940 1
2940 403 0
404 2940 1
2940 404 0
405 2940 1
2940 405 0
406 2940 1
2940 406 0
407 2940 1
2940 407 0
408 2940 1
2940 408 0
409 2940 1
2940 409 0
410 2940 1
2940 410 0
411 2940 1
2940 411 0
412 2940 1
2940 412 0
413 2940 1
2940 413 0
414 2940 1
2940 414 0
415 2940 1
2940 415 0
416 2940 1
2940 416 0
417 2940 1
2940 417 0
418 2940 1
2940 418 0
419 2940 1
2940 419 0
420 2940 1
2940 420 0
421 2940 1
2940 421 0
422 2940 1
2940 422 0
423 2940 1
2940 423 0
424 2940 1
2940 424 0
425 2940 1
2940 425 0
426 2940 1
2940 426 0
427 2940 1
2940 427 0
428 2940 1
2940 428 0
429 2940 1
2940 429 0
430 2940 1
2940 430 0
431 2940 1
2940 431 0
432 2940 1
2940 432 0
433 2940 1
2940 433 0
434 2940 1
2940 434 0
435 2940 1
2940 435 0
436 2940 1
2940 436 0
437 2940 1
2940 437 0
438 2940 1
2940 438 0
439 2940 1
2940 439 0
440 2940 1
2940 440 0
441 2940 1
2940 441 0
442 2940 1
2940 442 0
443 2940 1
2940 443 0
444 2940 1
2940 444 0
445 2940 1
2940 445 0
446 2940 1
2940 446 0
447 2940 1
2940 447 0
448 2940 1
2940 448 0
449 2940 1
2940 449 0
450 2940 1
2940 450 0
451 2940 1
2940 451 0
452 2940 1
2940 452 0
453 2940 1
2940 453 0
454 2940 1
2940 454 0
455 2940 1
2940 455 0
456 2940 1
2940 456 0
457 2940 1
2940 457 0
458 2940 1
2940 458 0
459 2940 1
2940 459 0
460 2940 1
2940 460 0
461 2940 1
2940 461 0
462 2940 1
2940 462 0
463 2940 1
2940 463 0
464 2940 1
2940 464 0
465 2940 1
2940 465 0
466 2940 1
2940 466 0
467 2940 1
2940 467 0
468 2940 1
2940 468 0
469 2940 1
2940 469 0
470 2940 1
2940 470 0
471 2940 1
2940 471 0
472 2940 1
2940 472 0
473 2940 1
2940 473 0
474 2940 1
2940 474 0
475 2940 1
2940 475 0
476 2940 1
2940 476 0
477 2940 1
2940 477 0
478 2940 1
2940 478 0
479 2940 1
2940 479 0
480 2940 1
2940 480 0
481 2940 1
2940 481 0
482 2940 1
2940 482 0
483 2940 1
2940 483 0
484 2940 1
2940 484 0
485 2940 1
2940 485 0
486 2940 1
2940 486 0
487 2940 1
2940 487 0
488 2940 1
2940 488 0
489 2940 1
2940 489 0
490 2940 1
2940 490 0
491 2940 1
2940 491 0
492 2940 1
2940 492 0
493 2940 1
2940 493 0
494 2940 1
2940 494 0
495 2940 1
2940 495 0
496 2940 1
2940 496 0
497 2940 1
2940 497 0
498 2940 1
2940 498 0
499 2940 1
2940 499 0
500 2940 1
2940 500 0
501 2940 1
2940 501 0
502 2940 1
2940 502 0
503 2940 1
2940 503 0
504 2940 1
2940 504 0
505 2940 1
2940 505 0
506 2940 1
2940 506 0
507 2940 1
2940 507 0
508 2940 1
2940 508 0
509 2940 1
2940 509 0
510 2940 1
2940 510 0
511 2940 1
2940 511 0
512 2940 1
2940 512 0
513 2940 1
2940 513 0
514 2940 1
2940 514 0
515 2940 1
2940 515 0
516 2940 1
2940 516 0
517 2940 1
2940 517 0
518 2940 1
2940 518 0
519 2940 1
2940 519 0
520 2940 1
2940 520 0
521 2940 1
2940 521 0
522 2940 1
2940 522 0
523 2940 1
2940 523 0
524 2940 1
2940 524 0
525 2940 1
2940 525 0
526 2940 1
2940 526 0
527 2940 1
2940 527 0
528 2940 1
2940 528 0
529 2940 1
2940 529 0
530 2940 1
2940 530 0
531 2940 1
2940 531 0
532 2940 1
2940 532 0
533 2940 1
2940 533 0
534 2940 1
2940 534 0
535 2940 1
2940 535 0
536 2940 1
2940 536 0
537 2940 1
2940 537 0
538 2940 1
2940 538 0
539 2940 1
2940 539 0
540 2940 1
2940 540 0
541 2940 1
2940 541 0
542 2940 1
2940 542 0
543 2940 1
2940 543 0
544 2940 1
2940 544 0
545 2940 1
2940 545 0
546 2940 1
2940 546 0
547 2940 1
2940 547 0
548 2940 1
2940 548 0
549 2940 1
2940 549 0
550 2940 1
2940 550 0
551 2940 1
2940 551 0
552 2940 1
2940 552 0
553 2940 1
2940 553 0
554 2940 1
2940 554 0
555 2940 1
2940 555 0
556 2940 1
2940 556 0
557 2940 1
2940 557 0
558 2940 1
2940 558 0
559 2940 1
2940 559 0
560 2940 1
2940 560 0
561 2940 1
2940 561 0
562 2940 1
2940 562 0
563 2940 1
2940 563 0
564 2940 1
2940 564 0
565 2940 1
2940 565 0
566 2940 1
2940 566 0
567 2940 1
2940 567 0
568 2940 1
2940 568 0
569 2940 1
2940 569 0
570 2940 1
2940 570 0
571 2940 1
2940 571 0
572 2940 1
2940 572 0
573 2940 1
2940 573 0
574 2940 1
2940 574 0
575 2940 1
2940 575 0
576 2940 1
2940 576 0
577 2940 1
2940 577 0
578 2940 1
2940 578 0
579 2940 1
2940 579 0
580 2940 1
2940 580 0
581 2940 1
2940 581 0
582 2940 1
2940 582 0
583 2940 1
2940 583 0
584 2940 1
2940 584 0
585 2940 1
2940 585 0
586 2940 1
2940 586 0
587 2940 1
2940 587 0
588 2940 1
2940 588 0
589 2940 1
2940 589 0
590 2940 1
2940 590 0
591 2940 1
2940 591 0
592 2940 1
2940 592 0
593 2940 1
2940 593 0
594 2940 1
2940 594 0
595 2940 1
2940 595 0
596 2940 1
2940 596 0
597 2940 1
2940 597 0
598 2940 1
2940 598 0
599 2940 1
2940 599 0
600 2940 1
2940 600 0
601 2940 1
2940 601 0
602 2940 1
2940 602 0
603 2940 1
2940 603 0
604 2940 1
2940 604 0
605 2940 1
2940 605 0
606 2940 1
2940 606 0
607 2940 1
2940 607 0
608 2940 1
2940 608 0
609 2940 1
2940 609 0
610 2940 1
2940 610 0
611 2940 1
2940 611 0
612 2940 1
2940 612 0
613 2940 1
2940 613 0
614 2940 1
2940 614 0
615 2940 1
2940 615 0
616 2940 1
2940 616 0
617 2940 1
2940 617 0
618 2940 1
2940 618 0
619 2940 1
2940 619 0
620 2940 1
2940 620 0
621 2940 1
2940 621 0
622 2940 1
2940 622 0
623 2940 1
2940 623 0
624 2940 1
2940 624 0
625 2940 1
2940 625 0
626 2940 1
2940 626 0
627 2940 1
2940 627 0
628 2940 1
2940 628 0
629 2940 1
2940 629 0
630 2940 1
2940 630 0
631 2940 1
2940 631 0
632 2940 1
2940 632 0
633 2940 1
2940 633 0
634 2940 1
2940 634 0
635 2940 1
2940 635 0
636 2940 1
2940 636 0
637 2940 1
2940 637 0
638 2940 1
2940 638 0
639 2940 1
2940 639 0
640 2940 1
2940 640 0
641 2940 1
2940 641 0
642 2940 1
2940 642 0
643 2940 1
2940 643 0
644 2940 1
2940 644 0
645 2940 1
2940 645 0
646 2940 1
2940 646 0
647 2940 1
2940 647 0
648 2940 1
2940 648 0
649 2940 1
2940 649 0
650 2940 1
2940 650 0
651 2940 1
2940 651 0
652 2940 1
2940 652 0
653 2940 1
2940 653 0
654 2940 1
2940 654 0
655 2940 1
2940 655 0
656 2940 1
2940 656 0
657 2940 1
2940 657 0
658 2940 1
2940 658 0
659 2940 1
2940 659 0
660 2940 1
2940 660 0
661 2940 1
2940 661 0
662 2940 1
2940 662 0
663 2940 1
2940 663 0
664 2940 1
2940 664 0
665 2940 1
2940 665 0
666 2940 1
2940 666 0
667 2940 1
2940 667 0
668 2940 1
2940 668 0
669 2940 1
2940 669 0
670 2940 1
2940 670 0
671 2940 1
2940 671 0
672 2940 1
2940 672 0
673 2940 1
2940 673 0
674 2940 1
2940 674 0
675 2940 1
2940 675 0
676 2940 1
2940 676 0
677 2940 1
2940 677 0
678 2940 1
2940 678 0
679 2940 1
2940 679 0
680 2940 1
2940 680 0
681 2940 1
2940 681 0
682 2940 1
2940 682 0
683 2940 1
2940 683 0
684 2940 1
2940 684 0
685 2940 1
2940 685 0
686 2940 1
2940 686 0
687 2940 1
2940 687 0
688 2940 1
2940 688 0
689 2940 1
2940 689 0
690 2940 1
2940 690 0
691 2940 1
2940 691 0
692 2940 1
2940 692 0
693 2940 1
2940 693 0
694 2940 1
2940 694 0
695 2940 1
2940 695 0
696 2940 1
2940 696 0
697 2940 1
2940 697 0
698 2940 1
2940 698 0
699 2940 1
2940 699 0
700 2940 1
2940 700 0
701 2940 1
2940 701 0
702 2940 1
2940 702 0
703 2940 1
2940 703 0
704 2940 1
2940 704 0
705 2940 1
2940 705 0
706 2940 1
2940 706 0
707 2940 1
2940 707 0
708 2940 1
2940 708 0
709 2940 1
2940 709 0
710 2940 1
2940 710 0
711 2940 1
2940 711 0
712 2940 1
2940 712 0
713 2940 1
2940 713 0
714 2940 1
2940 714 0
715 2940 1
2940 715 0
716 2940 1
2940 716 0
717 2940 1
2940 717 0
718 2940 1
2940 718 0
719 2940 1
2940 719 0
720 2940 1
2940 720 0
721 2940 1
2940 721 0
722 2940 1
2940 722 0
723 2940 1
2940 723 0
724 2940 1
2940 724 0
725 2940 1
2940 725 0
726 2940 1
2940 726 0
727 2940 1
2940 727 0
728 2940 1
2940 728 0
729 2940 1
2940 729 0
730 2940 1
2940 730 0
731 2940 1
2940 731 0
732 2940 1
2940 732 0
733 2940 1
2940 733 0
734 2940 1
2940 734 0
735 2940 1
2940 735 0
736 2940 1
2940 736 0
737 2940 1
2940 737 0
738 2940 1
2940 738 0
739 2940 1
2940 739 0
740 2940 1
2940 740 0
741 2940 1
2940 741 0
742 2940 1
2940 742 0
743 2940 1
2940 743 0
744 2940 1
2940 744 0
745 2940 1
2940 745 0
746 2940 1
2940 746 0
747 2940 1
2940 747 0
748 2940 1
2940 748 0
749 2940 1
2940 749 0
750 2940 1
2940 750 0
751 2940 1
2940 751 0
752 2940 1
2940 752 0
753 2940 1
2940 753 0
754 2940 1
2940 754 0
755 2940 1
2940 755 0
756 2940 1
2940 756 0
757 2940 1
2940 757 0
758 2940 1
2940 758 0
759 2940 1
2940 759 0
760 2940 1
2940 760 0
761 2940 1
2940 761 0
762 2940 1
2940 762 0
763 2940 1
2940 763 0
764 2940 1
2940 764 0
765 2940 1
2940 765 0
766 2940 1
2940 766 0
767 2940 1
2940 767 0
768 2940 1
2940 768 0
769 2940 1
2940 769 0
770 2940 1
2940 770 0
771 2940 1
2940 771 0
772 2940 1
2940 772 0
773 2940 1
2940 773 0
774 2940 1
2940 774 0
775 2940 1
2940 775 0
776 2940 1
2940 776 0
777 2940 1
2940 777 0
778 2940 1
2940 778 0
779 2940 1
2940 779 0
780 2940 1
2940 780 0
781 2940 1
2940 781 0
782 2940 1
2940 782 0
783 2940 1
2940 783 0
784 2940 1
2940 784 0
785 2940 1
2940 785 0
786 2940 1
2940 786 0
787 2940 1
2940 787 0
788 2940 1
2940 788 0
789 2940 1
2940 789 0
790 2940 1
2940 790 0
791 2940 1
2940 791 0
792 2940 1
2940 792 0
793 2940 1
2940 793 0
794 2940 1
2940 794 0
795 2940 1
2940 795 0
796 2940 1
2940 796 0
797 2940 1
2940 797 0
798 2940 1
2940 798 0
799 2940 1
2940 799 0
800 2940 1
2940 800 0
801 2940 1
2940 801 0
802 2940 1
2940 802 0
803 2940 1
2940 803 0
804 2940 1
2940 804 0
805 2940 1
2940 805 0
806 2940 1
2940 806 0
807 2940 1
2940 807 0
808 2940 1
2940 808 0
809 2940 1
2940 809 0
810 2940 1
2940 810 0
811 2940 1
2940 811 0
812 2940 1
2940 812 0
813 2940 1
2940 813 0
814 2940 1
2940 814 0
815 2940 1
2940 815 0
816 2940 1
2940 816 0
817 2940 1
2940 817 0
818 2940 1
2940 818 0
819 2940 1
2940 819 0
820 2940 1
2940 820 0
821 2940 1
2940 821 0
822 2940 1
2940 822 0
823 2940 1
2940 823 0
824 2940 1
2940 824 0
825 2940 1
2940 825 0
826 2940 1
2940 826 0
827 2940 1
2940 827 0
828 2940 1
2940 828 0
829 2940 1
2940 829 0
830 2940 1
2940 830 0
831 2940 1
2940 831 0
832 2940 1
2940 832 0
833 2940 1
2940 833 0
834 2940 1
2940 834 0
835 2940 1
2940 835 0
836 2940 1
2940 836 0
837 2940 1
2940 837 0
838 2940 1
2940 838 0
839 2940 1
2940 839 0
840 2940 1
2940 840 0
841 2940 1
2940 841 0
842 2940 1
2940 842 0
843 2940 1
2940 843 0
844 2940 1
2940 844 0
845 2940 1
2940 845 0
846 2940 1
2940 846 0
847 2940 1
2940 847 0
848 2940 1
2940 848 0
849 2940 1
2940 849 0
850 2940 1
2940 850 0
851 2940 1
2940 851 0
852 2940 1
2940 852 0
853 2940 1
2940 853 0
854 2940 1
2940 854 0
855 2940 1
2940 855 0
856 2940 1
2940 856 0
857 2940 1
2940 857 0
858 2940 1
2940 858 0
859 2940 1
2940 859 0
860 2940 1
2940 860 0
861 2940 1
2940 861 0
862 2940 1
2940 862 0
863 2940 1
2940 863 0
864 2940 1
2940 864 0
865 2940 1
2940 865 0
866 2940 1
2940 866 0
867 2940 1
2940 867 0
868 2940 1
2940 868 0
869 2940 1
2940 869 0
870 2940 1
2940 870 0
871 2940 1
2940 871 0
872 2940 1
2940 872 0
873 2940 1
2940 873 0
874 2940 1
2940 874 0
875 2940 1
2940 875 0
876 2940 1
2940 876 0
877 2940 1
2940 877 0
878 2940 1
2940 878 0
879 2940 1
2940 879 0
880 2940 1
2940 880 0
881 2940 1
2940 881 0
882 2940 1
2940 882 0
883 2940 1
2940 883 0
884 2940 1
2940 884 0
885 2940 1
2940 885 0
886 2940 1
2940 886 0
887 2940 1
2940 887 0
888 2940 1
2940 888 0
889 2940 1
2940 889 0
890 2940 1
2940 890 0
891 2940 1
2940 891 0
892 2940 1
2940 892 0
893 2940 1
2940 893 0
894 2940 1
2940 894 0
895 2940 1
2940 895 0
896 2940 1
2940 896 0
897 2940 1
2940 897 0
898 2940 1
2940 898 0
899 2940 1
2940 899 0
900 2940 1
2940 900 0
901 2940 1
2940 901 0
902 2940 1
2940 902 0
903 2940 1
2940 903 0
904 2940 1
2940 904 0
905 2940 1
2940 905 0
906 2940 1
2940 906 0
907 2940 1
2940 907 0
908 2940 1
2940 908 0
909 2940 1
2940 909 0
910 2940 1
2940 910 0
911 2940 1
2940 911 0
912 2940 1
2940 912 0
913 2940 1
2940 913 0
914 2940 1
2940 914 0
915 2940 1
2940 915 0
916 2940 1
2940 916 0
917 2940 1
2940 917 0
918 2940 1
2940 918 0
919 2940 1
2940 919 0
920 2940 1
2940 920 0
921 2940 1
2940 921 0
922 2940 1
2940 922 0
923 2940 1
2940 923 0
924 2940 1
2940 924 0
925 2940 1
2940 925 0
926 2940 1
2940 926 0
927 2940 1
2940 927 0
928 2940 1
2940 928 0
929 2940 1
2940 929 0
930 2940 1
2940 930 0
931 2940 1
2940 931 0
932 2940 1
2940 932 0
933 2940 1
2940 933 0
934 2940 1
2940 934 0
935 2940 1
2940 935 0
936 2940 1
2940 936 0
937 2940 1
2940 937 0
938 2940 1
2940 938 0
939 2940 1
2940 939 0
940 2940 1
2940 940 0
941 2940 1
2940 941 0
942 2940 1
2940 942 0
943 2940 1
2940 943 0
944 2940 1
2940 944 0
945 2940 1
2940 945 0
946 2940 1
2940 946 0
947 2940 1
2940 947 0
948 2940 1
2940 948 0
949 2940 1
2940 949 0
950 2940 1
2940 950 0
951 2940 1
2940 951 0
952 2940 1
2940 952 0
953 2940 1
2940 953 0
954 2940 1
2940 954 0
955 2940 1
2940 955 0
956 2940 1
2940 956 0
957 2940 1
2940 957 0
958 2940 1
2940 958 0
959 2940 1
2940 959 0
960 2940 1
2940 960 0
961 2940 1
2940 961 0
962 2940 1
2940 962 0
963 2940 1
2940 963 0
964 2940 1
2940 964 0
965 2940 1
2940 965 0
966 2940 1
2940 966 0
967 2940 1
2940 967 0
968 2940 1
2940 968 0
969 2940 1
2940 969 0
970 2940 1
2940 970 0
971 2940 1
2940 971 0
972 2940 1
2940 972 0
973 2940 1
2940 973 0
974 2940 1
2940 974 0
975 2940 1
2940 975 0
976 2940 1
2940 976 0
977 2940 1
2940 977 0
978 2940 1
2940 978 0
979 2940 1
2940 979 0
980 2940 1
2940 980 0
981 2940 1
2940 981 0
982 2940 1
2940 982 0
983 2940 1
2940 983 0
984 2940 1
2940 984 0
985 2940 1
2940 985 0
986 2940 1
2940 986 0
987 2940 1
2940 987 0
988 2940 1
2940 988 0
989 2940 1
2940 989 0
990 2940 1
2940 990 0
991 2940 1
2940 991 0
992 2940 1
2940 992 0
993 2940 1
2940 993 0
994 2940 1
2940 994 0
995 2940 1
2940 995 0
996 2940 1
2940 996 0
997 2940 1
2940 997 0
998 2940 1
2940 998 0
999 2940 1
2940 999 0
1000 2940 1
2940 1000 0
1001 2940 1
2940 1001 0
1002 2940 1
2940 1002 0
1003 2940 1
2940 1003 0
1004 2940 1
2940 1004 0
1005 2940 1
2940 1005 0
1006 2940 1
2940 1006 0
1007 2940 1
2940 1007 0
1008 2940 1
2940 1008 0
1009 2940 1
2940 1009 0
1010 2940 1
2940 1010 0
1011 2940 1
2940 1011 0
1012 2940 1
2940 1012 0
1013 2940 1
2940 1013 0
1014 2940 1
2940 1014 0
1015 2940 1
2940 1015 0
1016 2940 1
2940 1016 0
1017 2940 1
2940 1017 0
1018 2940 1
2940 1018 0
1019 2940 1
2940 1019 0
1020 2940 1
2940 1020 0
1021 2940 1
2940 1021 0
1022 2940 1
2940 1022 0
1023 2940 1
2940 1023 0
1024 2940 1
2940 1024 0
1025 2940 1
2940 1025 0
1026 2940 1
2940 1026 0
1027 2940 1
2940 1027 0
1028 2940 1
2940 1028 0
1029 2940 1
2940 1029 0
1030 2940 1
2940 1030 0
1031 2940 1
2940 1031 0
1032 2940 1
2940 1032 0
1033 2940 1
2940 1033 0
1034 2940 1
2940 1034 0
1035 2940 1
2940 1035 0
1036 2940 1
2940 1036 0
1037 2940 1
2940 1037 0
1038 2940 1
2940 1038 0
1039 2940 1
2940 1039 0
1040 2940 1
2940 1040 0
1041 2940 1
2940 1041 0
1042 2940 1
2940 1042 0
1043 2940 1
2940 1043 0
1044 2940 1
2940 1044 0
1045 2940 1
2940 1045 0
1046 2940 1
2940 1046 0
1047 2940 1
2940 1047 0
1048 2940 1
2940 1048 0
1049 2940 1
2940 1049 0
1050 2940 1
2940 1050 0
1051 2940 1
2940 1051 0
1052 2940 1
2940 1052 0
1053 2940 1
2940 1053 0
1054 2940 1
2940 1054 0
1055 2940 1
2940 1055 0
1056 2940 1
2940 1056 0
1057 2940 1
2940 1057 0
1058 2940 1
2940 1058 0
1059 2940 1
2940 1059 0
1060 2940 1
2940 1060 0
1061 2940 1
2940 1061 0
1062 2940 1
2940 1062 0
1063 2940 1
2940 1063 0
1064 2940 1
2940 1064 0
1065 2940 1
2940 1065 0
1066 2940 1
2940 1066 0
1067 2940 1
2940 1067 0
1068 2940 1
2940 1068 0
1069 2940 1
2940 1069 0
1070 2940 1
2940 1070 0
1071 2940 1
2940 1071 0
1072 2940 1
2940 1072 0
1073 2940 1
2940 1073 0
1074 2940 1
2940 1074 0
1075 2940 1
2940 1075 0
1076 2940 1
2940 1076 0
1077 2940 1
2940 1077 0
1078 2940 1
2940 1078 0
1079 2940 1
2940 1079 0
1080 2940 1
2940 1080 0
1081 2940 1
2940 1081 0
1082 2940 1
2940 1082 0
1083 2940 1
2940 1083 0
1084 2940 1
2940 1084 0
1085 2940 1
2940 1085 0
1086 2940 1
2940 1086 0
1087 2940 1
2940 1087 0
1088 2940 1
2940 1088 0
1089 2940 1
2940 1089 0
1090 2940 1
2940 1090 0
1091 2940 1
2940 1091 0
1092 2940 1
2940 1092 0
1093 2940 1
2940 1093 0
1094 2940 1
2940 1094 0
1095 2940 1
2940 1095 0
1096 2940 1
2940 1096 0
1097 2940 1
2940 1097 0
1098 2940 1
2940 1098 0
1099 2940 1
2940 1099 0
1100 2940 1
2940 1100 0
1101 2940 1
2940 1101 0
1102 2940 1
2940 1102 0
1103 2940 1
2940 1103 0
1104 2940 1
2940 1104 0
1105 2940 1
2940 1105 0
1106 2940 1
2940 1106 0
1107 2940 1
2940 1107 0
1108 2940 1
2940 1108 0
1109 2940 1
2940 1109 0
1110 2940 1
2940 1110 0
1111 2940 1
2940 1111 0
1112 2940 1
2940 1112 0
1113 2940 1
2940 1113 0
1114 2940 1
2940 1114 0
1115 2940 1
2940 1115 0
1116 2940 1
2940 1116 0
1117 2940 1
2940 1117 0
1118 2940 1
2940 1118 0
1119 2940 1
2940 1119 0
1120 2940 1
2940 1120 0
1121 2940 1
2940 1121 0
1122 2940 1
2940 1122 0
1123 2940 1
2940 1123 0
1124 2940 1
2940 1124 0
1125 2940 1
2940 1125 0
1126 2940 1
2940 1126 0
1127 2940 1
2940 1127 0
1128 2940 1
2940 1128 0
1129 2940 1
2940 1129 0
1130 2940 1
2940 1130 0
1131 2940 1
2940 1131 0
1132 2940 1
2940 1132 0
1133 2940 1
2940 1133 0
1134 2940 1
2940 1134 0
1135 2940 1
2940 1135 0
1136 2940 1
2940 1136 0
1137 2940 1
2940 1137 0
1138 2940 1
2940 1138 0
1139 2940 1
2940 1139 0
1140 2940 1
2940 1140 0
1141 2940 1
2940 1141 0
1142 2940 1
2940 1142 0
1143 2940 1
2940 1143 0
1144 2940 1
2940 1144 0
1145 2940 1
2940 1145 0
1146 2940 1
2940 1146 0
1147 2940 1
2940 1147 0
1148 2940 1
2940 1148 0
1149 2940 1
2940 1149 0
1150 2940 1
2940 1150 0
1151 2940 1
2940 1151 0
1152 2940 1
2940 1152 0
1153 2940 1
2940 1153 0
1154 2940 1
2940 1154 0
1155 2940 1
2940 1155 0
1156 2940 1
2940 1156 0
1157 2940 1
2940 1157 0
1158 2940 1
2940 1158 0
1159 2940 1
2940 1159 0
1160 2940 1
2940 1160 0
1161 2940 1
2940 1161 0
1162 2940 1
2940 1162 0
1163 2940 1
2940 1163 0
1164 2940 1
2940 1164 0
1165 2940 1
2940 1165 0
1166 2940 1
2940 1166 0
1167 2940 1
2940 1167 0
1168 2940 1
2940 1168 0
1169 2940 1
2940 1169 0
1170 2940 1
2940 1170 0
1171 2940 1
2940 1171 0
1172 2940 1
2940 1172 0
1173 2940 1
2940 1173 0
1174 2940 1
2940 1174 0
1175 2940 1
2940 1175 0
1176 2940 1
2940 1176 0
1177 2940 1
2940 1177 0
1178 2940 1
2940 1178 0
1179 2940 1
2940 1179 0
1180 2940 1
2940 1180 0
1181 2940 1
2940 1181 0
1182 2940 1
2940 1182 0
1183 2940 1
2940 1183 0
1184 2940 1
2940 1184 0
1185 2940 1
2940 1185 0
1186 2940 1
2940 1186 0
1187 2940 1
2940 1187 0
1188 2940 1
2940 1188 0
1189 2940 1
2940 1189 0
1190 2940 1
2940 1190 0
1191 2940 1
2940 1191 0
1192 2940 1
2940 1192 0
1193 2940 1
2940 1193 0
1194 2940 1
2940 1194 0
1195 2940 1
2940 1195 0
1196 2940 1
2940 1196 0
1197 2940 1
2940 1197 0
1198 2940 1
2940 1198 0
1199 2940 1
2940 1199 0
1200 2940 1
2940 1200 0
1201 2940 1
2940 1201 0
1202 2940 1
2940 1202 0
1203 2940 1
2940 1203 0
1204 2940 1
2940 1204 0
1205 2940 1
2940 1205 0
1206 2940 1
2940 1206 0
1207 2940 1
2940 1207 0
1208 2940 1
2940 1208 0
1209 2940 1
2940 1209 0
1210 2940 1
2940 1210 0
1211 2940 1
2940 1211 0
1212 2940 1
2940 1212 0
1213 2940 1
2940 1213 0
1214 2940 1
2940 1214 0
1215 2940 1
2940 1215 0
1216 2940 1
2940 1216 0
1217 2940 1
2940 1217 0
1218 2940 1
2940 1218 0
1219 2940 1
2940 1219 0
1220 2940 1
2940 1220 0
1221 2940 1
2940 1221 0
1222 2940 1
2940 1222 0
1223 2940 1
2940 1223 0
1224 2940 1
2940 1224 0
1225 2940 1
2940 1225 0
1226 2940 1
2940 1226 0
1227 2940 1
2940 1227 0
1228 2940 1
2940 1228 0
1229 2940 1
2940 1229 0
1230 2940 1
2940 1230 0
1231 2940 1
2940 1231 0
1232 2940 1
2940 1232 0
1233 2940 1
2940 1233 0
1234 2940 1
2940 1234 0
1235 2940 1
2940 1235 0
1236 2940 1
2940 1236 0
1237 2940 1
2940 1237 0
1238 2940 1
2940 1238 0
1239 2940 1
2940 1239 0
1240 2940 1
2940 1240 0
1241 2940 1
2940 1241 0
1242 2940 1
2940 1242 0
1243 2940 1
2940 1243 0
1244 2940 1
2940 1244 0
1245 2940 1
2940 1245 0
1246 2940 1
2940 1246 0
1247 2940 1
2940 1247 0
1248 2940 1
2940 1248 0
1249 2940 1
2940 1249 0
1250 2940 1
2940 1250 0
1251 2940 1
2940 1251 0
1252 2940 1
2940 1252 0
1253 2940 1
2940 1253 0
1254 2940 1
2940 1254 0
1255 2940 1
2940 1255 0
1256 2940 1
2940 1256 0
1257 2940 1
2940 1257 0
1258 2940 1
2940 1258 0
1259 2940 1
2940 1259 0
1260 2940 1
2940 1260 0
1261 2940 1
2940 1261 0
1262 2940 1
2940 1262 0
1263 2940 1
2940 1263 0
1264 2940 1
2940 1264 0
1265 2940 1
2940 1265 0
1266 2940 1
2940 1266 0
1267 2940 1
2940 1267 0
1268 2940 1
2940 1268 0
1269 2940 1
2940 1269 0
1270 2940 1
2940 1270 0
1271 2940 1
2940 1271 0
1272 2940 1
2940 1272 0
1273 2940 1
2940 1273 0
1274 2940 1
2940 1274 0
1275 2940 1
2940 1275 0
1276 2940 1
2940 1276 0
1277 2940 1
2940 1277 0
1278 2940 1
2940 1278 0
1279 2940 1
2940 1279 0
1280 2940 1
2940 1280 0
1281 2940 1
2940 1281 0
1282 2940 1
2940 1282 0
1283 2940 1
2940 1283 0
1284 2940 1
2940 1284 0
1285 2940 1
2940 1285 0
1286 2940 1
2940 1286 0
1287 2940 1
2940 1287 0
1288 2940 1
2940 1288 0
1289 2940 1
2940 1289 0
1290 2940 1
2940 1290 0
1291 2940 1
2940 1291 0
1292 2940 1
2940 1292 0
1293 2940 1
2940 1293 0
1294 2940 1
2940 1294 0
1295 2940 1
2940 1295 0
1296 2940 1
2940 1296 0
1297 2940 1
2940 1297 0
1298 2940 1
2940 1298 0
1299 2940 1
2940 1299 0
1300 2940 1
2940 1300 0
1301 2940 1
2940 1301 0
1302 2940 1
2940 1302 0
1303 2940 1
2940 1303 0
1304 2940 1
2940 1304 0
1305 2940 1
2940 1305 0
1306 2940 1
2940 1306 0
1307 2940 1
2940 1307 0
1308 2940 1
2940 1308 0
1309 2940 1
2940 1309 0
1310 2940 1
2940 1310 0
1311 2940 1
2940 1311 0
1312 2940 1
2940 1312 0
1313 2940 1
2940 1313 0
1314 2940 1
2940 1314 0
1315 2940 1
2940 1315 0
1316 2940 1
2940 1316 0
1317 2940 1
2940 1317 0
1318 2940 1
2940 1318 0
1319 2940 1
2940 1319 0
1320 2940 1
2940 1320 0
1321 2940 1
2940 1321 0
1322 2940 1
2940 1322 0
1323 2940 1
2940 1323 0
1324 2940 1
2940 1324 0
1325 2940 1
2940 1325 0
1326 2940 1
2940 1326 0
1327 2940 1
2940 1327 0
1328 2940 1
2940 1328 0
1329 2940 1
2940 1329 0
1330 2940 1
2940 1330 0
1331 2940 1
2940 1331 0
1332 2940 1
2940 1332 0
1333 2940 1
2940 1333 0
1334 2940 1
2940 1334 0
1335 2940 1
2940 1335 0
1336 2940 1
2940 1336 0
1337 2940 1
2940 1337 0
1338 2940 1
2940 1338 0
1339 2940 1
2940 1339 0
1340 2940 1
2940 1340 0
1341 2940 1
2940 1341 0
1342 2940 1
2940 1342 0
1343 2940 1
2940 1343 0
1344 2940 1
2940 1344 0
1345 2940 1
2940 1345 0
1346 2940 1
2940 1346 0
1347 2940 1
2940 1347 0
1348 2940 1
2940 1348 0
1349 2940 1
2940 1349 0
1350 2940 1
2940 1350 0
1351 2940 1
2940 1351 0
1352 2940 1
2940 1352 0
1353 2940 1
2940 1353 0
1354 2940 1
2940 1354 0
1355 2940 1
2940 1355 0
1356 2940 1
2940 1356 0
1357 2940 1
2940 1357 0
1358 2940 1
2940 1358 0
1359 2940 1
2940 1359 0
1360 2940 1
2940 1360 0
1361 2940 1
2940 1361 0
1362 2940 1
2940 1362 0
1363 2940 1
2940 1363 0
1364 2940 1
2940 1364 0
1365 2940 1
2940 1365 0
1366 2940 1
2940 1366 0
1367 2940 1
2940 1367 0
1368 2940 1
2940 1368 0
1369 2940 1
2940 1369 0
1370 2940 1
2940 1370 0
1371 2940 1
2940 1371 0
1372 2940 1
2940 1372 0
1373 2940 1
2940 1373 0
1374 2940 1
2940 1374 0
1375 2940 1
2940 1375 0
1376 2940 1
2940 1376 0
1377 2940 1
2940 1377 0
1378 2940 1
2940 1378 0
1379 2940 1
2940 1379 0
1380 2940 1
2940 1380 0
1381 2940 1
2940 1381 0
1382 2940 1
2940 1382 0
1383 2940 1
2940 1383 0
1384 2940 1
2940 1384 0
1385 2940 1
2940 1385 0
1386 2940 1
2940 1386 0
1387 2940 1
2940 1387 0
1388 2940 1
2940 1388 0
1389 2940 1
2940 1389 0
1390 2940 1
2940 1390 0
1391 2940 1
2940 1391 0
1392 2940 1
2940 1392 0
1393 2940 1
2940 1393 0
1394 2940 1
2940 1394 0
1395 2940 1
2940 1395 0
1396 2940 1
2940 1396 0
1397 2940 1
2940 1397 0
1398 2940 1
2940 1398 0
1399 2940 1
2940 1399 0
1400 2940 1
2940 1400 0
1401 2940 1
2940 1401 0
1402 2940 1
2940 1402 0
1403 2940 1
2940 1403 0
1404 2940 1
2940 1404 0
1405 2940 1
2940 1405 0
1406 2940 1
2940 1406 0
1407 2940 1
2940 1407 0
1408 2940 1
2940 1408 0
1409 2940 1
2940 1409 0
1410 2940 1
2940 1410 0
1411 2940 1
2940 1411 0
1412 2940 1
2940 1412 0
1413 2940 1
2940 1413 0
1414 2940 1
2940 1414 0
1415 2940 1
2940 1415 0
1416 2940 1
2940 1416 0
1417 2940 1
2940 1417 0
1418 2940 1
2940 1418 0
1419 2940 1
2940 1419 0
1420 2940 1
2940 1420 0
1421 2940 1
2940 1421 0
1422 2940 1
2940 1422 0
1423 2940 1
2940 1423 0
1424 2940 1
2940 1424 0
1425 2940 1
2940 1425 0
1426 2940 1
2940 1426 0
1427 2940 1
2940 1427 0
1428 2940 1
2940 1428 0
1429 2940 1
2940 1429 0
1430 2940 1
2940 1430 0
1431 2940 1
2940 1431 0
1432 2940 1
2940 1432 0
1433 2940 1
2940 1433 0
1434 2940 1
2940 1434 0
1435 2940 1
2940 1435 0
1436 2940 1
2940 1436 0
1437 2940 1
2940 1437 0
1438 2940 1
2940 1438 0
1439 2940 1
2940 1439 0
1440 2940 1
2940 1440 0
1441 2940 1
2940 1441 0
1442 2940 1
2940 1442 0
1443 2940 1
2940 1443 0
1444 2940 1
2940 1444 0
1445 2940 1
2940 1445 0
1446 2940 1
2940 1446 0
1447 2940 1
2940 1447 0
1448 2940 1
2940 1448 0
1449 2940 1
2940 1449 0
1450 2940 1
2940 1450 0
1451 2940 1
2940 1451 0
1452 2940 1
2940 1452 0
1453 2940 1
2940 1453 0
1454 2940 1
2940 1454 0
1455 2940 1
2940 1455 0
1456 2940 1
2940 1456 0
1457 2940 1
2940 1457 0
1458 2940 1
2940 1458 0
1459 2940 1
2940 1459 0
1460 2940 1
2940 1460 0
1461 2940 1
2940 1461 0
1462 2940 1
2940 1462 0
1463 2940 1
2940 1463 0
1464 2940 1
2940 1464 0
1465 2940 1
2940 1465 0
1466 2940 1
2940 1466 0
1467 2940 1
2940 1467 0
1468 2940 1
2940 1468 0
1469 2940 1
2940 1469 0
1470 2940 1
2940 1470 0
1471 2940 1
2940 1471 0
1472 2940 1
2940 1472 0
1473 2940 1
2940 1473 0
1474 2940 1
2940 1474 0
1475 2940 1
2940 1475 0
1476 2940 1
2940 1476 0
1477 2940 1
2940 1477 0
1478 2940 1
2940 1478 0
1479 2940 1
2940 1479 0
1480 2940 1
2940 1480 0
1481 2940 1
2940 1481 0
1482 2940 1
2940 1482 0
1483 2940 1
2940 1483 0
1484 2940 1
2940 1484 0
1485 2940 1
2940 1485 0
1486 2940 1
2940 1486 0
1487 2940 1
2940 1487 0
1488 2940 1
2940 1488 0
1489 2940 1
2940 1489 0
1490 2940 1
2940 1490 0
1491 2940 1
2940 1491 0
1492 2940 1
2940 1492 0
1493 2940 1
2940 1493 0
1494 2940 1
2940 1494 0
1495 2940 1
2940 1495 0
1496 2940 1
2940 1496 0
1497 2940 1
2940 1497 0
1498 2940 1
2940 1498 0
1499 2940 1
2940 1499 0
1500 2940 1
2940 1500 0
1501 2940 1
2940 1501 0
1502 2940 1
2940 1502 0
1503 2940 1
2940 1503 0
1504 2940 1
2940 1504 0
1505 2940 1
2940 1505 0
1506 2940 1
2940 1506 0
1507 2940 1
2940 1507 0
1508 2940 1
2940 1508 0
1509 2940 1
2940 1509 0
1510 2940 1
2940 1510 0
1511 2940 1
2940 1511 0
1512 2940 1
2940 1512 0
1513 2940 1
2940 1513 0
1514 2940 1
2940 1514 0
1515 2940 1
2940 1515 0
1516 2940 1
2940 1516 0
1517 2940 1
2940 1517 0
1518 2940 1
2940 1518 0
1519 2940 1
2940 1519 0
1520 2940 1
2940 1520 0
1521 2940 1
2940 1521 0
1522 2940 1
2940 1522 0
1523 2940 1
2940 1523 0
1524 2940 1
2940 1524 0
1525 2940 1
2940 1525 0
1526 2940 1
2940 1526 0
1527 2940 1
2940 1527 0
1528 2940 1
2940 1528 0
1529 2940 1
2940 1529 0
1530 2940 1
2940 1530 0
1531 2940 1
2940 1531 0
1532 2940 1
2940 1532 0
1533 2940 1
2940 1533 0
1534 2940 1
2940 1534 0
1535 2940 1
2940 1535 0
1536 2940 1
2940 1536 0
1537 2940 1
2940 1537 0
1538 2940 1
2940 1538 0
1539 2940 1
2940 1539 0
1540 2940 1
2940 1540 0
1541 2940 1
2940 1541 0
1542 2940 1
2940 1542 0
1543 2940 1
2940 1543 0
1544 2940 1
2940 1544 0
1545 2940 1
2940 1545 0
1546 2940 1
2940 1546 0
1547 2940 1
2940 1547 0
1548 2940 1
2940 1548 0
1549 2940 1
2940 1549 0
1550 2940 1
2940 1550 0
1551 2940 1
2940 1551 0
1552 2940 1
2940 1552 0
1553 2940 1
2940 1553 0
1554 2940 1
2940 1554 0
1555 2940 1
2940 1555 0
1556 2940 1
2940 1556 0
1557 2940 1
2940 1557 0
1558 2940 1
2940 1558 0
1559 2940 1
2940 1559 0
1560 2940 1
2940 1560 0
1561 2940 1
2940 1561 0
1562 2940 1
2940 1562 0
1563 2940 1
2940 1563 0
1564 2940 1
2940 1564 0
1565 2940 1
2940 1565 0
1566 2940 1
2940 1566 0
1567 2940 1
2940 1567 0
1568 2940 1
2940 1568 0
1569 2940 1
2940 1569 0
1570 2940 1
2940 1570 0
1571 2940 1
2940 1571 0
1572 2940 1
2940 1572 0
1573 2940 1
2940 1573 0
1574 2940 1
2940 1574 0
1575 2940 1
2940 1575 0
1576 2940 1
2940 1576 0
1577 2940 1
2940 1577 0
1578 2940 1
2940 1578 0
1579 2940 1
2940 1579 0
1580 2940 1
2940 1580 0
1581 2940 1
2940 1581 0
1582 2940 1
2940 1582 0
1583 2940 1
2940 1583 0
1584 2940 1
2940 1584 0
1585 2940 1
2940 1585 0
1586 2940 1
2940 1586 0
1587 2940 1
2940 1587 0
1588 2940 1
2940 1588 0
1589 2940 1
2940 1589 0
1590 2940 1
2940 1590 0
1591 2940 1
2940 1591 0
1592 2940 1
2940 1592 0
1593 2940 1
2940 1593 0
1594 2940 1
2940 1594 0
1595 2940 1
2940 1595 0
1596 2940 1
2940 1596 0
1597 2940 1
2940 1597 0
1598 2940 1
2940 1598 0
1599 2940 1
2940 1599 0
1600 2940 1
2940 1600 0
1601 2940 1
2940 1601 0
1602 2940 1
2940 1602 0
1603 2940 1
2940 1603 0
1604 2940 1
2940 1604 0
1605 2940 1
2940 1605 0
1606 2940 1
2940 1606 0
1607 2940 1
2940 1607 0
1608 2940 1
2940 1608 0
1609 2940 1
2940 1609 0
1610 2940 1
2940 1610 0
1611 2940 1
2940 1611 0
1612 2940 1
2940 1612 0
1613 2940 1
2940 1613 0
1614 2940 1
2940 1614 0
1615 2940 1
2940 1615 0
1616 2940 1
2940 1616 0
1617 2940 1
2940 1617 0
1618 2940 1
2940 1618 0
1619 2940 1
2940 1619 0
1620 2940 1
2940 1620 0
1621 2940 1
2940 1621 0
1622 2940 1
2940 1622 0
1623 2940 1
2940 1623 0
1624 2940 1
2940 1624 0
1625 2940 1
2940 1625 0
1626 2940 1
2940 1626 0
1627 2940 1
2940 1627 0
1628 2940 1
2940 1628 0
1629 2940 1
2940 1629 0
1630 2940 1
2940 1630 0
1631 2940 1
2940 1631 0
1632 2940 1
2940 1632 0
1633 2940 1
2940 1633 0
1634 2940 1
2940 1634 0
1635 2940 1
2940 1635 0
1636 2940 1
2940 1636 0
1637 2940 1
2940 1637 0
1638 2940 1
2940 1638 0
1639 2940 1
2940 1639 0
1640 2940 1
2940 1640 0
1641 2940 1
2940 1641 0
1642 2940 1
2940 1642 0
1643 2940 1
2940 1643 0
1644 2940 1
2940 1644 0
1645 2940 1
2940 1645 0
1646 2940 1
2940 1646 0
1647 2940 1
2940 1647 0
1648 2940 1
2940 1648 0
1649 2940 1
2940 1649 0
1650 2940 1
2940 1650 0
1651 2940 1
2940 1651 0
1652 2940 1
2940 1652 0
1653 2940 1
2940 1653 0
1654 2940 1
2940 1654 0
1655 2940 1
2940 1655 0
1656 2940 1
2940 1656 0
1657 2940 1
2940 1657 0
1658 2940 1
2940 1658 0
1659 2940 1
2940 1659 0
1660 2940 1
2940 1660 0
1661 2940 1
2940 1661 0
1662 2940 1
2940 1662 0
1663 2940 1
2940 1663 0
1664 2940 1
2940 1664 0
1665 2940 1
2940 1665 0
1666 2940 1
2940 1666 0
1667 2940 1
2940 1667 0
1668 2940 1
2940 1668 0
1669 2940 1
2940 1669 0
1670 2940 1
2940 1670 0
1671 2940 1
2940 1671 0
1672 2940 1
2940 1672 0
1673 2940 1
2940 1673 0
1674 2940 1
2940 1674 0
1675 2940 1
2940 1675 0
1676 2940 1
2940 1676 0
1677 2940 1
2940 1677 0
1678 2940 1
2940 1678 0
1679 2940 1
2940 1679 0
1680 2940 1
2940 1680 0
1681 2940 1
2940 1681 0
1682 2940 1
2940 1682 0
1683 2940 1
2940 1683 0
1684 2940 1
2940 1684 0
1685 2940 1
2940 1685 0
1686 2940 1
2940 1686 0
1687 2940 1
2940 1687 0
1688 2940 1
2940 1688 0
1689 2940 1
2940 1689 0
1690 2940 1
2940 1690 0
1691 2940 1
2940 1691 0
1692 2940 1
2940 1692 0
1693 2940 1
2940 1693 0
1694 2940 1
2940 1694 0
1695 2940 1
2940 1695 0
1696 2940 1
2940 1696 0
1697 2940 1
2940 1697 0
1698 2940 1
2940 1698 0
1699 2940 1
2940 1699 0
1700 2940 1
2940 1700 0
1701 2940 1
2940 1701 0
1702 2940 1
2940 1702 0
1703 2940 1
2940 1703 0
1704 2940 1
2940 1704 0
1705 2940 1
2940 1705 0
1706 2940 1
2940 1706 0
1707 2940 1
2940 1707 0
1708 2940 1
2940 1708 0
1709 2940 1
2940 1709 0
1710 2940 1
2940 1710 0
1711 2940 1
2940 1711 0
1712 2940 1
2940 1712 0
1713 2940 1
2940 1713 0
1714 2940 1
2940 1714 0
1715 2940 1
2940 1715 0
1716 2940 1
2940 1716 0
1717 2940 1
2940 1717 0
1718 2940 1
2940 1718 0
1719 2940 1
2940 1719 0
1720 2940 1
2940 1720 0
1721 2940 1
2940 1721 0
1722 2940 1
2940 1722 0
1723 2940 1
2940 1723 0
1724 2940 1
2940 1724 0
1725 2940 1
2940 1725 0
1726 2940 1
2940 1726 0
1727 2940 1
2940 1727 0
1728 2940 1
2940 1728 0
1729 2940 1
2940 1729 0
1730 2940 1
2940 1730 0
1731 2940 1
2940 1731 0
1732 2940 1
2940 1732 0
1733 2940 1
2940 1733 0
1734 2940 1
2940 1734 0
1735 2940 1
2940 1735 0
1736 2940 1
2940 1736 0
1737 2940 1
2940 1737 0
1738 2940 1
2940 1738 0
1739 2940 1
2940 1739 0
1740 2940 1
2940 1740 0
1741 2940 1
2940 1741 0
1742 2940 1
2940 1742 0
1743 2940 1
2940 1743 0
1744 2940 1
2940 1744 0
1745 2940 1
2940 1745 0
1746 2940 1
2940 1746 0
1747 2940 1
2940 1747 0
1748 2940 1
2940 1748 0
1749 2940 1
2940 1749 0
1750 2940 1
2940 1750 0
1751 2940 1
2940 1751 0
1752 2940 1
2940 1752 0
1753 2940 1
2940 1753 0
1754 2940 1
2940 1754 0
1755 2940 1
2940 1755 0
1756 2940 1
2940 1756 0
1757 2940 1
2940 1757 0
1758 2940 1
2940 1758 0
1759 2940 1
2940 1759 0
1760 2940 1
2940 1760 0
1761 2940 1
2940 1761 0
1762 2940 1
2940 1762 0
1763 2940 1
2940 1763 0
1764 2940 1
2940 1764 0
1765 2940 1
2940 1765 0
1766 2940 1
2940 1766 0
1767 2940 1
2940 1767 0
1768 2940 1
2940 1768 0
1769 2940 1
2940 1769 0
1770 2940 1
2940 1770 0
1771 2940 1
2940 1771 0
1772 2940 1
2940 1772 0
1773 2940 1
2940 1773 0
1774 2940 1
2940 1774 0
1775 2940 1
2940 1775 0
1776 2940 1
2940 1776 0
1777 2940 1
2940 1777 0
1778 2940 1
2940 1778 0
1779 2940 1
2940 1779 0
1780 2940 1
2940 1780 0
1781 2940 1
2940 1781 0
1782 2940 1
2940 1782 0
1783 2940 1
2940 1783 0
1784 2940 1
2940 1784 0
1785 2940 1
2940 1785 0
1786 2940 1
2940 1786 0
1787 2940 1
2940 1787 0
1788 2940 1
2940 1788 0
1789 2940 1
2940 1789 0
1790 2940 1
2940 1790 0
1791 2940 1
2940 1791 0
1792 2940 1
2940 1792 0
1793 2940 1
2940 1793 0
1794 2940 1
2940 1794 0
1795 2940 1
2940 1795 0
1796 2940 1
2940 1796 0
1797 2940 1
2940 1797 0
1798 2940 1
2940 1798 0
1799 2940 1
2940 1799 0
1800 2940 1
2940 1800 0
1801 2940 1
2940 1801 0
1802 2940 1
2940 1802 0
1803 2940 1
2940 1803 0
1804 2940 1
2940 1804 0
1805 2940 1
2940 1805 0
1806 2940 1
2940 1806 0
1807 2940 1
2940 1807 0
1808 2940 1
2940 1808 0
1809 2940 1
2940 1809 0
1810 2940 1
2940 1810 0
1811 2940 1
2940 1811 0
1812 2940 1
2940 1812 0
1813 2940 1
2940 1813 0
1814 2940 1
2940 1814 0
1815 2940 1
2940 1815 0
1816 2940 1
2940 1816 0
1817 2940 1
2940 1817 0
1818 2940 1
2940 1818 0
1819 2940 1
2940 1819 0
1820 2940 1
2940 1820 0
1821 2940 1
2940 1821 0
1822 2940 1
2940 1822 0
1823 2940 1
2940 1823 0
1824 2940 1
2940 1824 0
1825 2940 1
2940 1825 0
1826 2940 1
2940 1826 0
1827 2940 1
2940 1827 0
1828 2940 1
2940 1828 0
1829 2940 1
2940 1829 0
1830 2940 1
2940 1830 0
1831 2940 1
2940 1831 0
1832 2940 1
2940 1832 0
1833 2940 1
2940 1833 0
1834 2940 1
2940 1834 0
1835 2940 1
2940 1835 0
1836 2940 1
2940 1836 0
1837 2940 1
2940 1837 0
1838 2940 1
2940 1838 0
1839 2940 1
2940 1839 0
1840 2940 1
2940 1840 0
1841 2940 1
2940 1841 0
1842 2940 1
2940 1842 0
1843 2940 1
2940 1843 0
1844 2940 1
2940 1844 0
1845 2940 1
2940 1845 0
1846 2940 1
2940 1846 0
1847 2940 1
2940 1847 0
1848 2940 1
2940 1848 0
1849 2940 1
2940 1849 0
1850 2940 1
2940 1850 0
1851 2940 1
2940 1851 0
1852 2940 1
2940 1852 0
1853 2940 1
2940 1853 0
1854 2940 1
2940 1854 0
1855 2940 1
2940 1855 0
1856 2940 1
2940 1856 0
1857 2940 1
2940 1857 0
1858 2940 1
2940 1858 0
1859 2940 1
2940 1859 0
1860 2940 1
2940 1860 0
1861 2940 1
2940 1861 0
1862 2940 1
2940 1862 0
1863 2940 1
2940 1863 0
1864 2940 1
2940 1864 0
1865 2940 1
2940 1865 0
1866 2940 1
2940 1866 0
1867 2940 1
2940 1867 0
1868 2940 1
2940 1868 0
1869 2940 1
2940 1869 0
1870 2940 1
2940 1870 0
1871 2940 1
2940 1871 0
1872 2940 1
2940 1872 0
1873 2940 1
2940 1873 0
1874 2940 1
2940 1874 0
1875 2940 1
2940 1875 0
1876 2940 1
2940 1876 0
1877 2940 1
2940 1877 0
1878 2940 1
2940 1878 0
1879 2940 1
2940 1879 0
1880 2940 1
2940 1880 0
1881 2940 1
2940 1881 0
1882 2940 1
2940 1882 0
1883 2940 1
2940 1883 0
1884 2940 1
2940 1884 0
1885 2940 1
2940 1885 0
1886 2940 1
2940 1886 0
1887 2940 1
2940 1887 0
1888 2940 1
2940 1888 0
1889 2940 1
2940 1889 0
1890 2940 1
2940 1890 0
1891 2940 1
2940 1891 0
1892 2940 1
2940 1892 0
1893 2940 1
2940 1893 0
1894 2940 1
2940 1894 0
1895 2940 1
2940 1895 0
1896 2940 1
2940 1896 0
1897 2940 1
2940 1897 0
1898 2940 1
2940 1898 0
1899 2940 1
2940 1899 0
1900 2940 1
2940 1900 0
1901 2940 1
2940 1901 0
1902 2940 1
2940 1902 0
1903 2940 1
2940 1903 0
1904 2940 1
2940 1904 0
1905 2940 1
2940 1905 0
1906 2940 1
2940 1906 0
1907 2940 1
2940 1907 0
1908 2940 1
2940 1908 0
1909 2940 1
2940 1909 0
1910 2940 1
2940 1910 0
1911 2940 1
2940 1911 0
1912 2940 1
2940 1912 0
1913 2940 1
2940 1913 0
1914 2940 1
2940 1914 0
1915 2940 1
2940 1915 0
1916 2940 1
2940 1916 0
1917 2940 1
2940 1917 0
1918 2940 1
2940 1918 0
1919 2940 1
2940 1919 0
1920 2940 1
2940 1920 0
1921 2940 1
2940 1921 0
1922 2940 1
2940 1922 0
1923 2940 1
2940 1923 0
1924 2940 1
2940 1924 0
1925 2940 1
2940 1925 0
1926 2940 1
2940 1926 0
1927 2940 1
2940 1927 0
1928 2940 1
2940 1928 0
1929 2940 1
2940 1929 0
1930 2940 1
2940 1930 0
1931 2940 1
2940 1931 0
1932 2940 1
2940 1932 0
1933 2940 1
2940 1933 0
1934 2940 1
2940 1934 0
1935 2940 1
2940 1935 0
1936 2940 1
2940 1936 0
1937 2940 1
2940 1937 0
1938 2940 1
2940 1938 0
1939 2940 1
2940 1939 0
1940 2940 1
2940 1940 0
1941 2940 1
2940 1941 0
1942 2940 1
2940 1942 0
1943 2940 1
2940 1943 0
1944 2940 1
2940 1944 0
1945 2940 1
2940 1945 0
1946 2940 1
2940 1946 0
1947 2940 1
2940 1947 0
1948 2940 1
2940 1948 0
1949 2940 1
2940 1949 0
1950 2940 1
2940 1950 0
1951 2940 1
2940 1951 0
1952 2940 1
2940 1952 0
1953 2940 1
2940 1953 0
1954 2940 1
2940 1954 0
1955 2940 1
2940 1955 0
1956 2940 1
2940 1956 0
1957 2940 1
2940 1957 0
1958 2940 1
2940 1958 0
1959 2940 1
2940 1959 0
1960 2940 1
2940 1960 0
1961 2940 1
2940 1961 0
1962 2940 1
2940 1962 0
1963 2940 1
2940 1963 0
1964 2940 1
2940 1964 0
1965 2940 1
2940 1965 0
1966 2940 1
2940 1966 0
1967 2940 1
2940 1967 0
1968 2940 1
2940 1968 0
1969 2940 1
2940 1969 0
1970 2940 1
2940 1970 0
1971 2940 1
2940 1971 0
1972 2940 1
2940 1972 0
1973 2940 1
2940 1973 0
1974 2940 1
2940 1974 0
1975 2940 1
2940 1975 0
1976 2940 1
2940 1976 0
1977 2940 1
2940 1977 0
1978 2940 1
2940 1978 0
1979 2940 1
2940 1979 0
1980 2940 1
2940 1980 0
1981 2940 1
2940 1981 0
1982 2940 1
2940 1982 0
1983 2940 1
2940 1983 0
1984 2940 1
2940 1984 0
1985 2940 1
2940 1985 0
1986 2940 1
2940 1986 0
1987 2940 1
2940 1987 0
1988 2940 1
2940 1988 0
1989 2940 1
2940 1989 0
1990 2940 1
2940 1990 0
1991 2940 1
2940 1991 0
1992 2940 1
2940 1992 0
1993 2940 1
2940 1993 0
1994 2940 1
2940 1994 0
1995 2940 1
2940 1995 0
1996 2940 1
2940 1996 0
1997 2940 1
2940 1997 0
1998 2940 1
2940 1998 0
1999 2940 1
2940 1999 0
2000 2940 1
2940 2000 0
2001 2940 1
2940 2001 0
2002 2940 1
2940 2002 0
2003 2940 1
2940 2003 0
2004 2940 1
2940 2004 0
2005 2940 1
2940 2005 0
2006 2940 1
2940 2006 0
2007 2940 1
2940 2007 0
2008 2940 1
2940 2008 0
2009 2940 1
2940 2009 0
2010 2940 1
2940 2010 0
2011 2940 1
2940 2011 0
2012 2940 1
2940 2012 0
2013 2940 1
2940 2013 0
2014 2940 1
2940 2014 0
2015 2940 1
2940 2015 0
2016 2940 1
2940 2016 0
2017 2940 1
2940 2017 0
2018 2940 1
2940 2018 0
2019 2940 1
2940 2019 0
2020 2940 1
2940 2020 0
2021 2940 1
2940 2021 0
2022 2940 1
2940 2022 0
2023 2940 1
2940 2023 0
2024 2940 1
2940 2024 0
2025 2940 1
2940 2025 0
2026 2940 1
2940 2026 0
2027 2940 1
2940 2027 0
2028 2940 1
2940 2028 0
2029 2940 1
2940 2029 0
2030 2940 1
2940 2030 0
2031 2940 1
2940 2031 0
2032 2940 1
2940 2032 0
2033 2940 1
2940 2033 0
2034 2940 1
2940 2034 0
2035 2940 1
2940 2035 0
2036 2940 1
2940 2036 0
2037 2940 1
2940 2037 0
2038 2940 1
2940 2038 0
2039 2940 1
2940 2039 0
2040 2940 1
2940 2040 0
2041 2940 1
2940 2041 0
2042 2940 1
2940 2042 0
2043 2940 1
2940 2043 0
2044 2940 1
2940 2044 0
2045 2940 1
2940 2045 0
2046 2940 1
2940 2046 0
2047 2940 1
2940 2047 0
2048 2940 1
2940 2048 0
2049 2940 1
2940 2049 0
2050 2940 1
2940 2050 0
2051 2940 1
2940 2051 0
2052 2940 1
2940 2052 0
2053 2940 1
2940 2053 0
2054 2940 1
2940 2054 0
2055 2940 1
2940 2055 0
2056 2940 1
2940 2056 0
2057 2940 1
2940 2057 0
2058 2940 1
2940 2058 0
2059 2940 1
2940 2059 0
2060 2940 1
2940 2060 0
2061 2940 1
2940 2061 0
2062 2940 1
2940 2062 0
2063 2940 1
2940 2063 0
2064 2940 1
2940 2064 0
2065 2940 1
2940 2065 0
2066 2940 1
2940 2066 0
2067 2940 1
2940 2067 0
2068 2940 1
2940 2068 0
2069 2940 1
2940 2069 0
2070 2940 1
2940 2070 0
2071 2940 1
2940 2071 0
2072 2940 1
2940 2072 0
2073 2940 1
2940 2073 0
2074 2940 1
2940 2074 0
2075 2940 1
2940 2075 0
2076 2940 1
2940 2076 0
2077 2940 1
2940 2077 0
2078 2940 1
2940 2078 0
2079 2940 1
2940 2079 0
2080 2940 1
2940 2080 0
2081 2940 1
2940 2081 0
2082 2940 1
2940 2082 0
2083 2940 1
2940 2083 0
2084 2940 1
2940 2084 0
2085 2940 1
2940 2085 0
2086 2940 1
2940 2086 0
2087 2940 1
2940 2087 0
2088 2940 1
2940 2088 0
2089 2940 1
2940 2089 0
2090 2940 1
2940 2090 0
2091 2940 1
2940 2091 0
2092 2940 1
2940 2092 0
2093 2940 1
2940 2093 0
2094 2940 1
2940 2094 0
2095 2940 1
2940 2095 0
2096 2940 1
2940 2096 0
2097 2940 1
2940 2097 0
2098 2940 1
2940 2098 0
2099 2940 1
2940 2099 0
2100 2940 7
2940 2100 0
2101 2940 7
2940 2101 0
2102 2940 7
2940 2102 0
2103 2940 7
2940 2103 0
2104 2940 7
2940 2104 0
2105 2940 7
2940 2105 0
2106 2940 7
2940 2106 0
2107 2940 7
2940 2107 0
2108 2940 7
2940 2108 0
2109 2940 7
2940 2109 0
2110 2940 7
2940 2110 0
2111 2940 7
2940 2111 0
2112 2940 7
2940 2112 0
2113 2940 7
2940 2113 0
2114 2940 7
2940 2114 0
2115 2940 7
2940 2115 0
2116 2940 7
2940 2116 0
2117 2940 7
2940 2117 0
2118 2940 7
2940 2118 0
2119 2940 7
2940 2119 0
2120 2940 7
2940 2120 0
2121 2940 7
2940 2121 0
2122 2940 7
2940 2122 0
2123 2940 7
2940 2123 0
2124 2940 7
2940 2124 0
2125 2940 7
2940 2125 0
2126 2940 7
2940 2126 0
2127 2940 7
2940 2127 0
2128 2940 7
2940 2128 0
2129 2940 7
2940 2129 0
2130 2940 7
2940 2130 0
2131 2940 7
2940 2131 0
2132 2940 7
2940 2132 0
2133 2940 7
2940 2133 0
2134 2940 7
2940 2134 0
2135 2940 7
2940 2135 0
2136 2940 7
2940 2136 0
2137 2940 7
2940 2137 0
2138 2940 7
2940 2138 0
2139 2940 7
2940 2139 0
2140 2940 7
2940 2140 0
2141 2940 7
2940 2141 0
2142 2940 7
2940 2142 0
2143 2940 7
2940 2143 0
2144 2940 7
2940 2144 0
2145 2940 7
2940 2145 0
2146 2940 7
2940 2146 0
2147 2940 7
2940 2147 0
2148 2940 7
2940 2148 0
2149 2940 7
2940 2149 0
2150 2940 7
2940 2150 0
2151 2940 7
2940 2151 0
2152 2940 7
2940 2152 0
2153 2940 7
2940 2153 0
2154 2940 7
2940 2154 0
2155 2940 7
2940 2155 0
2156 2940 7
2940 2156 0
2157 2940 7
2940 2157 0
2158 2940 7
2940 2158 0
2159 2940 7
2940 2159 0
2160 2940 7
2940 2160 0
2161 2940 7
2940 2161 0
2162 2940 7
2940 2162 0
2163 2940 7
2940 2163 0
2164 2940 7
2940 2164 0
2165 2940 7
2940 2165 0
2166 2940 7
2940 2166 0
2167 2940 7
2940 2167 0
2168 2940 7
2940 2168 0
2169 2940 7
2940 2169 0
2170 2940 7
2940 2170 0
2171 2940 7
2940 2171 0
2172 2940 7
2940 2172 0
2173 2940 7
2940 2173 0
2174 2940 7
2940 2174 0
2175 2940 7
2940 2175 0
2176 2940 7
2940 2176 0
2177 2940 7
2940 2177 0
2178 2940 7
2940 2178 0
2179 2940 7
2940 2179 0
2180 2940 7
2940 2180 0
2181 2940 7
2940 2181 0
2182 2940 7
2940 2182 0
2183 2940 7
2940 2183 0
2184 2940 7
2940 2184 0
2185 2940 7
2940 2185 0
2186 2940 7
2940 2186 0
2187 2940 7
2940 2187 0
2188 2940 7
2940 2188 0
2189 2940 7
2940 2189 0
2190 2940 7
2940 2190 0
2191 2940 7
2940 2191 0
2192 2940 7
2940 2192 0
2193 2940 7
2940 2193 0
2194 2940 7
2940 2194 0
2195 2940 7
2940 2195 0
2196 2940 7
2940 2196 0
2197 2940 7
2940 2197 0
2198 2940 7
2940 2198 0
2199 2940 7
2940 2199 0
2200 2940 7
2940 2200 0
2201 2940 7
2940 2201 0
2202 2940 7
2940 2202 0
2203 2940 7
2940 2203 0
2204 2940 7
2940 2204 0
2205 2940 7
2940 2205 0
2206 2940 7
2940 2206 0
2207 2940 7
2940 2207 0
2208 2940 7
2940 2208 0
2209 2940 7
2940 2209 0
2210 2940 7
2940 2210 0
2211 2940 7
2940 2211 0
2212 2940 7
2940 2212 0
2213 2940 7
2940 2213 0
2214 2940 7
2940 2214 0
2215 2940 7
2940 2215 0
2216 2940 7
2940 2216 0
2217 2940 7
2940 2217 0
2218 2940 7
2940 2218 0
2219 2940 7
2940 2219 0
2220 2940 7
2940 2220 0
2221 2940 7
2940 2221 0
2222 2940 7
2940 2222 0
2223 2940 7
2940 2223 0
2224 2940 7
2940 2224 0
2225 2940 7
2940 2225 0
2226 2940 7
2940 2226 0
2227 2940 7
2940 2227 0
2228 2940 7
2940 2228 0
2229 2940 7
2940 2229 0
2230 2940 7
2940 2230 0
2231 2940 7
2940 2231 0
2232 2940 7
2940 2232 0
2233 2940 7
2940 2233 0
2234 2940 7
2940 2234 0
2235 2940 7
2940 2235 0
2236 2940 7
2940 2236 0
2237 2940 7
2940 2237 0
2238 2940 7
2940 2238 0
2239 2940 7
2940 2239 0
2240 2940 7
2940 2240 0
2241 2940 7
2940 2241 0
2242 2940 7
2940 2242 0
2243 2940 7
2940 2243 0
2244 2940 7
2940 2244 0
2245 2940 7
2940 2245 0
2246 2940 7
2940 2246 0
2247 2940 7
2940 2247 0
2248 2940 7
2940 2248 0
2249 2940 7
2940 2249 0
2250 2940 7
2940 2250 0
2251 2940 7
2940 2251 0
2252 2940 7
2940 2252 0
2253 2940 7
2940 2253 0
2254 2940 7
2940 2254 0
2255 2940 7
2940 2255 0
2256 2940 7
2940 2256 0
2257 2940 7
2940 2257 0
2258 2940 7
2940 2258 0
2259 2940 7
2940 2259 0
2260 2940 7
2940 2260 0
2261 2940 7
2940 2261 0
2262 2940 7
2940 2262 0
2263 2940 7
2940 2263 0
2264 2940 7
2940 2264 0
2265 2940 7
2940 2265 0
2266 2940 7
2940 2266 0
2267 2940 7
2940 2267 0
2268 2940 7
2940 2268 0
2269 2940 7
2940 2269 0
2270 2940 7
2940 2270 0
2271 2940 7
2940 2271 0
2272 2940 7
2940 2272 0
2273 2940 7
2940 2273 0
2274 2940 7
2940 2274 0
2275 2940 7
2940 2275 0
2276 2940 7
2940 2276 0
2277 2940 7
2940 2277 0
2278 2940 7
2940 2278 0
2279 2940 7
2940 2279 0
2280 2940 7
2940 2280 0
2281 2940 7
2940 2281 0
2282 2940 7
2940 2282 0
2283 2940 7
2940 2283 0
2284 2940 7
2940 2284 0
2285 2940 7
2940 2285 0
2286 2940 7
2940 2286 0
2287 2940 7
2940 2287 0
2288 2940 7
2940 2288 0
2289 2940 7
2940 2289 0
2290 2940 7
2940 2290 0
2291 2940 7
2940 2291 0
2292 2940 7
2940 2292 0
2293 2940 7
2940 2293 0
2294 2940 7
2940 2294 0
2295 2940 7
2940 2295 0
2296 2940 7
2940 2296 0
2297 2940 7
2940 2297 0
2298 2940 7
2940 2298 0
2299 2940 7
2940 2299 0
2300 2940 7
2940 2300 0
2301 2940 7
2940 2301 0
2302 2940 7
2940 2302 0
2303 2940 7
2940 2303 0
2304 2940 7
2940 2304 0
2305 2940 7
2940 2305 0
2306 2940 7
2940 2306 0
2307 2940 7
2940 2307 0
2308 2940 7
2940 2308 0
2309 2940 7
2940 2309 0
2310 2940 7
2940 2310 0
2311 2940 7
2940 2311 0
2312 2940 7
2940 2312 0
2313 2940 7
2940 2313 0
2314 2940 7
2940 2314 0
2315 2940 7
2940 2315 0
2316 2940 7
2940 2316 0
2317 2940 7
2940 2317 0
2318 2940 7
2940 2318 0
2319 2940 7
2940 2319 0
2320 2940 7
2940 2320 0
2321 2940 7
2940 2321 0
2322 2940 7
2940 2322 0
2323 2940 7
2940 2323 0
2324 2940 7
2940 2324 0
2325 2940 7
2940 2325 0
2326 2940 7
2940 2326 0
2327 2940 7
2940 2327 0
2328 2940 7
2940 2328 0
2329 2940 7
2940 2329 0
2330 2940 7
2940 2330 0
2331 2940 7
2940 2331 0
2332 2940 7
2940 2332 0
2333 2940 7
2940 2333 0
2334 2940 7
2940 2334 0
2335 2940 7
2940 2335 0
2336 2940 7
2940 2336 0
2337 2940 7
2940 2337 0
2338 2940 7
2940 2338 0
2339 2940 7
2940 2339 0
2340 2940 7
2940 2340 0
2341 2940 7
2940 2341 0
2342 2940 7
2940 2342 0
2343 2940 7
2940 2343 0
2344 2940 7
2940 2344 0
2345 2940 7
2940 2345 0
2346 2940 7
2940 2346 0
2347 2940 7
2940 2347 0
2348 2940 7
2940 2348 0
2349 2940 7
2940 2349 0
2350 2940 7
2940 2350 0
2351 2940 7
2940 2351 0
2352 2940 7
2940 2352 0
2353 2940 7
2940 2353 0
2354 2940 7
2940 2354 0
2355 2940 7
2940 2355 0
2356 2940 7
2940 2356 0
2357 2940 7
2940 2357 0
2358 2940 7
2940 2358 0
2359 2940 7
2940 2359 0
2360 2940 7
2940 2360 0
2361 2940 7
2940 2361 0
2362 2940 7
2940 2362 0
2363 2940 7
2940 2363 0
2364 2940 7
2940 2364 0
2365 2940 7
2940 2365 0
2366 2940 7
2940 2366 0
2367 2940 7
2940 2367 0
2368 2940 7
2940 2368 0
2369 2940 7
2940 2369 0
2370 2940 7
2940 2370 0
2371 2940 7
2940 2371 0
2372 2940 7
2940 2372 0
2373 2940 7
2940 2373 0
2374 2940 7
2940 2374 0
2375 2940 7
2940 2375 0
2376 2940 7
2940 2376 0
2377 2940 7
2940 2377 0
2378 2940 7
2940 2378 0
2379 2940 7
2940 2379 0
2380 2940 7
2940 2380 0
2381 2940 7
2940 2381 0
2382 2940 7
2940 2382 0
2383 2940 7
2940 2383 0
2384 2940 7
2940 2384 0
2385 2940 7
2940 2385 0
2386 2940 7
2940 2386 0
2387 2940 7
2940 2387 0
2388 2940 7
2940 2388 0
2389 2940 7
2940 2389 0
2390 2940 7
2940 2390 0
2391 2940 7
2940 2391 0
2392 2940 7
2940 2392 0
2393 2940 7
2940 2393 0
2394 2940 7
2940 2394 0
2395 2940 7
2940 2395 0
2396 2940 7
2940 2396 0
2397 2940 7
2940 2397 0
2398 2940 7
2940 2398 0
2399 2940 7
2940 2399 0
2400 2940 7
2940 2400 0
2401 2940 7
2940 2401 0
2402 2940 7
2940 2402 0
2403 2940 7
2940 2403 0
2404 2940 7
2940 2404 0
2405 2940 7
2940 2405 0
2406 2940 7
2940 2406 0
2407 2940 7
2940 2407 0
2408 2940 7
2940 2408 0
2409 2940 7
2940 2409 0
2410 2940 7
2940 2410 0
2411 2940 7
2940 2411 0
2412 2940 7
2940 2412 0
2413 2940 7
2940 2413 0
2414 2940 7
2940 2414 0
2415 2940 7
2940 2415 0
2416 2940 7
2940 2416 0
2417 2940 7
2940 2417 0
2418 2940 7
2940 2418 0
2419 2940 7
2940 2419 0
2420 2940 7
2940 2420 0
2421 2940 7
2940 2421 0
2422 2940 7
2940 2422 0
2423 2940 7
2940 2423 0
2424 2940 7
2940 2424 0
2425 2940 7
2940 2425 0
2426 2940 7
2940 2426 0
2427 2940 7
2940 2427 0
2428 2940 7
2940 2428 0
2429 2940 7
2940 2429 0
2430 2940 7
2940 2430 0
2431 2940 7
2940 2431 0
2432 2940 7
2940 2432 0
2433 2940 7
2940 2433 0
2434 2940 7
2940 2434 0
2435 2940 7
2940 2435 0
2436 2940 7
2940 2436 0
2437 2940 7
2940 2437 0
2438 2940 7
2940 2438 0
2439 2940 7
2940 2439 0
2440 2940 7
2940 2440 0
2441 2940 7
2940 2441 0
2442 2940 7
2940 2442 0
2443 2940 7
2940 2443 0
2444 2940 7
2940 2444 0
2445 2940 7
2940 2445 0
2446 2940 7
2940 2446 0
2447 2940 7
2940 2447 0
2448 2940 7
2940 2448 0
2449 2940 7
2940 2449 0
2450 2940 7
2940 2450 0
2451 2940 7
2940 2451 0
2452 2940 7
2940 2452 0
2453 2940 7
2940 2453 0
2454 2940 7
2940 2454 0
2455 2940 7
2940 2455 0
2456 2940 7
2940 2456 0
2457 2940 7
2940 2457 0
2458 2940 7
2940 2458 0
2459 2940 7
2940 2459 0
2460 2940 7
2940 2460 0
2461 2940 7
2940 2461 0
2462 2940 7
2940 2462 0
2463 2940 7
2940 2463 0
2464 2940 7
2940 2464 0
2465 2940 7
2940 2465 0
2466 2940 7
2940 2466 0
2467 2940 7
2940 2467 0
2468 2940 7
2940 2468 0
2469 2940 7
2940 2469 0
2470 2940 7
2940 2470 0
2471 2940 7
2940 2471 0
2472 2940 7
2940 2472 0
2473 2940 7
2940 2473 0
2474 2940 7
2940 2474 0
2475 2940 7
2940 2475 0
2476 2940 7
2940 2476 0
2477 2940 7
2940 2477 0
2478 2940 7
2940 2478 0
2479 2940 7
2940 2479 0
2480 2940 7
2940 2480 0
2481 2940 7
2940 2481 0
2482 2940 7
2940 2482 0
2483 2940 7
2940 2483 0
2484 2940 7
2940 2484 0
2485 2940 7
2940 2485 0
2486 2940 7
2940 2486 0
2487 2940 7
2940 2487 0
2488 2940 7
2940 2488 0
2489 2940 7
2940 2489 0
2490 2940 7
2940 2490 0
2491 2940 7
2940 2491 0
2492 2940 7
2940 2492 0
2493 2940 7
2940 2493 0
2494 2940 7
2940 2494 0
2495 2940 7
2940 2495 0
2496 2940 7
2940 2496 0
2497 2940 7
2940 2497 0
2498 2940 7
2940 2498 0
2499 2940 7
2940 2499 0
2500 2940 7
2940 2500 0
2501 2940 7
2940 2501 0
2502 2940 7
2940 2502 0
2503 2940 7
2940 2503 0
2504 2940 7
2940 2504 0
2505 2940 7
2940 2505 0
2506 2940 7
2940 2506 0
2507 2940 7
2940 2507 0
2508 2940 7
2940 2508 0
2509 2940 7
2940 2509 0
2510 2940 7
2940 2510 0
2511 2940 7
2940 2511 0
2512 2940 7
2940 2512 0
2513 2940 7
2940 2513 0
2514 2940 7
2940 2514 0
2515 2940 7
2940 2515 0
2516 2940 7
2940 2516 0
2517 2940 7
2940 2517 0
2518 2940 7
2940 2518 0
2519 2940 7
2940 2519 0
2520 2940 7
2940 2520 0
2521 2940 7
2940 2521 0
2522 2940 7
2940 2522 0
2523 2940 7
2940 2523 0
2524 2940 7
2940 2524 0
2525 2940 7
2940 2525 0
2526 2940 7
2940 2526 0
2527 2940 7
2940 2527 0
2528 2940 7
2940 2528 0
2529 2940 7
2940 2529 0
2530 2940 7
2940 2530 0
2531 2940 7
2940 2531 0
2532 2940 7
2940 2532 0
2533 2940 7
2940 2533 0
2534 2940 7
2940 2534 0
2535 2940 7
2940 2535 0
2536 2940 7
2940 2536 0
2537 2940 7
2940 2537 0
2538 2940 7
2940 2538 0
2539 2940 7
2940 2539 0
2540 2940 7
2940 2540 0
2541 2940 7
2940 2541 0
2542 2940 7
2940 2542 0
2543 2940 7
2940 2543 0
2544 2940 7
2940 2544 0
2545 2940 7
2940 2545 0
2546 2940 7
2940 2546 0
2547 2940 7
2940 2547 0
2548 2940 7
2940 2548 0
2549 2940 7
2940 2549 0
2550 2940 7
2940 2550 0
2551 2940 7
2940 2551 0
2552 2940 7
2940 2552 0
2553 2940 7
2940 2553 0
2554 2940 7
2940 2554 0
2555 2940 7
2940 2555 0
2556 2940 7
2940 2556 0
2557 2940 7
2940 2557 0
2558 2940 7
2940 2558 0
2559 2940 7
2940 2559 0
2560 2940 7
2940 2560 0
2561 2940 7
2940 2561 0
2562 2940 7
2940 2562 0
2563 2940 7
2940 2563 0
2564 2940 7
2940 2564 0
2565 2940 7
2940 2565 0
2566 2940 7
2940 2566 0
2567 2940 7
2940 2567 0
2568 2940 7
2940 2568 0
2569 2940 7
2940 2569 0
2570 2940 7
2940 2570 0
2571 2940 7
2940 2571 0
2572 2940 7
2940 2572 0
2573 2940 7
2940 2573 0
2574 2940 7
2940 2574 0
2575 2940 7
2940 2575 0
2576 2940 7
2940 2576 0
2577 2940 7
2940 2577 0
2578 2940 7
2940 2578 0
2579 2940 7
2940 2579 0
2580 2940 7
2940 2580 0
2581 2940 7
2940 2581 0
2582 2940 7
2940 2582 0
2583 2940 7
2940 2583 0
2584 2940 7
2940 2584 0
2585 2940 7
2940 2585 0
2586 2940 7
2940 2586 0
2587 2940 7
2940 2587 0
2588 2940 7
2940 2588 0
2589 2940 7
2940 2589 0
2590 2940 7
2940 2590 0
2591 2940 7
2940 2591 0
2592 2940 7
2940 2592 0
2593 2940 7
2940 2593 0
2594 2940 7
2940 2594 0
2595 2940 7
2940 2595 0
2596 2940 7
2940 2596 0
2597 2940 7
2940 2597 0
2598 2940 7
2940 2598 0
2599 2940 7
2940 2599 0
2600 2940 7
2940 2600 0
2601 2940 7
2940 2601 0
2602 2940 7
2940 2602 0
2603 2940 7
2940 2603 0
2604 2940 7
2940 2604 0
2605 2940 7
2940 2605 0
2606 2940 7
2940 2606 0
2607 2940 7
2940 2607 0
2608 2940 7
2940 2608 0
2609 2940 7
2940 2609 0
2610 2940 7
2940 2610 0
2611 2940 7
2940 2611 0
2612 2940 7
2940 2612 0
2613 2940 7
2940 2613 0
2614 2940 7
2940 2614 0
2615 2940 7
2940 2615 0
2616 2940 7
2940 2616 0
2617 2940 7
2940 2617 0
2618 2940 7
2940 2618 0
2619 2940 7
2940 2619 0
2620 2940 7
2940 2620 0
2621 2940 7
2940 2621 0
2622 2940 7
2940 2622 0
2623 2940 7
2940 2623 0
2624 2940 7
2940 2624 0
2625 2940 7
2940 2625 0
2626 2940 7
2940 2626 0
2627 2940 7
2940 2627 0
2628 2940 7
2940 2628 0
2629 2940 7
2940 2629 0
2630 2940 7
2940 2630 0
2631 2940 7
2940 2631 0
2632 2940 7
2940 2632 0
2633 2940 7
2940 2633 0
2634 2940 7
2940 2634 0
2635 2940 7
2940 2635 0
2636 2940 7
2940 2636 0
2637 2940 7
2940 2637 0
2638 2940 7
2940 2638 0
2639 2940 7
2940 2639 0
2640 2940 7
2940 2640 0
2641 2940 7
2940 2641 0
2642 2940 7
2940 2642 0
2643 2940 7
2940 2643 0
2644 2940 7
2940 2644 0
2645 2940 7
2940 2645 0
2646 2940 7
2940 2646 0
2647 2940 7
2940 2647 0
2648 2940 7
2940 2648 0
2649 2940 7
2940 2649 0
2650 2940 7
2940 2650 0
2651 2940 7
2940 2651 0
2652 2940 7
2940 2652 0
2653 2940 7
2940 2653 0
2654 2940 7
2940 2654 0
2655 2940 7
2940 2655 0
2656 2940 7
2940 2656 0
2657 2940 7
2940 2657 0
2658 2940 7
2940 2658 0
2659 2940 7
2940 2659 0
2660 2940 7
2940 2660 0
2661 2940 7
2940 2661 0
2662 2940 7
2940 2662 0
2663 2940 7
2940 2663 0
2664 2940 7
2940 2664 0
2665 2940 7
2940 2665 0
2666 2940 7
2940 2666 0
2667 2940 7
2940 2667 0
2668 2940 7
2940 2668 0
2669 2940 7
2940 2669 0
2670 2940 7
2940 2670 0
2671 2940 7
2940 2671 0
2672 2940 7
2940 2672 0
2673 2940 7
2940 2673 0
2674 2940 7
2940 2674 0
2675 2940 7
2940 2675 0
2676 2940 7
2940 2676 0
2677 2940 7
2940 2677 0
2678 2940 7
2940 2678 0
2679 2940 7
2940 2679 0
2680 2940 7
2940 2680 0
2681 2940 7
2940 2681 0
2682 2940 7
2940 2682 0
2683 2940 7
2940 2683 0
2684 2940 7
2940 2684 0
2685 2940 7
2940 2685 0
2686 2940 7
2940 2686 0
2687 2940 7
2940 2687 0
2688 2940 7
2940 2688 0
2689 2940 7
2940 2689 0
2690 2940 7
2940 2690 0
2691 2940 7
2940 2691 0
2692 2940 7
2940 2692 0
2693 2940 7
2940 2693 0
2694 2940 7
2940 2694 0
2695 2940 7
2940 2695 0
2696 2940 7
2940 2696 0
2697 2940 7
2940 2697 0
2698 2940 7
2940 2698 0
2699 2940 7
2940 2699 0
2700 2940 7
2940 2700 0
2701 2940 7
2940 2701 0
2702 2940 7
2940 2702 0
2703 2940 7
2940 2703 0
2704 2940 7
2940 2704 0
2705 2940 7
2940 2705 0
2706 2940 7
2940 2706 0
2707 2940 7
2940 2707 0
2708 2940 7
2940 2708 0
2709 2940 7
2940 2709 0
2710 2940 7
2940 2710 0
2711 2940 7
2940 2711 0
2712 2940 7
2940 2712 0
2713 2940 7
2940 2713 0
2714 2940 7
2940 2714 0
2715 2940 7
2940 2715 0
2716 2940 7
2940 2716 0
2717 2940 7
2940 2717 0
2718 2940 7
2940 2718 0
2719 2940 7
2940 2719 0
2720 2940 7
2940 2720 0
2721 2940 7
2940 2721 0
2722 2940 7
2940 2722 0
2723 2940 7
2940 2723 0
2724 2940 7
2940 2724 0
2725 2940 7
2940 2725 0
2726 2940 7
2940 2726 0
2727 2940 7
2940 2727 0
2728 2940 7
2940 2728 0
2729 2940 7
2940 2729 0
2730 2940 7
2940 2730 0
2731 2940 7
2940 2731 0
2732 2940 7
2940 2732 0
2733 2940 7
2940 2733 0
2734 2940 7
2940 2734 0
2735 2940 7
2940 2735 0
2736 2940 7
2940 2736 0
2737 2940 7
2940 2737 0
2738 2940 7
2940 2738 0
2739 2940 7
2940 2739 0
2740 2940 7
2940 2740 0
2741 2940 7
2940 2741 0
2742 2940 7
2940 2742 0
2743 2940 7
2940 2743 0
2744 2940 7
2940 2744 0
2745 2940 7
2940 2745 0
2746 2940 7
2940 2746 0
2747 2940 7
2940 2747 0
2748 2940 7
2940 2748 0
2749 2940 7
2940 2749 0
2750 2940 7
2940 2750 0
2751 2940 7
2940 2751 0
2752 2940 7
2940 2752 0
2753 2940 7
2940 2753 0
2754 2940 7
2940 2754 0
2755 2940 7
2940 2755 0
2756 2940 7
2940 2756 0
2757 2940 7
2940 2757 0
2758 2940 7
2940 2758 0
2759 2940 7
2940 2759 0
2760 2940 7
2940 2760 0
2761 2940 7
2940 2761 0
2762 2940 7
2940 2762 0
2763 2940 7
2940 2763 0
2764 2940 7
2940 2764 0
2765 2940 7
2940 2765 0
2766 2940 7
2940 2766 0
2767 2940 7
2940 2767 0
2768 2940 7
2940 2768 0
2769 2940 7
2940 2769 0
2770 2940 7
2940 2770 0
2771 2940 7
2940 2771 0
2772 2940 7
2940 2772 0
2773 2940 7
2940 2773 0
2774 2940 7
2940 2774 0
2775 2940 7
2940 2775 0
2776 2940 7
2940 2776 0
2777 2940 7
2940 2777 0
2778 2940 7
2940 2778 0
2779 2940 7
2940 2779 0
2780 2940 7
2940 2780 0
2781 2940 7
2940 2781 0
2782 2940 7
2940 2782 0
2783 2940 7
2940 2783 0
2784 2940 7
2940 2784 0
2785 2940 7
2940 2785 0
2786 2940 7
2940 2786 0
2787 2940 7
2940 2787 0
2788 2940 7
2940 2788 0
2789 2940 7
2940 2789 0
2790 2940 7
2940 2790 0
2791 2940 7
2940 2791 0
2792 2940 7
2940 2792 0
2793 2940 7
2940 2793 0
2794 2940 7
2940 2794 0
2795 2940 7
2940 2795 0
2796 2940 7
2940 2796 0
2797 2940 7
2940 2797 0
2798 2940 7
2940 2798 0
2799 2940 7
2940 2799 0
2800 2940 7
2940 2800 0
2801 2940 7
2940 2801 0
2802 2940 7
2940 2802 0
2803 2940 7
2940 2803 0
2804 2940 7
2940 2804 0
2805 2940 7
2940 2805 0
2806 2940 7
2940 2806 0
2807 2940 7
2940 2807 0
2808 2940 7
2940 2808 0
2809 2940 7
2940 2809 0
2810 2940 7
2940 2810 0
2811 2940 7
2940 2811 0
2812 2940 7
2940 2812 0
2813 2940 7
2940 2813 0
2814 2940 7
2940 2814 0
2815 2940 7
2940 2815 0
2816 2940 7
2940 2816 0
2817 2940 7
2940 2817 0
2818 2940 7
2940 2818 0
2819 2940 7
2940 2819 0
2820 2940 7
2940 2820 0
2821 2940 7
2940 2821 0
2822 2940 7
2940 2822 0
2823 2940 7
2940 2823 0
2824 2940 7
2940 2824 0
2825 2940 7
2940 2825 0
2826 2940 7
2940 2826 0
2827 2940 7
2940 2827 0
2828 2940 7
2940 2828 0
2829 2940 7
2940 2829 0
2830 2940 7
2940 2830 0
2831 2940 7
2940 2831 0
2832 2940 7
2940 2832 0
2833 2940 7
2940 2833 0
2834 2940 7
2940 2834 0
2835 2940 7
2940 2835 0
2836 2940 7
2940 2836 0
2837 2940 7
2940 2837 0
2838 2940 7
2940 2838 0
2839 2940 7
2940 2839 0
2840 2940 7
2940 2840 0
2841 2940 7
2940 2841 0
2842 2940 7
2940 2842 0
2843 2940 7
2940 2843 0
2844 2940 7
2940 2844 0
2845 2940 7
2940 2845 0
2846 2940 7
2940 2846 0
2847 2940 7
2940 2847 0
2848 2940 7
2940 2848 0
2849 2940 7
2940 2849 0
2850 2940 7
2940 2850 0
2851 2940 7
2940 2851 0
2852 2940 7
2940 2852 0
2853 2940 7
2940 2853 0
2854 2940 7
2940 2854 0
2855 2940 7
2940 2855 0
2856 2940 7
2940 2856 0
2857 2940 7
2940 2857 0
2858 2940 7
2940 2858 0
2859 2940 7
2940 2859 0
2860 2940 7
2940 2860 0
2861 2940 7
2940 2861 0
2862 2940 7
2940 2862 0
2863 2940 7
2940 2863 0
2864 2940 7
2940 2864 0
2865 2940 7
2940 2865 0
2866 2940 7
2940 2866 0
2867 2940 7
2940 2867 0
2868 2940 7
2940 2868 0
2869 2940 7
2940 2869 0
2870 2940 7
2940 2870 0
2871 2940 7
2940 2871 0
2872 2940 7
2940 2872 0
2873 2940 7
2940 2873 0
2874 2940 7
2940 2874 0
2875 2940 7
2940 2875 0
2876 2940 7
2940 2876 0
2877 2940 7
2940 2877 0
2878 2940 7
2940 2878 0
2879 2940 7
2940 2879 0
2880 2940 7
2940 2880 0
2881 2940 7
2940 2881 0
2882 2940 7
2940 2882 0
2883 2940 7
2940 2883 0
2884 2940 7
2940 2884 0
2885 2940 7
2940 2885 0
2886 2940 7
2940 2886 0
2887 2940 7
2940 2887 0
2888 2940 7
2940 2888 0
2889 2940 7
2940 2889 0
2890 2940 7
2940 2890 0
2891 2940 7
2940 2891 0
2892 2940 7
2940 2892 0
2893 2940 7
2940 2893 0
2894 2940 7
2940 2894 0
2895 2940 7
2940 2895 0
2896 2940 7
2940 2896 0
2897 2940 7
2940 2897 0
2898 2940 7
2940 2898 0
2899 2940 7
2940 2899 0
2900 2940 7
2940 2900 0
2901 2940 7
2940 2901 0
2902 2940 7
2940 2902 0
2903 2940 7
2940 2903 0
2904 2940 7
2940 2904 0
2905 2940 7
2940 2905 0
2906 2940 7
2940 2906 0
2907 2940 7
2940 2907 0
2908 2940 7
2940 2908 0
2909 2940 7
2940 2909 0
2910 2940 7
2940 2910 0
2911 2940 7
2940 2911 0
2912 2940 7
2940 2912 0
2913 2940 7
2940 2913 0
2914 2940 7
2940 2914 0
2915 2940 7
2940 2915 0
2916 2940 7
2940 2916 0
2917 2940 7
2940 2917 0
2918 2940 7
2940 2918 0
2919 2940 7
2940 2919 0
2920 2940 7
2940 2920 0
2921 2940 7
2940 2921 0
2922 2940 7
2940 2922 0
2923 2940 7
2940 2923 0
2924 2940 7
2940 2924 0
2925 2940 7
2940 2925 0
2926 2940 7
2940 2926 0
2927 2940 7
2940 2927 0
2928 2940 7
2940 2928 0
2929 2940 7
2940 2929 0
2930 2940 7
2940 2930 0
2931 2940 7
2940 2931 0
2932 2940 7
2940 2932 0
2933 2940 7
2940 2933 0
2934 2940 7
2940 2934 0
2935 2940 7
2940 2935 0
2936 2940 7
2940 2936 0
2937 2940 7
2940 2937 0
2938 2940 7
2940 2938 0
2939 2940 7
2940 2939 0
