3839 3838 55 7676
1 3839 1
3839 1 0
2 3839 1
3839 2 0
3 3839 1
3839 3 0
4 3839 1
3839 4 0
5 3839 1
3839 5 0
6 3839 1
3839 6 0
7 3839 1
3839 7 0
8 3839 1
3839 8 0
9 3839 1
3839 9 0
10 3839 1
3839 10 0
11 3839 1
3839 11 0
12 3839 1
3839 12 0
13 3839 1
3839 13 0
14 3839 1
3839 14 0
15 3839 1
3839 15 0
16 3839 1
3839 16 0
17 3839 1
3839 17 0
18 3839 1
3839 18 0
19 3839 1
3839 19 0
20 3839 1
3839 20 0
21 3839 1
3839 21 0
22 3839 1
3839 22 0
23 3839 1
3839 23 0
24 3839 1
3839 24 0
25 3839 1
3839 25 0
26 3839 1
3839 26 0
27 3839 1
3839 27 0
28 3839 1
3839 28 0
29 3839 1
3839 29 0
30 3839 1
3839 30 0
31 3839 1
3839 31 0
32 3839 1
3839 32 0
33 3839 1
3839 33 0
34 3839 1
3839 34 0
35 3839 1
3839 35 0
36 3839 1
3839 36 0
37 3839 1
3839 37 0
38 3839 1
3839 38 0
39 3839 1
3839 39 0
40 3839 1
3839 40 0
41 3839 1
3839 41 0
42 3839 1
3839 42 0
43 3839 1
3839 43 0
44 3839 1
3839 44 0
45 3839 1
3839 45 0
46 3839 1
3839 46 0
47 3839 1
3839 47 0
48 3839 1
3839 48 0
49 3839 1
3839 49 0
50 3839 1
3839 50 0
51 3839 1
3839 51 0
52 3839 1
3839 52 0
53 3839 1
3839 53 0
54 3839 1
3839 54 0
55 3839 1
3839 55 0
56 3839 1
3839 56 0
57 3839 1
3839 57 0
58 3839 1
3839 58 0
59 3839 1
3839 59 0
60 3839 1
3839 60 0
61 3839 1
3839 61 0
62 3839 1
3839 62 0
63 3839 1
3839 63 0
64 3839 1
3839 64 0
65 3839 1
3839 65 0
66 3839 1
3839 66 0
67 3839 1
3839 67 0
68 3839 1
3839 68 0
69 3839 1
3839 69 0
70 3839 1
3839 70 0
71 3839 1
3839 71 0
72 3839 1
3839 72 0
73 3839 1
3839 73 0
74 3839 1
3839 74 0
75 3839 1
3839 75 0
76 3839 1
3839 76 0
77 3839 1
3839 77 0
78 3839 1
3839 78 0
79 3839 1
3839 79 0
80 3839 1
3839 80 0
81 3839 1
3839 81 0
82 3839 1
3839 82 0
83 3839 1
3839 83 0
84 3839 1
3839 84 0
85 3839 1
3839 85 0
86 3839 1
3839 86 0
87 3839 1
3839 87 0
88 3839 1
3839 88 0
89 3839 1
3839 89 0
90 3839 1
3839 90 0
91 3839 1
3839 91 0
92 3839 1
3839 92 0
93 3839 1
3839 93 0
94 3839 1
3839 94 0
95 3839 1
3839 95 0
96 3839 1
3839 96 0
97 3839 1
3839 97 0
98 3839 1
3839 98 0
99 3839 1
3839 99 0
100 3839 1
3839 100 0
101 3839 1
3839 101 0
102 3839 1
3839 102 0
103 3839 1
3839 103 0
104 3839 1
3839 104 0
105 3839 1
3839 105 0
106 3839 1
3839 106 0
107 3839 1
3839 107 0
108 3839 1
3839 108 0
109 3839 1
3839 109 0
110 3839 1
3839 110 0
111 3839 1
3839 111 0
112 3839 1
3839 112 0
113 3839 1
3839 113 0
114 3839 1
3839 114 0
115 3839 1
3839 115 0
116 3839 1
3839 116 0
117 3839 1
3839 117 0
118 3839 1
3839 118 0
119 3839 1
3839 119 0
120 3839 1
3839 120 0
121 3839 1
3839 121 0
122 3839 1
3839 122 0
123 3839 1
3839 123 0
124 3839 1
3839 124 0
125 3839 1
3839 125 0
126 3839 1
3839 126 0
127 3839 1
3839 127 0
128 3839 1
3839 128 0
129 3839 1
3839 129 0
130 3839 1
3839 130 0
131 3839 1
3839 131 0
132 3839 1
3839 132 0
133 3839 1
3839 133 0
134 3839 1
3839 134 0
135 3839 1
3839 135 0
136 3839 1
3839 136 0
137 3839 1
3839 137 0
138 3839 1
3839 138 0
139 3839 1
3839 139 0
140 3839 1
3839 140 0
141 3839 1
3839 141 0
142 3839 1
3839 142 0
143 3839 1
3839 143 0
144 3839 1
3839 144 0
145 3839 1
3839 145 0
146 3839 1
3839 146 0
147 3839 1
3839 147 0
148 3839 1
3839 148 0
149 3839 1
3839 149 0
150 3839 1
3839 150 0
151 3839 1
3839 151 0
152 3839 1
3839 152 0
153 3839 1
3839 153 0
154 3839 1
3839 154 0
155 3839 1
3839 155 0
156 3839 1
3839 156 0
157 3839 1
3839 157 0
158 3839 1
3839 158 0
159 3839 1
3839 159 0
160 3839 1
3839 160 0
161 3839 1
3839 161 0
162 3839 1
3839 162 0
163 3839 1
3839 163 0
164 3839 1
3839 164 0
165 3839 1
3839 165 0
166 3839 1
3839 166 0
167 3839 1
3839 167 0
168 3839 1
3839 168 0
169 3839 1
3839 169 0
170 3839 1
3839 170 0
171 3839 1
3839 171 0
172 3839 1
3839 172 0
173 3839 1
3839 173 0
174 3839 1
3839 174 0
175 3839 1
3839 175 0
176 3839 1
3839 176 0
177 3839 1
3839 177 0
178 3839 1
3839 178 0
179 3839 1
3839 179 0
180 3839 1
3839 180 0
181 3839 1
3839 181 0
182 3839 1
3839 182 0
183 3839 1
3839 183 0
184 3839 1
3839 184 0
185 3839 1
3839 185 0
186 3839 1
3839 186 0
187 3839 1
3839 187 0
188 3839 1
3839 188 0
189 3839 1
3839 189 0
190 3839 1
3839 190 0
191 3839 1
3839 191 0
192 3839 1
3839 192 0
193 3839 1
3839 193 0
194 3839 1
3839 194 0
195 3839 1
3839 195 0
196 3839 1
3839 196 0
197 3839 1
3839 197 0
198 3839 1
3839 198 0
199 3839 1
3839 199 0
200 3839 1
3839 200 0
201 3839 1
3839 201 0
202 3839 1
3839 202 0
203 3839 1
3839 203 0
204 3839 1
3839 204 0
205 3839 1
3839 205 0
206 3839 1
3839 206 0
207 3839 1
3839 207 0
208 3839 1
3839 208 0
209 3839 1
3839 209 0
210 3839 1
3839 210 0
211 3839 1
3839 211 0
212 3839 1
3839 212 0
213 3839 1
3839 213 0
214 3839 1
3839 214 0
215 3839 1
3839 215 0
216 3839 1
3839 216 0
217 3839 1
3839 217 0
218 3839 1
3839 218 0
219 3839 1
3839 219 0
220 3839 1
3839 220 0
221 3839 1
3839 221 0
222 3839 1
3839 222 0
223 3839 1
3839 223 0
224 3839 1
3839 224 0
225 3839 1
3839 225 0
226 3839 1
3839 226 0
227 3839 1
3839 227 0
228 3839 1
3839 228 0
229 3839 1
3839 229 0
230 3839 1
3839 230 0
231 3839 1
3839 231 0
232 3839 1
3839 232 0
233 3839 1
3839 233 0
234 3839 1
3839 234 0
235 3839 1
3839 235 0
236 3839 1
3839 236 0
237 3839 1
3839 237 0
238 3839 1
3839 238 0
239 3839 1
3839 239 0
240 3839 1
3839 240 0
241 3839 1
3839 241 0
242 3839 1
3839 242 0
243 3839 1
3839 243 0
244 3839 1
3839 244 0
245 3839 1
3839 245 0
246 3839 1
3839 246 0
247 3839 1
3839 247 0
248 3839 1
3839 248 0
249 3839 1
3839 249 0
250 3839 1
3839 250 0
251 3839 1
3839 251 0
252 3839 1
3839 252 0
253 3839 1
3839 253 0
254 3839 1
3839 254 0
255 3839 1
3839 255 0
256 3839 1
3839 256 0
257 3839 1
3839 257 0
258 3839 1
3839 258 0
259 3839 1
3839 259 0
260 3839 1
3839 260 0
261 3839 1
3839 261 0
262 3839 1
3839 262 0
263 3839 1
3839 263 0
264 3839 1
3839 264 0
265 3839 1
3839 265 0
266 3839 1
3839 266 0
267 3839 1
3839 267 0
268 3839 1
3839 268 0
269 3839 1
3839 269 0
270 3839 1
3839 270 0
271 3839 1
3839 271 0
272 3839 1
3839 272 0
273 3839 1
3839 273 0
274 3839 1
3839 274 0
275 3839 1
3839 275 0
276 3839 1
3839 276 0
277 3839 1
3839 277 0
278 3839 1
3839 278 0
279 3839 1
3839 279 0
280 3839 1
3839 280 0
281 3839 1
3839 281 0
282 3839 1
3839 282 0
283 3839 1
3839 283 0
284 3839 1
3839 284 0
285 3839 1
3839 285 0
286 3839 1
3839 286 0
287 3839 1
3839 287 0
288 3839 1
3839 288 0
289 3839 1
3839 289 0
290 3839 1
3839 290 0
291 3839 1
3839 291 0
292 3839 1
3839 292 0
293 3839 1
3839 293 0
294 3839 1
3839 294 0
295 3839 1
3839 295 0
296 3839 1
3839 296 0
297 3839 1
3839 297 0
298 3839 1
3839 298 0
299 3839 1
3839 299 0
300 3839 1
3839 300 0
301 3839 1
3839 301 0
302 3839 1
3839 302 0
303 3839 1
3839 303 0
304 3839 1
3839 304 0
305 3839 1
3839 305 0
306 3839 1
3839 306 0
307 3839 1
3839 307 0
308 3839 1
3839 308 0
309 3839 1
3839 309 0
310 3839 1
3839 310 0
311 3839 1
3839 311 0
312 3839 1
3839 312 0
313 3839 1
3839 313 0
314 3839 1
3839 314 0
315 3839 1
3839 315 0
316 3839 1
3839 316 0
317 3839 1
3839 317 0
318 3839 1
3839 318 0
319 3839 1
3839 319 0
320 3839 1
3839 320 0
321 3839 1
3839 321 0
322 3839 1
3839 322 0
323 3839 1
3839 323 0
324 3839 1
3839 324 0
325 3839 1
3839 325 0
326 3839 1
3839 326 0
327 3839 1
3839 327 0
328 3839 1
3839 328 0
329 3839 1
3839 329 0
330 3839 1
3839 330 0
331 3839 1
3839 331 0
332 3839 1
3839 332 0
333 3839 1
3839 333 0
334 3839 1
3839 334 0
335 3839 1
3839 335 0
336 3839 1
3839 336 0
337 3839 1
3839 337 0
338 3839 1
3839 338 0
339 3839 1
3839 339 0
340 3839 1
3839 340 0
341 3839 1
3839 341 0
342 3839 1
3839 342 0
343 3839 1
3839 343 0
344 3839 1
3839 344 0
345 3839 1
3839 345 0
346 3839 1
3839 346 0
347 3839 1
3839 347 0
348 3839 1
3839 348 0
349 3839 1
3839 349 0
350 3839 1
3839 350 0
351 3839 1
3839 351 0
352 3839 1
3839 352 0
353 3839 1
3839 353 0
354 3839 1
3839 354 0
355 3839 1
3839 355 0
356 3839 1
3839 356 0
357 3839 1
3839 357 0
358 3839 1
3839 358 0
359 3839 1
3839 359 0
360 3839 1
3839 360 0
361 3839 1
3839 361 0
362 3839 1
3839 362 0
363 3839 1
3839 363 0
364 3839 1
3839 364 0
365 3839 1
3839 365 0
366 3839 1
3839 366 0
367 3839 1
3839 367 0
368 3839 1
3839 368 0
369 3839 1
3839 369 0
370 3839 1
3839 370 0
371 3839 1
3839 371 0
372 3839 1
3839 372 0
373 3839 1
3839 373 0
374 3839 1
3839 374 0
375 3839 1
3839 375 0
376 3839 1
3839 376 0
377 3839 1
3839 377 0
378 3839 1
3839 378 0
379 3839 1
3839 379 0
380 3839 1
3839 380 0
381 3839 1
3839 381 0
382 3839 1
3839 382 0
383 3839 1
3839 383 0
384 3839 1
3839 384 0
385 3839 1
3839 385 0
386 3839 1
3839 386 0
387 3839 1
3839 387 0
388 3839 1
3839 388 0
389 3839 1
3839 389 0
390 3839 1
3839 390 0
391 3839 1
3839 391 0
392 3839 1
3839 392 0
393 3839 1
3839 393 0
394 3839 1
3839 394 0
395 3839 1
3839 395 0
396 3839 1
3839 396 0
397 3839 1
3839 397 0
398 3839 1
3839 398 0
399 3839 1
3839 399 0
400 3839 1
3839 400 0
401 3839 1
3839 401 0
402 3839 1
3839 402 0
403 3839 1
3839 403 0
404 3839 1
3839 404 0
405 3839 1
3839 405 0
406 3839 1
3839 406 0
407 3839 1
3839 407 0
408 3839 1
3839 408 0
409 3839 1
3839 409 0
410 3839 1
3839 410 0
411 3839 1
3839 411 0
412 3839 1
3839 412 0
413 3839 1
3839 413 0
414 3839 1
3839 414 0
415 3839 1
3839 415 0
416 3839 1
3839 416 0
417 3839 1
3839 417 0
418 3839 1
3839 418 0
419 3839 1
3839 419 0
420 3839 1
3839 420 0
421 3839 1
3839 421 0
422 3839 1
3839 422 0
423 3839 1
3839 423 0
424 3839 1
3839 424 0
425 3839 1
3839 425 0
426 3839 1
3839 426 0
427 3839 1
3839 427 0
428 3839 1
3839 428 0
429 3839 1
3839 429 0
430 3839 1
3839 430 0
431 3839 1
3839 431 0
432 3839 1
3839 432 0
433 3839 1
3839 433 0
434 3839 1
3839 434 0
435 3839 1
3839 435 0
436 3839 1
3839 436 0
437 3839 1
3839 437 0
438 3839 1
3839 438 0
439 3839 1
3839 439 0
440 3839 1
3839 440 0
441 3839 1
3839 441 0
442 3839 1
3839 442 0
443 3839 1
3839 443 0
444 3839 1
3839 444 0
445 3839 1
3839 445 0
446 3839 1
3839 446 0
447 3839 1
3839 447 0
448 3839 1
3839 448 0
449 3839 1
3839 449 0
450 3839 1
3839 450 0
451 3839 1
3839 451 0
452 3839 1
3839 452 0
453 3839 1
3839 453 0
454 3839 1
3839 454 0
455 3839 1
3839 455 0
456 3839 1
3839 456 0
457 3839 1
3839 457 0
458 3839 1
3839 458 0
459 3839 1
3839 459 0
460 3839 1
3839 460 0
461 3839 1
3839 461 0
462 3839 1
3839 462 0
463 3839 1
3839 463 0
464 3839 1
3839 464 0
465 3839 1
3839 465 0
466 3839 1
3839 466 0
467 3839 1
3839 467 0
468 3839 1
3839 468 0
469 3839 1
3839 469 0
470 3839 1
3839 470 0
471 3839 1
3839 471 0
472 3839 1
3839 472 0
473 3839 1
3839 473 0
474 3839 1
3839 474 0
475 3839 1
3839 475 0
476 3839 1
3839 476 0
477 3839 1
3839 477 0
478 3839 1
3839 478 0
479 3839 1
3839 479 0
480 3839 1
3839 480 0
481 3839 1
3839 481 0
482 3839 1
3839 482 0
483 3839 1
3839 483 0
484 3839 1
3839 484 0
485 3839 1
3839 485 0
486 3839 1
3839 486 0
487 3839 1
3839 487 0
488 3839 1
3839 488 0
489 3839 1
3839 489 0
490 3839 1
3839 490 0
491 3839 1
3839 491 0
492 3839 1
3839 492 0
493 3839 1
3839 493 0
494 3839 1
3839 494 0
495 3839 1
3839 495 0
496 3839 1
3839 496 0
497 3839 1
3839 497 0
498 3839 1
3839 498 0
499 3839 1
3839 499 0
500 3839 1
3839 500 0
501 3839 1
3839 501 0
502 3839 1
3839 502 0
503 3839 1
3839 503 0
504 3839 1
3839 504 0
505 3839 1
3839 505 0
506 3839 1
3839 506 0
507 3839 1
3839 507 0
508 3839 1
3839 508 0
509 3839 1
3839 509 0
510 3839 1
3839 510 0
511 3839 1
3839 511 0
512 3839 1
3839 512 0
513 3839 1
3839 513 0
514 3839 1
3839 514 0
515 3839 1
3839 515 0
516 3839 1
3839 516 0
517 3839 1
3839 517 0
518 3839 1
3839 518 0
519 3839 1
3839 519 0
520 3839 1
3839 520 0
521 3839 1
3839 521 0
522 3839 1
3839 522 0
523 3839 1
3839 523 0
524 3839 1
3839 524 0
525 3839 1
3839 525 0
526 3839 1
3839 526 0
527 3839 1
3839 527 0
528 3839 1
3839 528 0
529 3839 1
3839 529 0
530 3839 1
3839 530 0
531 3839 1
3839 531 0
532 3839 1
3839 532 0
533 3839 1
3839 533 0
534 3839 1
3839 534 0
535 3839 1
3839 535 0
536 3839 1
3839 536 0
537 3839 1
3839 537 0
538 3839 1
3839 538 0
539 3839 1
3839 539 0
540 3839 1
3839 540 0
541 3839 1
3839 541 0
542 3839 1
3839 542 0
543 3839 1
3839 543 0
544 3839 1
3839 544 0
545 3839 1
3839 545 0
546 3839 1
3839 546 0
547 3839 1
3839 547 0
548 3839 1
3839 548 0
549 3839 1
3839 549 0
550 3839 1
3839 550 0
551 3839 1
3839 551 0
552 3839 1
3839 552 0
553 3839 1
3839 553 0
554 3839 1
3839 554 0
555 3839 1
3839 555 0
556 3839 1
3839 556 0
557 3839 1
3839 557 0
558 3839 1
3839 558 0
559 3839 1
3839 559 0
560 3839 1
3839 560 0
561 3839 1
3839 561 0
562 3839 1
3839 562 0
563 3839 1
3839 563 0
564 3839 1
3839 564 0
565 3839 1
3839 565 0
566 3839 1
3839 566 0
567 3839 1
3839 567 0
568 3839 1
3839 568 0
569 3839 1
3839 569 0
570 3839 1
3839 570 0
571 3839 1
3839 571 0
572 3839 1
3839 572 0
573 3839 1
3839 573 0
574 3839 1
3839 574 0
575 3839 1
3839 575 0
576 3839 1
3839 576 0
577 3839 1
3839 577 0
578 3839 1
3839 578 0
579 3839 1
3839 579 0
580 3839 1
3839 580 0
581 3839 1
3839 581 0
582 3839 1
3839 582 0
583 3839 1
3839 583 0
584 3839 1
3839 584 0
585 3839 1
3839 585 0
586 3839 1
3839 586 0
587 3839 1
3839 587 0
588 3839 1
3839 588 0
589 3839 1
3839 589 0
590 3839 1
3839 590 0
591 3839 1
3839 591 0
592 3839 1
3839 592 0
593 3839 1
3839 593 0
594 3839 1
3839 594 0
595 3839 1
3839 595 0
596 3839 1
3839 596 0
597 3839 1
3839 597 0
598 3839 1
3839 598 0
599 3839 1
3839 599 0
600 3839 1
3839 600 0
601 3839 1
3839 601 0
602 3839 1
3839 602 0
603 3839 1
3839 603 0
604 3839 1
3839 604 0
605 3839 1
3839 605 0
606 3839 1
3839 606 0
607 3839 1
3839 607 0
608 3839 1
3839 608 0
609 3839 1
3839 609 0
610 3839 1
3839 610 0
611 3839 1
3839 611 0
612 3839 1
3839 612 0
613 3839 1
3839 613 0
614 3839 1
3839 614 0
615 3839 1
3839 615 0
616 3839 1
3839 616 0
617 3839 1
3839 617 0
618 3839 1
3839 618 0
619 3839 1
3839 619 0
620 3839 1
3839 620 0
621 3839 1
3839 621 0
622 3839 1
3839 622 0
623 3839 1
3839 623 0
624 3839 1
3839 624 0
625 3839 1
3839 625 0
626 3839 1
3839 626 0
627 3839 1
3839 627 0
628 3839 1
3839 628 0
629 3839 1
3839 629 0
630 3839 1
3839 630 0
631 3839 1
3839 631 0
632 3839 1
3839 632 0
633 3839 1
3839 633 0
634 3839 1
3839 634 0
635 3839 1
3839 635 0
636 3839 1
3839 636 0
637 3839 1
3839 637 0
638 3839 1
3839 638 0
639 3839 1
3839 639 0
640 3839 1
3839 640 0
641 3839 1
3839 641 0
642 3839 1
3839 642 0
643 3839 1
3839 643 0
644 3839 1
3839 644 0
645 3839 1
3839 645 0
646 3839 1
3839 646 0
647 3839 1
3839 647 0
648 3839 1
3839 648 0
649 3839 1
3839 649 0
650 3839 1
3839 650 0
651 3839 1
3839 651 0
652 3839 1
3839 652 0
653 3839 1
3839 653 0
654 3839 1
3839 654 0
655 3839 1
3839 655 0
656 3839 1
3839 656 0
657 3839 1
3839 657 0
658 3839 1
3839 658 0
659 3839 1
3839 659 0
660 3839 1
3839 660 0
661 3839 1
3839 661 0
662 3839 1
3839 662 0
663 3839 1
3839 663 0
664 3839 1
3839 664 0
665 3839 1
3839 665 0
666 3839 1
3839 666 0
667 3839 1
3839 667 0
668 3839 1
3839 668 0
669 3839 1
3839 669 0
670 3839 1
3839 670 0
671 3839 1
3839 671 0
672 3839 1
3839 672 0
673 3839 1
3839 673 0
674 3839 1
3839 674 0
675 3839 1
3839 675 0
676 3839 1
3839 676 0
677 3839 1
3839 677 0
678 3839 1
3839 678 0
679 3839 1
3839 679 0
680 3839 1
3839 680 0
681 3839 1
3839 681 0
682 3839 1
3839 682 0
683 3839 1
3839 683 0
684 3839 1
3839 684 0
685 3839 1
3839 685 0
686 3839 1
3839 686 0
687 3839 1
3839 687 0
688 3839 1
3839 688 0
689 3839 1
3839 689 0
690 3839 1
3839 690 0
691 3839 1
3839 691 0
692 3839 1
3839 692 0
693 3839 1
3839 693 0
694 3839 1
3839 694 0
695 3839 1
3839 695 0
696 3839 1
3839 696 0
697 3839 1
3839 697 0
698 3839 1
3839 698 0
699 3839 1
3839 699 0
700 3839 1
3839 700 0
701 3839 1
3839 701 0
702 3839 1
3839 702 0
703 3839 1
3839 703 0
704 3839 1
3839 704 0
705 3839 1
3839 705 0
706 3839 1
3839 706 0
707 3839 1
3839 707 0
708 3839 1
3839 708 0
709 3839 1
3839 709 0
710 3839 1
3839 710 0
711 3839 1
3839 711 0
712 3839 1
3839 712 0
713 3839 1
3839 713 0
714 3839 1
3839 714 0
715 3839 1
3839 715 0
716 3839 1
3839 716 0
717 3839 1
3839 717 0
718 3839 1
3839 718 0
719 3839 1
3839 719 0
720 3839 1
3839 720 0
721 3839 1
3839 721 0
722 3839 1
3839 722 0
723 3839 1
3839 723 0
724 3839 1
3839 724 0
725 3839 1
3839 725 0
726 3839 1
3839 726 0
727 3839 1
3839 727 0
728 3839 1
3839 728 0
729 3839 1
3839 729 0
730 3839 1
3839 730 0
731 3839 1
3839 731 0
732 3839 1
3839 732 0
733 3839 1
3839 733 0
734 3839 1
3839 734 0
735 3839 1
3839 735 0
736 3839 1
3839 736 0
737 3839 1
3839 737 0
738 3839 1
3839 738 0
739 3839 1
3839 739 0
740 3839 1
3839 740 0
741 3839 1
3839 741 0
742 3839 1
3839 742 0
743 3839 1
3839 743 0
744 3839 1
3839 744 0
745 3839 1
3839 745 0
746 3839 1
3839 746 0
747 3839 1
3839 747 0
748 3839 1
3839 748 0
749 3839 1
3839 749 0
750 3839 1
3839 750 0
751 3839 1
3839 751 0
752 3839 1
3839 752 0
753 3839 1
3839 753 0
754 3839 1
3839 754 0
755 3839 1
3839 755 0
756 3839 1
3839 756 0
757 3839 1
3839 757 0
758 3839 1
3839 758 0
759 3839 1
3839 759 0
760 3839 1
3839 760 0
761 3839 1
3839 761 0
762 3839 1
3839 762 0
763 3839 1
3839 763 0
764 3839 1
3839 764 0
765 3839 1
3839 765 0
766 3839 1
3839 766 0
767 3839 1
3839 767 0
768 3839 1
3839 768 0
769 3839 1
3839 769 0
770 3839 1
3839 770 0
771 3839 1
3839 771 0
772 3839 1
3839 772 0
773 3839 1
3839 773 0
774 3839 1
3839 774 0
775 3839 1
3839 775 0
776 3839 1
3839 776 0
777 3839 1
3839 777 0
778 3839 1
3839 778 0
779 3839 1
3839 779 0
780 3839 1
3839 780 0
781 3839 1
3839 781 0
782 3839 1
3839 782 0
783 3839 1
3839 783 0
784 3839 1
3839 784 0
785 3839 1
3839 785 0
786 3839 1
3839 786 0
787 3839 1
3839 787 0
788 3839 1
3839 788 0
789 3839 1
3839 789 0
790 3839 1
3839 790 0
791 3839 1
3839 791 0
792 3839 1
3839 792 0
793 3839 1
3839 793 0
794 3839 1
3839 794 0
795 3839 1
3839 795 0
796 3839 1
3839 796 0
797 3839 1
3839 797 0
798 3839 1
3839 798 0
799 3839 1
3839 799 0
800 3839 1
3839 800 0
801 3839 1
3839 801 0
802 3839 1
3839 802 0
803 3839 1
3839 803 0
804 3839 1
3839 804 0
805 3839 1
3839 805 0
806 3839 1
3839 806 0
807 3839 1
3839 807 0
808 3839 1
3839 808 0
809 3839 1
3839 809 0
810 3839 1
3839 810 0
811 3839 1
3839 811 0
812 3839 1
3839 812 0
813 3839 1
3839 813 0
814 3839 1
3839 814 0
815 3839 1
3839 815 0
816 3839 1
3839 816 0
817 3839 1
3839 817 0
818 3839 1
3839 818 0
819 3839 1
3839 819 0
820 3839 1
3839 820 0
821 3839 1
3839 821 0
822 3839 1
3839 822 0
823 3839 1
3839 823 0
824 3839 1
3839 824 0
825 3839 1
3839 825 0
826 3839 1
3839 826 0
827 3839 1
3839 827 0
828 3839 1
3839 828 0
829 3839 1
3839 829 0
830 3839 1
3839 830 0
831 3839 1
3839 831 0
832 3839 1
3839 832 0
833 3839 1
3839 833 0
834 3839 1
3839 834 0
835 3839 1
3839 835 0
836 3839 1
3839 836 0
837 3839 1
3839 837 0
838 3839 1
3839 838 0
839 3839 1
3839 839 0
840 3839 1
3839 840 0
841 3839 1
3839 841 0
842 3839 1
3839 842 0
843 3839 1
3839 843 0
844 3839 1
3839 844 0
845 3839 1
3839 845 0
846 3839 1
3839 846 0
847 3839 1
3839 847 0
848 3839 1
3839 848 0
849 3839 1
3839 849 0
850 3839 1
3839 850 0
851 3839 1
3839 851 0
852 3839 1
3839 852 0
853 3839 1
3839 853 0
854 3839 1
3839 854 0
855 3839 1
3839 855 0
856 3839 1
3839 856 0
857 3839 1
3839 857 0
858 3839 1
3839 858 0
859 3839 1
3839 859 0
860 3839 1
3839 860 0
861 3839 1
3839 861 0
862 3839 1
3839 862 0
863 3839 1
3839 863 0
864 3839 1
3839 864 0
865 3839 1
3839 865 0
866 3839 1
3839 866 0
867 3839 1
3839 867 0
868 3839 1
3839 868 0
869 3839 1
3839 869 0
870 3839 1
3839 870 0
871 3839 1
3839 871 0
872 3839 1
3839 872 0
873 3839 1
3839 873 0
874 3839 1
3839 874 0
875 3839 1
3839 875 0
876 3839 1
3839 876 0
877 3839 1
3839 877 0
878 3839 1
3839 878 0
879 3839 1
3839 879 0
880 3839 1
3839 880 0
881 3839 1
3839 881 0
882 3839 1
3839 882 0
883 3839 1
3839 883 0
884 3839 1
3839 884 0
885 3839 1
3839 885 0
886 3839 1
3839 886 0
887 3839 1
3839 887 0
888 3839 1
3839 888 0
889 3839 1
3839 889 0
890 3839 1
3839 890 0
891 3839 1
3839 891 0
892 3839 1
3839 892 0
893 3839 1
3839 893 0
894 3839 1
3839 894 0
895 3839 1
3839 895 0
896 3839 1
3839 896 0
897 3839 1
3839 897 0
898 3839 1
3839 898 0
899 3839 1
3839 899 0
900 3839 1
3839 900 0
901 3839 1
3839 901 0
902 3839 1
3839 902 0
903 3839 1
3839 903 0
904 3839 1
3839 904 0
905 3839 1
3839 905 0
906 3839 1
3839 906 0
907 3839 1
3839 907 0
908 3839 1
3839 908 0
909 3839 1
3839 909 0
910 3839 1
3839 910 0
911 3839 1
3839 911 0
912 3839 1
3839 912 0
913 3839 1
3839 913 0
914 3839 1
3839 914 0
915 3839 1
3839 915 0
916 3839 1
3839 916 0
917 3839 1
3839 917 0
918 3839 1
3839 918 0
919 3839 1
3839 919 0
920 3839 1
3839 920 0
921 3839 1
3839 921 0
922 3839 1
3839 922 0
923 3839 1
3839 923 0
924 3839 1
3839 924 0
925 3839 1
3839 925 0
926 3839 1
3839 926 0
927 3839 1
3839 927 0
928 3839 1
3839 928 0
929 3839 1
3839 929 0
930 3839 1
3839 930 0
931 3839 1
3839 931 0
932 3839 1
3839 932 0
933 3839 1
3839 933 0
934 3839 1
3839 934 0
935 3839 1
3839 935 0
936 3839 1
3839 936 0
937 3839 1
3839 937 0
938 3839 1
3839 938 0
939 3839 1
3839 939 0
940 3839 1
3839 940 0
941 3839 1
3839 941 0
942 3839 1
3839 942 0
943 3839 1
3839 943 0
944 3839 1
3839 944 0
945 3839 1
3839 945 0
946 3839 1
3839 946 0
947 3839 1
3839 947 0
948 3839 1
3839 948 0
949 3839 1
3839 949 0
950 3839 1
3839 950 0
951 3839 1
3839 951 0
952 3839 1
3839 952 0
953 3839 1
3839 953 0
954 3839 1
3839 954 0
955 3839 1
3839 955 0
956 3839 1
3839 956 0
957 3839 1
3839 957 0
958 3839 1
3839 958 0
959 3839 1
3839 959 0
960 3839 1
3839 960 0
961 3839 1
3839 961 0
962 3839 1
3839 962 0
963 3839 1
3839 963 0
964 3839 1
3839 964 0
965 3839 1
3839 965 0
966 3839 1
3839 966 0
967 3839 1
3839 967 0
968 3839 1
3839 968 0
969 3839 1
3839 969 0
970 3839 1
3839 970 0
971 3839 1
3839 971 0
972 3839 1
3839 972 0
973 3839 1
3839 973 0
974 3839 1
3839 974 0
975 3839 1
3839 975 0
976 3839 1
3839 976 0
977 3839 1
3839 977 0
978 3839 1
3839 978 0
979 3839 1
3839 979 0
980 3839 1
3839 980 0
981 3839 1
3839 981 0
982 3839 1
3839 982 0
983 3839 1
3839 983 0
984 3839 1
3839 984 0
985 3839 1
3839 985 0
986 3839 1
3839 986 0
987 3839 1
3839 987 0
988 3839 1
3839 988 0
989 3839 1
3839 989 0
990 3839 1
3839 990 0
991 3839 1
3839 991 0
992 3839 1
3839 992 0
993 3839 1
3839 993 0
994 3839 1
3839 994 0
995 3839 1
3839 995 0
996 3839 1
3839 996 0
997 3839 1
3839 997 0
998 3839 1
3839 998 0
999 3839 1
3839 999 0
1000 3839 1
3839 1000 0
1001 3839 1
3839 1001 0
1002 3839 1
3839 1002 0
1003 3839 1
3839 1003 0
1004 3839 1
3839 1004 0
1005 3839 1
3839 1005 0
1006 3839 1
3839 1006 0
1007 3839 1
3839 1007 0
1008 3839 1
3839 1008 0
1009 3839 1
3839 1009 0
1010 3839 1
3839 1010 0
1011 3839 1
3839 1011 0
1012 3839 1
3839 1012 0
1013 3839 1
3839 1013 0
1014 3839 1
3839 1014 0
1015 3839 1
3839 1015 0
1016 3839 1
3839 1016 0
1017 3839 1
3839 1017 0
1018 3839 1
3839 1018 0
1019 3839 1
3839 1019 0
1020 3839 1
3839 1020 0
1021 3839 1
3839 1021 0
1022 3839 1
3839 1022 0
1023 3839 1
3839 1023 0
1024 3839 1
3839 1024 0
1025 3839 1
3839 1025 0
1026 3839 1
3839 1026 0
1027 3839 1
3839 1027 0
1028 3839 1
3839 1028 0
1029 3839 1
3839 1029 0
1030 3839 1
3839 1030 0
1031 3839 1
3839 1031 0
1032 3839 1
3839 1032 0
1033 3839 1
3839 1033 0
1034 3839 1
3839 1034 0
1035 3839 1
3839 1035 0
1036 3839 1
3839 1036 0
1037 3839 1
3839 1037 0
1038 3839 1
3839 1038 0
1039 3839 1
3839 1039 0
1040 3839 1
3839 1040 0
1041 3839 1
3839 1041 0
1042 3839 1
3839 1042 0
1043 3839 1
3839 1043 0
1044 3839 1
3839 1044 0
1045 3839 1
3839 1045 0
1046 3839 1
3839 1046 0
1047 3839 1
3839 1047 0
1048 3839 1
3839 1048 0
1049 3839 1
3839 1049 0
1050 3839 1
3839 1050 0
1051 3839 1
3839 1051 0
1052 3839 1
3839 1052 0
1053 3839 1
3839 1053 0
1054 3839 1
3839 1054 0
1055 3839 1
3839 1055 0
1056 3839 1
3839 1056 0
1057 3839 1
3839 1057 0
1058 3839 1
3839 1058 0
1059 3839 1
3839 1059 0
1060 3839 1
3839 1060 0
1061 3839 1
3839 1061 0
1062 3839 1
3839 1062 0
1063 3839 1
3839 1063 0
1064 3839 1
3839 1064 0
1065 3839 1
3839 1065 0
1066 3839 1
3839 1066 0
1067 3839 1
3839 1067 0
1068 3839 1
3839 1068 0
1069 3839 1
3839 1069 0
1070 3839 1
3839 1070 0
1071 3839 1
3839 1071 0
1072 3839 1
3839 1072 0
1073 3839 1
3839 1073 0
1074 3839 1
3839 1074 0
1075 3839 1
3839 1075 0
1076 3839 1
3839 1076 0
1077 3839 1
3839 1077 0
1078 3839 1
3839 1078 0
1079 3839 1
3839 1079 0
1080 3839 1
3839 1080 0
1081 3839 1
3839 1081 0
1082 3839 1
3839 1082 0
1083 3839 1
3839 1083 0
1084 3839 1
3839 1084 0
1085 3839 1
3839 1085 0
1086 3839 1
3839 1086 0
1087 3839 1
3839 1087 0
1088 3839 1
3839 1088 0
1089 3839 1
3839 1089 0
1090 3839 1
3839 1090 0
1091 3839 1
3839 1091 0
1092 3839 1
3839 1092 0
1093 3839 1
3839 1093 0
1094 3839 1
3839 1094 0
1095 3839 1
3839 1095 0
1096 3839 1
3839 1096 0
1097 3839 1
3839 1097 0
1098 3839 1
3839 1098 0
1099 3839 1
3839 1099 0
1100 3839 1
3839 1100 0
1101 3839 1
3839 1101 0
1102 3839 1
3839 1102 0
1103 3839 1
3839 1103 0
1104 3839 1
3839 1104 0
1105 3839 1
3839 1105 0
1106 3839 1
3839 1106 0
1107 3839 1
3839 1107 0
1108 3839 1
3839 1108 0
1109 3839 1
3839 1109 0
1110 3839 1
3839 1110 0
1111 3839 1
3839 1111 0
1112 3839 1
3839 1112 0
1113 3839 1
3839 1113 0
1114 3839 1
3839 1114 0
1115 3839 1
3839 1115 0
1116 3839 1
3839 1116 0
1117 3839 1
3839 1117 0
1118 3839 1
3839 1118 0
1119 3839 1
3839 1119 0
1120 3839 1
3839 1120 0
1121 3839 1
3839 1121 0
1122 3839 1
3839 1122 0
1123 3839 1
3839 1123 0
1124 3839 1
3839 1124 0
1125 3839 1
3839 1125 0
1126 3839 1
3839 1126 0
1127 3839 1
3839 1127 0
1128 3839 1
3839 1128 0
1129 3839 1
3839 1129 0
1130 3839 1
3839 1130 0
1131 3839 1
3839 1131 0
1132 3839 1
3839 1132 0
1133 3839 1
3839 1133 0
1134 3839 1
3839 1134 0
1135 3839 1
3839 1135 0
1136 3839 1
3839 1136 0
1137 3839 1
3839 1137 0
1138 3839 1
3839 1138 0
1139 3839 1
3839 1139 0
1140 3839 1
3839 1140 0
1141 3839 1
3839 1141 0
1142 3839 1
3839 1142 0
1143 3839 1
3839 1143 0
1144 3839 1
3839 1144 0
1145 3839 1
3839 1145 0
1146 3839 1
3839 1146 0
1147 3839 1
3839 1147 0
1148 3839 1
3839 1148 0
1149 3839 1
3839 1149 0
1150 3839 1
3839 1150 0
1151 3839 1
3839 1151 0
1152 3839 1
3839 1152 0
1153 3839 1
3839 1153 0
1154 3839 1
3839 1154 0
1155 3839 1
3839 1155 0
1156 3839 1
3839 1156 0
1157 3839 1
3839 1157 0
1158 3839 1
3839 1158 0
1159 3839 1
3839 1159 0
1160 3839 1
3839 1160 0
1161 3839 1
3839 1161 0
1162 3839 1
3839 1162 0
1163 3839 1
3839 1163 0
1164 3839 1
3839 1164 0
1165 3839 1
3839 1165 0
1166 3839 1
3839 1166 0
1167 3839 1
3839 1167 0
1168 3839 1
3839 1168 0
1169 3839 1
3839 1169 0
1170 3839 1
3839 1170 0
1171 3839 1
3839 1171 0
1172 3839 1
3839 1172 0
1173 3839 1
3839 1173 0
1174 3839 1
3839 1174 0
1175 3839 1
3839 1175 0
1176 3839 1
3839 1176 0
1177 3839 1
3839 1177 0
1178 3839 1
3839 1178 0
1179 3839 1
3839 1179 0
1180 3839 1
3839 1180 0
1181 3839 1
3839 1181 0
1182 3839 1
3839 1182 0
1183 3839 1
3839 1183 0
1184 3839 1
3839 1184 0
1185 3839 1
3839 1185 0
1186 3839 1
3839 1186 0
1187 3839 1
3839 1187 0
1188 3839 1
3839 1188 0
1189 3839 1
3839 1189 0
1190 3839 1
3839 1190 0
1191 3839 1
3839 1191 0
1192 3839 1
3839 1192 0
1193 3839 1
3839 1193 0
1194 3839 1
3839 1194 0
1195 3839 1
3839 1195 0
1196 3839 1
3839 1196 0
1197 3839 1
3839 1197 0
1198 3839 1
3839 1198 0
1199 3839 1
3839 1199 0
1200 3839 1
3839 1200 0
1201 3839 1
3839 1201 0
1202 3839 1
3839 1202 0
1203 3839 1
3839 1203 0
1204 3839 1
3839 1204 0
1205 3839 1
3839 1205 0
1206 3839 1
3839 1206 0
1207 3839 1
3839 1207 0
1208 3839 1
3839 1208 0
1209 3839 1
3839 1209 0
1210 3839 1
3839 1210 0
1211 3839 1
3839 1211 0
1212 3839 1
3839 1212 0
1213 3839 1
3839 1213 0
1214 3839 1
3839 1214 0
1215 3839 1
3839 1215 0
1216 3839 1
3839 1216 0
1217 3839 1
3839 1217 0
1218 3839 1
3839 1218 0
1219 3839 1
3839 1219 0
1220 3839 1
3839 1220 0
1221 3839 1
3839 1221 0
1222 3839 1
3839 1222 0
1223 3839 1
3839 1223 0
1224 3839 1
3839 1224 0
1225 3839 1
3839 1225 0
1226 3839 1
3839 1226 0
1227 3839 1
3839 1227 0
1228 3839 1
3839 1228 0
1229 3839 1
3839 1229 0
1230 3839 1
3839 1230 0
1231 3839 1
3839 1231 0
1232 3839 1
3839 1232 0
1233 3839 1
3839 1233 0
1234 3839 1
3839 1234 0
1235 3839 1
3839 1235 0
1236 3839 1
3839 1236 0
1237 3839 1
3839 1237 0
1238 3839 1
3839 1238 0
1239 3839 1
3839 1239 0
1240 3839 1
3839 1240 0
1241 3839 1
3839 1241 0
1242 3839 1
3839 1242 0
1243 3839 1
3839 1243 0
1244 3839 1
3839 1244 0
1245 3839 1
3839 1245 0
1246 3839 1
3839 1246 0
1247 3839 1
3839 1247 0
1248 3839 1
3839 1248 0
1249 3839 1
3839 1249 0
1250 3839 1
3839 1250 0
1251 3839 1
3839 1251 0
1252 3839 1
3839 1252 0
1253 3839 1
3839 1253 0
1254 3839 1
3839 1254 0
1255 3839 1
3839 1255 0
1256 3839 1
3839 1256 0
1257 3839 1
3839 1257 0
1258 3839 1
3839 1258 0
1259 3839 1
3839 1259 0
1260 3839 1
3839 1260 0
1261 3839 1
3839 1261 0
1262 3839 1
3839 1262 0
1263 3839 1
3839 1263 0
1264 3839 1
3839 1264 0
1265 3839 1
3839 1265 0
1266 3839 1
3839 1266 0
1267 3839 1
3839 1267 0
1268 3839 1
3839 1268 0
1269 3839 1
3839 1269 0
1270 3839 1
3839 1270 0
1271 3839 1
3839 1271 0
1272 3839 1
3839 1272 0
1273 3839 1
3839 1273 0
1274 3839 1
3839 1274 0
1275 3839 1
3839 1275 0
1276 3839 1
3839 1276 0
1277 3839 1
3839 1277 0
1278 3839 1
3839 1278 0
1279 3839 1
3839 1279 0
1280 3839 1
3839 1280 0
1281 3839 1
3839 1281 0
1282 3839 1
3839 1282 0
1283 3839 1
3839 1283 0
1284 3839 1
3839 1284 0
1285 3839 1
3839 1285 0
1286 3839 1
3839 1286 0
1287 3839 1
3839 1287 0
1288 3839 1
3839 1288 0
1289 3839 1
3839 1289 0
1290 3839 1
3839 1290 0
1291 3839 1
3839 1291 0
1292 3839 1
3839 1292 0
1293 3839 1
3839 1293 0
1294 3839 1
3839 1294 0
1295 3839 1
3839 1295 0
1296 3839 1
3839 1296 0
1297 3839 1
3839 1297 0
1298 3839 1
3839 1298 0
1299 3839 1
3839 1299 0
1300 3839 1
3839 1300 0
1301 3839 1
3839 1301 0
1302 3839 1
3839 1302 0
1303 3839 1
3839 1303 0
1304 3839 1
3839 1304 0
1305 3839 1
3839 1305 0
1306 3839 1
3839 1306 0
1307 3839 1
3839 1307 0
1308 3839 1
3839 1308 0
1309 3839 1
3839 1309 0
1310 3839 1
3839 1310 0
1311 3839 1
3839 1311 0
1312 3839 1
3839 1312 0
1313 3839 1
3839 1313 0
1314 3839 1
3839 1314 0
1315 3839 1
3839 1315 0
1316 3839 1
3839 1316 0
1317 3839 1
3839 1317 0
1318 3839 1
3839 1318 0
1319 3839 1
3839 1319 0
1320 3839 1
3839 1320 0
1321 3839 1
3839 1321 0
1322 3839 1
3839 1322 0
1323 3839 1
3839 1323 0
1324 3839 1
3839 1324 0
1325 3839 1
3839 1325 0
1326 3839 1
3839 1326 0
1327 3839 1
3839 1327 0
1328 3839 1
3839 1328 0
1329 3839 1
3839 1329 0
1330 3839 1
3839 1330 0
1331 3839 1
3839 1331 0
1332 3839 1
3839 1332 0
1333 3839 1
3839 1333 0
1334 3839 1
3839 1334 0
1335 3839 1
3839 1335 0
1336 3839 1
3839 1336 0
1337 3839 1
3839 1337 0
1338 3839 1
3839 1338 0
1339 3839 1
3839 1339 0
1340 3839 1
3839 1340 0
1341 3839 1
3839 1341 0
1342 3839 1
3839 1342 0
1343 3839 1
3839 1343 0
1344 3839 1
3839 1344 0
1345 3839 1
3839 1345 0
1346 3839 1
3839 1346 0
1347 3839 1
3839 1347 0
1348 3839 1
3839 1348 0
1349 3839 1
3839 1349 0
1350 3839 1
3839 1350 0
1351 3839 1
3839 1351 0
1352 3839 1
3839 1352 0
1353 3839 1
3839 1353 0
1354 3839 1
3839 1354 0
1355 3839 1
3839 1355 0
1356 3839 1
3839 1356 0
1357 3839 1
3839 1357 0
1358 3839 1
3839 1358 0
1359 3839 1
3839 1359 0
1360 3839 1
3839 1360 0
1361 3839 1
3839 1361 0
1362 3839 1
3839 1362 0
1363 3839 1
3839 1363 0
1364 3839 1
3839 1364 0
1365 3839 1
3839 1365 0
1366 3839 1
3839 1366 0
1367 3839 1
3839 1367 0
1368 3839 1
3839 1368 0
1369 3839 1
3839 1369 0
1370 3839 1
3839 1370 0
1371 3839 1
3839 1371 0
1372 3839 1
3839 1372 0
1373 3839 1
3839 1373 0
1374 3839 1
3839 1374 0
1375 3839 1
3839 1375 0
1376 3839 1
3839 1376 0
1377 3839 1
3839 1377 0
1378 3839 1
3839 1378 0
1379 3839 1
3839 1379 0
1380 3839 1
3839 1380 0
1381 3839 1
3839 1381 0
1382 3839 1
3839 1382 0
1383 3839 1
3839 1383 0
1384 3839 1
3839 1384 0
1385 3839 1
3839 1385 0
1386 3839 1
3839 1386 0
1387 3839 1
3839 1387 0
1388 3839 1
3839 1388 0
1389 3839 1
3839 1389 0
1390 3839 1
3839 1390 0
1391 3839 1
3839 1391 0
1392 3839 1
3839 1392 0
1393 3839 1
3839 1393 0
1394 3839 1
3839 1394 0
1395 3839 1
3839 1395 0
1396 3839 1
3839 1396 0
1397 3839 1
3839 1397 0
1398 3839 1
3839 1398 0
1399 3839 1
3839 1399 0
1400 3839 1
3839 1400 0
1401 3839 1
3839 1401 0
1402 3839 1
3839 1402 0
1403 3839 1
3839 1403 0
1404 3839 1
3839 1404 0
1405 3839 1
3839 1405 0
1406 3839 1
3839 1406 0
1407 3839 1
3839 1407 0
1408 3839 1
3839 1408 0
1409 3839 1
3839 1409 0
1410 3839 1
3839 1410 0
1411 3839 1
3839 1411 0
1412 3839 1
3839 1412 0
1413 3839 1
3839 1413 0
1414 3839 1
3839 1414 0
1415 3839 1
3839 1415 0
1416 3839 1
3839 1416 0
1417 3839 1
3839 1417 0
1418 3839 1
3839 1418 0
1419 3839 1
3839 1419 0
1420 3839 1
3839 1420 0
1421 3839 1
3839 1421 0
1422 3839 1
3839 1422 0
1423 3839 1
3839 1423 0
1424 3839 1
3839 1424 0
1425 3839 1
3839 1425 0
1426 3839 1
3839 1426 0
1427 3839 1
3839 1427 0
1428 3839 1
3839 1428 0
1429 3839 1
3839 1429 0
1430 3839 1
3839 1430 0
1431 3839 1
3839 1431 0
1432 3839 1
3839 1432 0
1433 3839 1
3839 1433 0
1434 3839 1
3839 1434 0
1435 3839 1
3839 1435 0
1436 3839 1
3839 1436 0
1437 3839 1
3839 1437 0
1438 3839 1
3839 1438 0
1439 3839 1
3839 1439 0
1440 3839 1
3839 1440 0
1441 3839 1
3839 1441 0
1442 3839 1
3839 1442 0
1443 3839 1
3839 1443 0
1444 3839 1
3839 1444 0
1445 3839 1
3839 1445 0
1446 3839 1
3839 1446 0
1447 3839 1
3839 1447 0
1448 3839 1
3839 1448 0
1449 3839 1
3839 1449 0
1450 3839 1
3839 1450 0
1451 3839 1
3839 1451 0
1452 3839 1
3839 1452 0
1453 3839 1
3839 1453 0
1454 3839 1
3839 1454 0
1455 3839 1
3839 1455 0
1456 3839 1
3839 1456 0
1457 3839 1
3839 1457 0
1458 3839 1
3839 1458 0
1459 3839 1
3839 1459 0
1460 3839 1
3839 1460 0
1461 3839 1
3839 1461 0
1462 3839 1
3839 1462 0
1463 3839 1
3839 1463 0
1464 3839 1
3839 1464 0
1465 3839 1
3839 1465 0
1466 3839 1
3839 1466 0
1467 3839 1
3839 1467 0
1468 3839 1
3839 1468 0
1469 3839 1
3839 1469 0
1470 3839 1
3839 1470 0
1471 3839 1
3839 1471 0
1472 3839 1
3839 1472 0
1473 3839 1
3839 1473 0
1474 3839 1
3839 1474 0
1475 3839 1
3839 1475 0
1476 3839 1
3839 1476 0
1477 3839 1
3839 1477 0
1478 3839 1
3839 1478 0
1479 3839 1
3839 1479 0
1480 3839 1
3839 1480 0
1481 3839 1
3839 1481 0
1482 3839 1
3839 1482 0
1483 3839 1
3839 1483 0
1484 3839 1
3839 1484 0
1485 3839 1
3839 1485 0
1486 3839 1
3839 1486 0
1487 3839 1
3839 1487 0
1488 3839 1
3839 1488 0
1489 3839 1
3839 1489 0
1490 3839 1
3839 1490 0
1491 3839 1
3839 1491 0
1492 3839 1
3839 1492 0
1493 3839 1
3839 1493 0
1494 3839 1
3839 1494 0
1495 3839 1
3839 1495 0
1496 3839 1
3839 1496 0
1497 3839 1
3839 1497 0
1498 3839 1
3839 1498 0
1499 3839 1
3839 1499 0
1500 3839 1
3839 1500 0
1501 3839 1
3839 1501 0
1502 3839 1
3839 1502 0
1503 3839 1
3839 1503 0
1504 3839 1
3839 1504 0
1505 3839 1
3839 1505 0
1506 3839 1
3839 1506 0
1507 3839 1
3839 1507 0
1508 3839 1
3839 1508 0
1509 3839 1
3839 1509 0
1510 3839 1
3839 1510 0
1511 3839 1
3839 1511 0
1512 3839 1
3839 1512 0
1513 3839 1
3839 1513 0
1514 3839 1
3839 1514 0
1515 3839 1
3839 1515 0
1516 3839 1
3839 1516 0
1517 3839 1
3839 1517 0
1518 3839 1
3839 1518 0
1519 3839 1
3839 1519 0
1520 3839 1
3839 1520 0
1521 3839 1
3839 1521 0
1522 3839 1
3839 1522 0
1523 3839 1
3839 1523 0
1524 3839 1
3839 1524 0
1525 3839 1
3839 1525 0
1526 3839 1
3839 1526 0
1527 3839 1
3839 1527 0
1528 3839 1
3839 1528 0
1529 3839 1
3839 1529 0
1530 3839 1
3839 1530 0
1531 3839 1
3839 1531 0
1532 3839 1
3839 1532 0
1533 3839 1
3839 1533 0
1534 3839 1
3839 1534 0
1535 3839 1
3839 1535 0
1536 3839 1
3839 1536 0
1537 3839 1
3839 1537 0
1538 3839 1
3839 1538 0
1539 3839 1
3839 1539 0
1540 3839 1
3839 1540 0
1541 3839 1
3839 1541 0
1542 3839 1
3839 1542 0
1543 3839 1
3839 1543 0
1544 3839 1
3839 1544 0
1545 3839 1
3839 1545 0
1546 3839 1
3839 1546 0
1547 3839 1
3839 1547 0
1548 3839 1
3839 1548 0
1549 3839 1
3839 1549 0
1550 3839 1
3839 1550 0
1551 3839 1
3839 1551 0
1552 3839 1
3839 1552 0
1553 3839 1
3839 1553 0
1554 3839 1
3839 1554 0
1555 3839 1
3839 1555 0
1556 3839 1
3839 1556 0
1557 3839 1
3839 1557 0
1558 3839 1
3839 1558 0
1559 3839 1
3839 1559 0
1560 3839 1
3839 1560 0
1561 3839 1
3839 1561 0
1562 3839 1
3839 1562 0
1563 3839 1
3839 1563 0
1564 3839 1
3839 1564 0
1565 3839 1
3839 1565 0
1566 3839 1
3839 1566 0
1567 3839 1
3839 1567 0
1568 3839 1
3839 1568 0
1569 3839 1
3839 1569 0
1570 3839 1
3839 1570 0
1571 3839 1
3839 1571 0
1572 3839 1
3839 1572 0
1573 3839 1
3839 1573 0
1574 3839 1
3839 1574 0
1575 3839 1
3839 1575 0
1576 3839 1
3839 1576 0
1577 3839 1
3839 1577 0
1578 3839 1
3839 1578 0
1579 3839 1
3839 1579 0
1580 3839 1
3839 1580 0
1581 3839 1
3839 1581 0
1582 3839 1
3839 1582 0
1583 3839 1
3839 1583 0
1584 3839 1
3839 1584 0
1585 3839 1
3839 1585 0
1586 3839 1
3839 1586 0
1587 3839 1
3839 1587 0
1588 3839 1
3839 1588 0
1589 3839 1
3839 1589 0
1590 3839 1
3839 1590 0
1591 3839 1
3839 1591 0
1592 3839 1
3839 1592 0
1593 3839 1
3839 1593 0
1594 3839 1
3839 1594 0
1595 3839 1
3839 1595 0
1596 3839 1
3839 1596 0
1597 3839 1
3839 1597 0
1598 3839 1
3839 1598 0
1599 3839 1
3839 1599 0
1600 3839 1
3839 1600 0
1601 3839 1
3839 1601 0
1602 3839 1
3839 1602 0
1603 3839 1
3839 1603 0
1604 3839 1
3839 1604 0
1605 3839 1
3839 1605 0
1606 3839 1
3839 1606 0
1607 3839 1
3839 1607 0
1608 3839 1
3839 1608 0
1609 3839 1
3839 1609 0
1610 3839 1
3839 1610 0
1611 3839 1
3839 1611 0
1612 3839 1
3839 1612 0
1613 3839 1
3839 1613 0
1614 3839 1
3839 1614 0
1615 3839 1
3839 1615 0
1616 3839 1
3839 1616 0
1617 3839 1
3839 1617 0
1618 3839 1
3839 1618 0
1619 3839 1
3839 1619 0
1620 3839 1
3839 1620 0
1621 3839 1
3839 1621 0
1622 3839 1
3839 1622 0
1623 3839 1
3839 1623 0
1624 3839 1
3839 1624 0
1625 3839 1
3839 1625 0
1626 3839 1
3839 1626 0
1627 3839 1
3839 1627 0
1628 3839 1
3839 1628 0
1629 3839 1
3839 1629 0
1630 3839 1
3839 1630 0
1631 3839 1
3839 1631 0
1632 3839 1
3839 1632 0
1633 3839 1
3839 1633 0
1634 3839 1
3839 1634 0
1635 3839 1
3839 1635 0
1636 3839 1
3839 1636 0
1637 3839 1
3839 1637 0
1638 3839 1
3839 1638 0
1639 3839 1
3839 1639 0
1640 3839 1
3839 1640 0
1641 3839 1
3839 1641 0
1642 3839 1
3839 1642 0
1643 3839 1
3839 1643 0
1644 3839 1
3839 1644 0
1645 3839 1
3839 1645 0
1646 3839 1
3839 1646 0
1647 3839 1
3839 1647 0
1648 3839 1
3839 1648 0
1649 3839 1
3839 1649 0
1650 3839 1
3839 1650 0
1651 3839 1
3839 1651 0
1652 3839 1
3839 1652 0
1653 3839 1
3839 1653 0
1654 3839 1
3839 1654 0
1655 3839 1
3839 1655 0
1656 3839 1
3839 1656 0
1657 3839 1
3839 1657 0
1658 3839 1
3839 1658 0
1659 3839 1
3839 1659 0
1660 3839 1
3839 1660 0
1661 3839 1
3839 1661 0
1662 3839 1
3839 1662 0
1663 3839 1
3839 1663 0
1664 3839 1
3839 1664 0
1665 3839 1
3839 1665 0
1666 3839 1
3839 1666 0
1667 3839 1
3839 1667 0
1668 3839 1
3839 1668 0
1669 3839 1
3839 1669 0
1670 3839 1
3839 1670 0
1671 3839 1
3839 1671 0
1672 3839 1
3839 1672 0
1673 3839 1
3839 1673 0
1674 3839 1
3839 1674 0
1675 3839 1
3839 1675 0
1676 3839 1
3839 1676 0
1677 3839 1
3839 1677 0
1678 3839 1
3839 1678 0
1679 3839 1
3839 1679 0
1680 3839 1
3839 1680 0
1681 3839 1
3839 1681 0
1682 3839 1
3839 1682 0
1683 3839 1
3839 1683 0
1684 3839 1
3839 1684 0
1685 3839 1
3839 1685 0
1686 3839 1
3839 1686 0
1687 3839 1
3839 1687 0
1688 3839 1
3839 1688 0
1689 3839 1
3839 1689 0
1690 3839 1
3839 1690 0
1691 3839 1
3839 1691 0
1692 3839 1
3839 1692 0
1693 3839 1
3839 1693 0
1694 3839 1
3839 1694 0
1695 3839 1
3839 1695 0
1696 3839 1
3839 1696 0
1697 3839 1
3839 1697 0
1698 3839 1
3839 1698 0
1699 3839 1
3839 1699 0
1700 3839 1
3839 1700 0
1701 3839 1
3839 1701 0
1702 3839 1
3839 1702 0
1703 3839 1
3839 1703 0
1704 3839 1
3839 1704 0
1705 3839 1
3839 1705 0
1706 3839 1
3839 1706 0
1707 3839 1
3839 1707 0
1708 3839 1
3839 1708 0
1709 3839 1
3839 1709 0
1710 3839 1
3839 1710 0
1711 3839 1
3839 1711 0
1712 3839 1
3839 1712 0
1713 3839 1
3839 1713 0
1714 3839 1
3839 1714 0
1715 3839 1
3839 1715 0
1716 3839 1
3839 1716 0
1717 3839 1
3839 1717 0
1718 3839 1
3839 1718 0
1719 3839 1
3839 1719 0
1720 3839 1
3839 1720 0
1721 3839 1
3839 1721 0
1722 3839 1
3839 1722 0
1723 3839 1
3839 1723 0
1724 3839 1
3839 1724 0
1725 3839 1
3839 1725 0
1726 3839 1
3839 1726 0
1727 3839 1
3839 1727 0
1728 3839 1
3839 1728 0
1729 3839 1
3839 1729 0
1730 3839 1
3839 1730 0
1731 3839 1
3839 1731 0
1732 3839 1
3839 1732 0
1733 3839 1
3839 1733 0
1734 3839 1
3839 1734 0
1735 3839 1
3839 1735 0
1736 3839 1
3839 1736 0
1737 3839 1
3839 1737 0
1738 3839 1
3839 1738 0
1739 3839 1
3839 1739 0
1740 3839 1
3839 1740 0
1741 3839 1
3839 1741 0
1742 3839 1
3839 1742 0
1743 3839 1
3839 1743 0
1744 3839 1
3839 1744 0
1745 3839 1
3839 1745 0
1746 3839 1
3839 1746 0
1747 3839 1
3839 1747 0
1748 3839 1
3839 1748 0
1749 3839 1
3839 1749 0
1750 3839 1
3839 1750 0
1751 3839 1
3839 1751 0
1752 3839 1
3839 1752 0
1753 3839 1
3839 1753 0
1754 3839 1
3839 1754 0
1755 3839 1
3839 1755 0
1756 3839 1
3839 1756 0
1757 3839 1
3839 1757 0
1758 3839 1
3839 1758 0
1759 3839 1
3839 1759 0
1760 3839 1
3839 1760 0
1761 3839 1
3839 1761 0
1762 3839 1
3839 1762 0
1763 3839 1
3839 1763 0
1764 3839 1
3839 1764 0
1765 3839 1
3839 1765 0
1766 3839 1
3839 1766 0
1767 3839 1
3839 1767 0
1768 3839 1
3839 1768 0
1769 3839 1
3839 1769 0
1770 3839 1
3839 1770 0
1771 3839 1
3839 1771 0
1772 3839 1
3839 1772 0
1773 3839 1
3839 1773 0
1774 3839 1
3839 1774 0
1775 3839 1
3839 1775 0
1776 3839 1
3839 1776 0
1777 3839 1
3839 1777 0
1778 3839 1
3839 1778 0
1779 3839 1
3839 1779 0
1780 3839 1
3839 1780 0
1781 3839 1
3839 1781 0
1782 3839 1
3839 1782 0
1783 3839 1
3839 1783 0
1784 3839 1
3839 1784 0
1785 3839 1
3839 1785 0
1786 3839 1
3839 1786 0
1787 3839 1
3839 1787 0
1788 3839 1
3839 1788 0
1789 3839 1
3839 1789 0
1790 3839 1
3839 1790 0
1791 3839 1
3839 1791 0
1792 3839 1
3839 1792 0
1793 3839 1
3839 1793 0
1794 3839 1
3839 1794 0
1795 3839 1
3839 1795 0
1796 3839 1
3839 1796 0
1797 3839 1
3839 1797 0
1798 3839 1
3839 1798 0
1799 3839 1
3839 1799 0
1800 3839 1
3839 1800 0
1801 3839 1
3839 1801 0
1802 3839 1
3839 1802 0
1803 3839 1
3839 1803 0
1804 3839 1
3839 1804 0
1805 3839 1
3839 1805 0
1806 3839 1
3839 1806 0
1807 3839 1
3839 1807 0
1808 3839 1
3839 1808 0
1809 3839 1
3839 1809 0
1810 3839 1
3839 1810 0
1811 3839 1
3839 1811 0
1812 3839 1
3839 1812 0
1813 3839 1
3839 1813 0
1814 3839 1
3839 1814 0
1815 3839 1
3839 1815 0
1816 3839 1
3839 1816 0
1817 3839 1
3839 1817 0
1818 3839 1
3839 1818 0
1819 3839 1
3839 1819 0
1820 3839 1
3839 1820 0
1821 3839 1
3839 1821 0
1822 3839 1
3839 1822 0
1823 3839 1
3839 1823 0
1824 3839 1
3839 1824 0
1825 3839 1
3839 1825 0
1826 3839 1
3839 1826 0
1827 3839 1
3839 1827 0
1828 3839 1
3839 1828 0
1829 3839 1
3839 1829 0
1830 3839 1
3839 1830 0
1831 3839 1
3839 1831 0
1832 3839 1
3839 1832 0
1833 3839 1
3839 1833 0
1834 3839 1
3839 1834 0
1835 3839 1
3839 1835 0
1836 3839 1
3839 1836 0
1837 3839 1
3839 1837 0
1838 3839 1
3839 1838 0
1839 3839 1
3839 1839 0
1840 3839 1
3839 1840 0
1841 3839 1
3839 1841 0
1842 3839 1
3839 1842 0
1843 3839 1
3839 1843 0
1844 3839 1
3839 1844 0
1845 3839 1
3839 1845 0
1846 3839 1
3839 1846 0
1847 3839 1
3839 1847 0
1848 3839 1
3839 1848 0
1849 3839 1
3839 1849 0
1850 3839 1
3839 1850 0
1851 3839 1
3839 1851 0
1852 3839 1
3839 1852 0
1853 3839 1
3839 1853 0
1854 3839 1
3839 1854 0
1855 3839 1
3839 1855 0
1856 3839 1
3839 1856 0
1857 3839 1
3839 1857 0
1858 3839 1
3839 1858 0
1859 3839 1
3839 1859 0
1860 3839 1
3839 1860 0
1861 3839 1
3839 1861 0
1862 3839 1
3839 1862 0
1863 3839 1
3839 1863 0
1864 3839 1
3839 1864 0
1865 3839 1
3839 1865 0
1866 3839 1
3839 1866 0
1867 3839 1
3839 1867 0
1868 3839 1
3839 1868 0
1869 3839 1
3839 1869 0
1870 3839 1
3839 1870 0
1871 3839 1
3839 1871 0
1872 3839 1
3839 1872 0
1873 3839 1
3839 1873 0
1874 3839 1
3839 1874 0
1875 3839 1
3839 1875 0
1876 3839 1
3839 1876 0
1877 3839 1
3839 1877 0
1878 3839 1
3839 1878 0
1879 3839 1
3839 1879 0
1880 3839 1
3839 1880 0
1881 3839 1
3839 1881 0
1882 3839 1
3839 1882 0
1883 3839 1
3839 1883 0
1884 3839 1
3839 1884 0
1885 3839 1
3839 1885 0
1886 3839 1
3839 1886 0
1887 3839 1
3839 1887 0
1888 3839 1
3839 1888 0
1889 3839 1
3839 1889 0
1890 3839 1
3839 1890 0
1891 3839 1
3839 1891 0
1892 3839 1
3839 1892 0
1893 3839 1
3839 1893 0
1894 3839 1
3839 1894 0
1895 3839 1
3839 1895 0
1896 3839 1
3839 1896 0
1897 3839 1
3839 1897 0
1898 3839 1
3839 1898 0
1899 3839 1
3839 1899 0
1900 3839 1
3839 1900 0
1901 3839 1
3839 1901 0
1902 3839 1
3839 1902 0
1903 3839 1
3839 1903 0
1904 3839 1
3839 1904 0
1905 3839 1
3839 1905 0
1906 3839 1
3839 1906 0
1907 3839 1
3839 1907 0
1908 3839 1
3839 1908 0
1909 3839 1
3839 1909 0
1910 3839 1
3839 1910 0
1911 3839 1
3839 1911 0
1912 3839 1
3839 1912 0
1913 3839 1
3839 1913 0
1914 3839 1
3839 1914 0
1915 3839 1
3839 1915 0
1916 3839 1
3839 1916 0
1917 3839 1
3839 1917 0
1918 3839 1
3839 1918 0
1919 3839 1
3839 1919 0
1920 3839 1
3839 1920 0
1921 3839 1
3839 1921 0
1922 3839 1
3839 1922 0
1923 3839 1
3839 1923 0
1924 3839 1
3839 1924 0
1925 3839 1
3839 1925 0
1926 3839 1
3839 1926 0
1927 3839 1
3839 1927 0
1928 3839 1
3839 1928 0
1929 3839 1
3839 1929 0
1930 3839 1
3839 1930 0
1931 3839 1
3839 1931 0
1932 3839 1
3839 1932 0
1933 3839 1
3839 1933 0
1934 3839 1
3839 1934 0
1935 3839 1
3839 1935 0
1936 3839 1
3839 1936 0
1937 3839 1
3839 1937 0
1938 3839 1
3839 1938 0
1939 3839 1
3839 1939 0
1940 3839 1
3839 1940 0
1941 3839 1
3839 1941 0
1942 3839 1
3839 1942 0
1943 3839 1
3839 1943 0
1944 3839 1
3839 1944 0
1945 3839 1
3839 1945 0
1946 3839 1
3839 1946 0
1947 3839 1
3839 1947 0
1948 3839 1
3839 1948 0
1949 3839 1
3839 1949 0
1950 3839 1
3839 1950 0
1951 3839 1
3839 1951 0
1952 3839 1
3839 1952 0
1953 3839 1
3839 1953 0
1954 3839 1
3839 1954 0
1955 3839 1
3839 1955 0
1956 3839 1
3839 1956 0
1957 3839 1
3839 1957 0
1958 3839 1
3839 1958 0
1959 3839 1
3839 1959 0
1960 3839 1
3839 1960 0
1961 3839 1
3839 1961 0
1962 3839 1
3839 1962 0
1963 3839 1
3839 1963 0
1964 3839 1
3839 1964 0
1965 3839 1
3839 1965 0
1966 3839 1
3839 1966 0
1967 3839 1
3839 1967 0
1968 3839 1
3839 1968 0
1969 3839 1
3839 1969 0
1970 3839 1
3839 1970 0
1971 3839 1
3839 1971 0
1972 3839 1
3839 1972 0
1973 3839 1
3839 1973 0
1974 3839 1
3839 1974 0
1975 3839 1
3839 1975 0
1976 3839 1
3839 1976 0
1977 3839 1
3839 1977 0
1978 3839 1
3839 1978 0
1979 3839 1
3839 1979 0
1980 3839 1
3839 1980 0
1981 3839 1
3839 1981 0
1982 3839 1
3839 1982 0
1983 3839 1
3839 1983 0
1984 3839 1
3839 1984 0
1985 3839 1
3839 1985 0
1986 3839 1
3839 1986 0
1987 3839 1
3839 1987 0
1988 3839 1
3839 1988 0
1989 3839 1
3839 1989 0
1990 3839 1
3839 1990 0
1991 3839 1
3839 1991 0
1992 3839 1
3839 1992 0
1993 3839 1
3839 1993 0
1994 3839 1
3839 1994 0
1995 3839 1
3839 1995 0
1996 3839 1
3839 1996 0
1997 3839 1
3839 1997 0
1998 3839 1
3839 1998 0
1999 3839 1
3839 1999 0
2000 3839 1
3839 2000 0
2001 3839 1
3839 2001 0
2002 3839 1
3839 2002 0
2003 3839 1
3839 2003 0
2004 3839 1
3839 2004 0
2005 3839 1
3839 2005 0
2006 3839 1
3839 2006 0
2007 3839 1
3839 2007 0
2008 3839 1
3839 2008 0
2009 3839 1
3839 2009 0
2010 3839 1
3839 2010 0
2011 3839 1
3839 2011 0
2012 3839 1
3839 2012 0
2013 3839 1
3839 2013 0
2014 3839 1
3839 2014 0
2015 3839 1
3839 2015 0
2016 3839 1
3839 2016 0
2017 3839 1
3839 2017 0
2018 3839 1
3839 2018 0
2019 3839 1
3839 2019 0
2020 3839 1
3839 2020 0
2021 3839 1
3839 2021 0
2022 3839 1
3839 2022 0
2023 3839 1
3839 2023 0
2024 3839 1
3839 2024 0
2025 3839 1
3839 2025 0
2026 3839 1
3839 2026 0
2027 3839 1
3839 2027 0
2028 3839 1
3839 2028 0
2029 3839 1
3839 2029 0
2030 3839 1
3839 2030 0
2031 3839 1
3839 2031 0
2032 3839 1
3839 2032 0
2033 3839 1
3839 2033 0
2034 3839 1
3839 2034 0
2035 3839 1
3839 2035 0
2036 3839 1
3839 2036 0
2037 3839 1
3839 2037 0
2038 3839 1
3839 2038 0
2039 3839 1
3839 2039 0
2040 3839 1
3839 2040 0
2041 3839 1
3839 2041 0
2042 3839 1
3839 2042 0
2043 3839 1
3839 2043 0
2044 3839 1
3839 2044 0
2045 3839 1
3839 2045 0
2046 3839 1
3839 2046 0
2047 3839 1
3839 2047 0
2048 3839 1
3839 2048 0
2049 3839 1
3839 2049 0
2050 3839 1
3839 2050 0
2051 3839 1
3839 2051 0
2052 3839 1
3839 2052 0
2053 3839 1
3839 2053 0
2054 3839 1
3839 2054 0
2055 3839 1
3839 2055 0
2056 3839 1
3839 2056 0
2057 3839 1
3839 2057 0
2058 3839 1
3839 2058 0
2059 3839 1
3839 2059 0
2060 3839 1
3839 2060 0
2061 3839 1
3839 2061 0
2062 3839 1
3839 2062 0
2063 3839 1
3839 2063 0
2064 3839 1
3839 2064 0
2065 3839 1
3839 2065 0
2066 3839 1
3839 2066 0
2067 3839 1
3839 2067 0
2068 3839 1
3839 2068 0
2069 3839 1
3839 2069 0
2070 3839 1
3839 2070 0
2071 3839 1
3839 2071 0
2072 3839 1
3839 2072 0
2073 3839 1
3839 2073 0
2074 3839 1
3839 2074 0
2075 3839 1
3839 2075 0
2076 3839 1
3839 2076 0
2077 3839 1
3839 2077 0
2078 3839 1
3839 2078 0
2079 3839 1
3839 2079 0
2080 3839 1
3839 2080 0
2081 3839 1
3839 2081 0
2082 3839 1
3839 2082 0
2083 3839 1
3839 2083 0
2084 3839 1
3839 2084 0
2085 3839 1
3839 2085 0
2086 3839 1
3839 2086 0
2087 3839 1
3839 2087 0
2088 3839 1
3839 2088 0
2089 3839 1
3839 2089 0
2090 3839 1
3839 2090 0
2091 3839 1
3839 2091 0
2092 3839 1
3839 2092 0
2093 3839 1
3839 2093 0
2094 3839 1
3839 2094 0
2095 3839 1
3839 2095 0
2096 3839 1
3839 2096 0
2097 3839 1
3839 2097 0
2098 3839 1
3839 2098 0
2099 3839 1
3839 2099 0
2100 3839 1
3839 2100 0
2101 3839 1
3839 2101 0
2102 3839 1
3839 2102 0
2103 3839 1
3839 2103 0
2104 3839 1
3839 2104 0
2105 3839 1
3839 2105 0
2106 3839 1
3839 2106 0
2107 3839 1
3839 2107 0
2108 3839 1
3839 2108 0
2109 3839 1
3839 2109 0
2110 3839 1
3839 2110 0
2111 3839 1
3839 2111 0
2112 3839 1
3839 2112 0
2113 3839 1
3839 2113 0
2114 3839 1
3839 2114 0
2115 3839 1
3839 2115 0
2116 3839 1
3839 2116 0
2117 3839 1
3839 2117 0
2118 3839 1
3839 2118 0
2119 3839 1
3839 2119 0
2120 3839 1
3839 2120 0
2121 3839 1
3839 2121 0
2122 3839 1
3839 2122 0
2123 3839 1
3839 2123 0
2124 3839 1
3839 2124 0
2125 3839 1
3839 2125 0
2126 3839 1
3839 2126 0
2127 3839 1
3839 2127 0
2128 3839 1
3839 2128 0
2129 3839 1
3839 2129 0
2130 3839 1
3839 2130 0
2131 3839 1
3839 2131 0
2132 3839 1
3839 2132 0
2133 3839 1
3839 2133 0
2134 3839 1
3839 2134 0
2135 3839 1
3839 2135 0
2136 3839 1
3839 2136 0
2137 3839 1
3839 2137 0
2138 3839 1
3839 2138 0
2139 3839 1
3839 2139 0
2140 3839 1
3839 2140 0
2141 3839 1
3839 2141 0
2142 3839 1
3839 2142 0
2143 3839 1
3839 2143 0
2144 3839 1
3839 2144 0
2145 3839 1
3839 2145 0
2146 3839 1
3839 2146 0
2147 3839 1
3839 2147 0
2148 3839 1
3839 2148 0
2149 3839 1
3839 2149 0
2150 3839 1
3839 2150 0
2151 3839 1
3839 2151 0
2152 3839 1
3839 2152 0
2153 3839 1
3839 2153 0
2154 3839 1
3839 2154 0
2155 3839 1
3839 2155 0
2156 3839 1
3839 2156 0
2157 3839 1
3839 2157 0
2158 3839 1
3839 2158 0
2159 3839 1
3839 2159 0
2160 3839 1
3839 2160 0
2161 3839 1
3839 2161 0
2162 3839 1
3839 2162 0
2163 3839 1
3839 2163 0
2164 3839 1
3839 2164 0
2165 3839 1
3839 2165 0
2166 3839 1
3839 2166 0
2167 3839 1
3839 2167 0
2168 3839 1
3839 2168 0
2169 3839 1
3839 2169 0
2170 3839 1
3839 2170 0
2171 3839 1
3839 2171 0
2172 3839 1
3839 2172 0
2173 3839 1
3839 2173 0
2174 3839 1
3839 2174 0
2175 3839 1
3839 2175 0
2176 3839 1
3839 2176 0
2177 3839 1
3839 2177 0
2178 3839 1
3839 2178 0
2179 3839 1
3839 2179 0
2180 3839 1
3839 2180 0
2181 3839 1
3839 2181 0
2182 3839 1
3839 2182 0
2183 3839 1
3839 2183 0
2184 3839 1
3839 2184 0
2185 3839 1
3839 2185 0
2186 3839 1
3839 2186 0
2187 3839 1
3839 2187 0
2188 3839 1
3839 2188 0
2189 3839 1
3839 2189 0
2190 3839 1
3839 2190 0
2191 3839 1
3839 2191 0
2192 3839 1
3839 2192 0
2193 3839 1
3839 2193 0
2194 3839 1
3839 2194 0
2195 3839 1
3839 2195 0
2196 3839 1
3839 2196 0
2197 3839 1
3839 2197 0
2198 3839 1
3839 2198 0
2199 3839 1
3839 2199 0
2200 3839 1
3839 2200 0
2201 3839 1
3839 2201 0
2202 3839 1
3839 2202 0
2203 3839 1
3839 2203 0
2204 3839 1
3839 2204 0
2205 3839 1
3839 2205 0
2206 3839 1
3839 2206 0
2207 3839 1
3839 2207 0
2208 3839 1
3839 2208 0
2209 3839 1
3839 2209 0
2210 3839 1
3839 2210 0
2211 3839 1
3839 2211 0
2212 3839 1
3839 2212 0
2213 3839 1
3839 2213 0
2214 3839 1
3839 2214 0
2215 3839 1
3839 2215 0
2216 3839 1
3839 2216 0
2217 3839 1
3839 2217 0
2218 3839 1
3839 2218 0
2219 3839 1
3839 2219 0
2220 3839 1
3839 2220 0
2221 3839 1
3839 2221 0
2222 3839 1
3839 2222 0
2223 3839 1
3839 2223 0
2224 3839 1
3839 2224 0
2225 3839 1
3839 2225 0
2226 3839 1
3839 2226 0
2227 3839 1
3839 2227 0
2228 3839 1
3839 2228 0
2229 3839 1
3839 2229 0
2230 3839 1
3839 2230 0
2231 3839 1
3839 2231 0
2232 3839 1
3839 2232 0
2233 3839 1
3839 2233 0
2234 3839 1
3839 2234 0
2235 3839 1
3839 2235 0
2236 3839 1
3839 2236 0
2237 3839 1
3839 2237 0
2238 3839 1
3839 2238 0
2239 3839 1
3839 2239 0
2240 3839 1
3839 2240 0
2241 3839 1
3839 2241 0
2242 3839 1
3839 2242 0
2243 3839 1
3839 2243 0
2244 3839 1
3839 2244 0
2245 3839 1
3839 2245 0
2246 3839 1
3839 2246 0
2247 3839 1
3839 2247 0
2248 3839 1
3839 2248 0
2249 3839 1
3839 2249 0
2250 3839 1
3839 2250 0
2251 3839 1
3839 2251 0
2252 3839 1
3839 2252 0
2253 3839 1
3839 2253 0
2254 3839 1
3839 2254 0
2255 3839 1
3839 2255 0
2256 3839 1
3839 2256 0
2257 3839 1
3839 2257 0
2258 3839 1
3839 2258 0
2259 3839 1
3839 2259 0
2260 3839 1
3839 2260 0
2261 3839 1
3839 2261 0
2262 3839 1
3839 2262 0
2263 3839 1
3839 2263 0
2264 3839 1
3839 2264 0
2265 3839 1
3839 2265 0
2266 3839 1
3839 2266 0
2267 3839 1
3839 2267 0
2268 3839 1
3839 2268 0
2269 3839 1
3839 2269 0
2270 3839 1
3839 2270 0
2271 3839 1
3839 2271 0
2272 3839 1
3839 2272 0
2273 3839 1
3839 2273 0
2274 3839 1
3839 2274 0
2275 3839 1
3839 2275 0
2276 3839 1
3839 2276 0
2277 3839 1
3839 2277 0
2278 3839 1
3839 2278 0
2279 3839 1
3839 2279 0
2280 3839 1
3839 2280 0
2281 3839 1
3839 2281 0
2282 3839 1
3839 2282 0
2283 3839 1
3839 2283 0
2284 3839 1
3839 2284 0
2285 3839 1
3839 2285 0
2286 3839 1
3839 2286 0
2287 3839 1
3839 2287 0
2288 3839 1
3839 2288 0
2289 3839 1
3839 2289 0
2290 3839 1
3839 2290 0
2291 3839 1
3839 2291 0
2292 3839 1
3839 2292 0
2293 3839 1
3839 2293 0
2294 3839 1
3839 2294 0
2295 3839 1
3839 2295 0
2296 3839 1
3839 2296 0
2297 3839 1
3839 2297 0
2298 3839 1
3839 2298 0
2299 3839 1
3839 2299 0
2300 3839 1
3839 2300 0
2301 3839 1
3839 2301 0
2302 3839 1
3839 2302 0
2303 3839 1
3839 2303 0
2304 3839 1
3839 2304 0
2305 3839 1
3839 2305 0
2306 3839 1
3839 2306 0
2307 3839 1
3839 2307 0
2308 3839 1
3839 2308 0
2309 3839 1
3839 2309 0
2310 3839 1
3839 2310 0
2311 3839 1
3839 2311 0
2312 3839 1
3839 2312 0
2313 3839 1
3839 2313 0
2314 3839 1
3839 2314 0
2315 3839 1
3839 2315 0
2316 3839 1
3839 2316 0
2317 3839 1
3839 2317 0
2318 3839 1
3839 2318 0
2319 3839 1
3839 2319 0
2320 3839 1
3839 2320 0
2321 3839 1
3839 2321 0
2322 3839 1
3839 2322 0
2323 3839 1
3839 2323 0
2324 3839 1
3839 2324 0
2325 3839 1
3839 2325 0
2326 3839 1
3839 2326 0
2327 3839 1
3839 2327 0
2328 3839 1
3839 2328 0
2329 3839 1
3839 2329 0
2330 3839 1
3839 2330 0
2331 3839 1
3839 2331 0
2332 3839 1
3839 2332 0
2333 3839 1
3839 2333 0
2334 3839 1
3839 2334 0
2335 3839 1
3839 2335 0
2336 3839 1
3839 2336 0
2337 3839 1
3839 2337 0
2338 3839 1
3839 2338 0
2339 3839 1
3839 2339 0
2340 3839 1
3839 2340 0
2341 3839 1
3839 2341 0
2342 3839 1
3839 2342 0
2343 3839 1
3839 2343 0
2344 3839 1
3839 2344 0
2345 3839 1
3839 2345 0
2346 3839 1
3839 2346 0
2347 3839 1
3839 2347 0
2348 3839 3
3839 2348 0
2349 3839 3
3839 2349 0
2350 3839 3
3839 2350 0
2351 3839 3
3839 2351 0
2352 3839 3
3839 2352 0
2353 3839 3
3839 2353 0
2354 3839 3
3839 2354 0
2355 3839 3
3839 2355 0
2356 3839 3
3839 2356 0
2357 3839 3
3839 2357 0
2358 3839 3
3839 2358 0
2359 3839 3
3839 2359 0
2360 3839 3
3839 2360 0
2361 3839 3
3839 2361 0
2362 3839 3
3839 2362 0
2363 3839 3
3839 2363 0
2364 3839 3
3839 2364 0
2365 3839 3
3839 2365 0
2366 3839 3
3839 2366 0
2367 3839 3
3839 2367 0
2368 3839 3
3839 2368 0
2369 3839 3
3839 2369 0
2370 3839 3
3839 2370 0
2371 3839 3
3839 2371 0
2372 3839 3
3839 2372 0
2373 3839 3
3839 2373 0
2374 3839 3
3839 2374 0
2375 3839 3
3839 2375 0
2376 3839 3
3839 2376 0
2377 3839 3
3839 2377 0
2378 3839 3
3839 2378 0
2379 3839 3
3839 2379 0
2380 3839 3
3839 2380 0
2381 3839 3
3839 2381 0
2382 3839 3
3839 2382 0
2383 3839 3
3839 2383 0
2384 3839 3
3839 2384 0
2385 3839 3
3839 2385 0
2386 3839 3
3839 2386 0
2387 3839 3
3839 2387 0
2388 3839 3
3839 2388 0
2389 3839 3
3839 2389 0
2390 3839 3
3839 2390 0
2391 3839 3
3839 2391 0
2392 3839 3
3839 2392 0
2393 3839 3
3839 2393 0
2394 3839 3
3839 2394 0
2395 3839 3
3839 2395 0
2396 3839 3
3839 2396 0
2397 3839 3
3839 2397 0
2398 3839 3
3839 2398 0
2399 3839 3
3839 2399 0
2400 3839 3
3839 2400 0
2401 3839 3
3839 2401 0
2402 3839 3
3839 2402 0
2403 3839 3
3839 2403 0
2404 3839 3
3839 2404 0
2405 3839 3
3839 2405 0
2406 3839 3
3839 2406 0
2407 3839 3
3839 2407 0
2408 3839 3
3839 2408 0
2409 3839 3
3839 2409 0
2410 3839 3
3839 2410 0
2411 3839 3
3839 2411 0
2412 3839 3
3839 2412 0
2413 3839 3
3839 2413 0
2414 3839 3
3839 2414 0
2415 3839 3
3839 2415 0
2416 3839 3
3839 2416 0
2417 3839 3
3839 2417 0
2418 3839 3
3839 2418 0
2419 3839 3
3839 2419 0
2420 3839 3
3839 2420 0
2421 3839 3
3839 2421 0
2422 3839 3
3839 2422 0
2423 3839 3
3839 2423 0
2424 3839 3
3839 2424 0
2425 3839 3
3839 2425 0
2426 3839 3
3839 2426 0
2427 3839 3
3839 2427 0
2428 3839 3
3839 2428 0
2429 3839 3
3839 2429 0
2430 3839 3
3839 2430 0
2431 3839 3
3839 2431 0
2432 3839 3
3839 2432 0
2433 3839 3
3839 2433 0
2434 3839 3
3839 2434 0
2435 3839 3
3839 2435 0
2436 3839 3
3839 2436 0
2437 3839 3
3839 2437 0
2438 3839 3
3839 2438 0
2439 3839 3
3839 2439 0
2440 3839 3
3839 2440 0
2441 3839 3
3839 2441 0
2442 3839 3
3839 2442 0
2443 3839 3
3839 2443 0
2444 3839 3
3839 2444 0
2445 3839 3
3839 2445 0
2446 3839 3
3839 2446 0
2447 3839 3
3839 2447 0
2448 3839 3
3839 2448 0
2449 3839 3
3839 2449 0
2450 3839 3
3839 2450 0
2451 3839 3
3839 2451 0
2452 3839 3
3839 2452 0
2453 3839 3
3839 2453 0
2454 3839 3
3839 2454 0
2455 3839 3
3839 2455 0
2456 3839 3
3839 2456 0
2457 3839 3
3839 2457 0
2458 3839 3
3839 2458 0
2459 3839 3
3839 2459 0
2460 3839 3
3839 2460 0
2461 3839 3
3839 2461 0
2462 3839 3
3839 2462 0
2463 3839 3
3839 2463 0
2464 3839 3
3839 2464 0
2465 3839 3
3839 2465 0
2466 3839 3
3839 2466 0
2467 3839 3
3839 2467 0
2468 3839 3
3839 2468 0
2469 3839 3
3839 2469 0
2470 3839 3
3839 2470 0
2471 3839 3
3839 2471 0
2472 3839 3
3839 2472 0
2473 3839 3
3839 2473 0
2474 3839 3
3839 2474 0
2475 3839 3
3839 2475 0
2476 3839 3
3839 2476 0
2477 3839 3
3839 2477 0
2478 3839 3
3839 2478 0
2479 3839 3
3839 2479 0
2480 3839 3
3839 2480 0
2481 3839 3
3839 2481 0
2482 3839 3
3839 2482 0
2483 3839 3
3839 2483 0
2484 3839 3
3839 2484 0
2485 3839 3
3839 2485 0
2486 3839 3
3839 2486 0
2487 3839 3
3839 2487 0
2488 3839 3
3839 2488 0
2489 3839 3
3839 2489 0
2490 3839 3
3839 2490 0
2491 3839 3
3839 2491 0
2492 3839 3
3839 2492 0
2493 3839 3
3839 2493 0
2494 3839 3
3839 2494 0
2495 3839 3
3839 2495 0
2496 3839 3
3839 2496 0
2497 3839 3
3839 2497 0
2498 3839 3
3839 2498 0
2499 3839 3
3839 2499 0
2500 3839 3
3839 2500 0
2501 3839 3
3839 2501 0
2502 3839 3
3839 2502 0
2503 3839 3
3839 2503 0
2504 3839 3
3839 2504 0
2505 3839 3
3839 2505 0
2506 3839 3
3839 2506 0
2507 3839 3
3839 2507 0
2508 3839 3
3839 2508 0
2509 3839 3
3839 2509 0
2510 3839 3
3839 2510 0
2511 3839 3
3839 2511 0
2512 3839 3
3839 2512 0
2513 3839 3
3839 2513 0
2514 3839 3
3839 2514 0
2515 3839 3
3839 2515 0
2516 3839 3
3839 2516 0
2517 3839 3
3839 2517 0
2518 3839 3
3839 2518 0
2519 3839 3
3839 2519 0
2520 3839 3
3839 2520 0
2521 3839 3
3839 2521 0
2522 3839 3
3839 2522 0
2523 3839 3
3839 2523 0
2524 3839 3
3839 2524 0
2525 3839 3
3839 2525 0
2526 3839 3
3839 2526 0
2527 3839 3
3839 2527 0
2528 3839 3
3839 2528 0
2529 3839 3
3839 2529 0
2530 3839 3
3839 2530 0
2531 3839 3
3839 2531 0
2532 3839 3
3839 2532 0
2533 3839 3
3839 2533 0
2534 3839 3
3839 2534 0
2535 3839 3
3839 2535 0
2536 3839 3
3839 2536 0
2537 3839 3
3839 2537 0
2538 3839 3
3839 2538 0
2539 3839 3
3839 2539 0
2540 3839 3
3839 2540 0
2541 3839 3
3839 2541 0
2542 3839 3
3839 2542 0
2543 3839 3
3839 2543 0
2544 3839 3
3839 2544 0
2545 3839 3
3839 2545 0
2546 3839 3
3839 2546 0
2547 3839 3
3839 2547 0
2548 3839 3
3839 2548 0
2549 3839 3
3839 2549 0
2550 3839 3
3839 2550 0
2551 3839 3
3839 2551 0
2552 3839 3
3839 2552 0
2553 3839 3
3839 2553 0
2554 3839 3
3839 2554 0
2555 3839 3
3839 2555 0
2556 3839 3
3839 2556 0
2557 3839 3
3839 2557 0
2558 3839 3
3839 2558 0
2559 3839 3
3839 2559 0
2560 3839 3
3839 2560 0
2561 3839 3
3839 2561 0
2562 3839 3
3839 2562 0
2563 3839 3
3839 2563 0
2564 3839 3
3839 2564 0
2565 3839 3
3839 2565 0
2566 3839 3
3839 2566 0
2567 3839 3
3839 2567 0
2568 3839 3
3839 2568 0
2569 3839 3
3839 2569 0
2570 3839 3
3839 2570 0
2571 3839 3
3839 2571 0
2572 3839 3
3839 2572 0
2573 3839 3
3839 2573 0
2574 3839 3
3839 2574 0
2575 3839 3
3839 2575 0
2576 3839 3
3839 2576 0
2577 3839 3
3839 2577 0
2578 3839 3
3839 2578 0
2579 3839 3
3839 2579 0
2580 3839 3
3839 2580 0
2581 3839 3
3839 2581 0
2582 3839 3
3839 2582 0
2583 3839 3
3839 2583 0
2584 3839 3
3839 2584 0
2585 3839 3
3839 2585 0
2586 3839 3
3839 2586 0
2587 3839 3
3839 2587 0
2588 3839 3
3839 2588 0
2589 3839 3
3839 2589 0
2590 3839 3
3839 2590 0
2591 3839 3
3839 2591 0
2592 3839 3
3839 2592 0
2593 3839 3
3839 2593 0
2594 3839 3
3839 2594 0
2595 3839 3
3839 2595 0
2596 3839 3
3839 2596 0
2597 3839 3
3839 2597 0
2598 3839 3
3839 2598 0
2599 3839 3
3839 2599 0
2600 3839 3
3839 2600 0
2601 3839 3
3839 2601 0
2602 3839 3
3839 2602 0
2603 3839 3
3839 2603 0
2604 3839 3
3839 2604 0
2605 3839 3
3839 2605 0
2606 3839 3
3839 2606 0
2607 3839 3
3839 2607 0
2608 3839 3
3839 2608 0
2609 3839 3
3839 2609 0
2610 3839 3
3839 2610 0
2611 3839 3
3839 2611 0
2612 3839 3
3839 2612 0
2613 3839 3
3839 2613 0
2614 3839 3
3839 2614 0
2615 3839 3
3839 2615 0
2616 3839 3
3839 2616 0
2617 3839 3
3839 2617 0
2618 3839 3
3839 2618 0
2619 3839 3
3839 2619 0
2620 3839 3
3839 2620 0
2621 3839 3
3839 2621 0
2622 3839 3
3839 2622 0
2623 3839 3
3839 2623 0
2624 3839 3
3839 2624 0
2625 3839 3
3839 2625 0
2626 3839 3
3839 2626 0
2627 3839 3
3839 2627 0
2628 3839 3
3839 2628 0
2629 3839 3
3839 2629 0
2630 3839 3
3839 2630 0
2631 3839 3
3839 2631 0
2632 3839 3
3839 2632 0
2633 3839 3
3839 2633 0
2634 3839 3
3839 2634 0
2635 3839 3
3839 2635 0
2636 3839 3
3839 2636 0
2637 3839 3
3839 2637 0
2638 3839 3
3839 2638 0
2639 3839 3
3839 2639 0
2640 3839 3
3839 2640 0
2641 3839 3
3839 2641 0
2642 3839 3
3839 2642 0
2643 3839 3
3839 2643 0
2644 3839 3
3839 2644 0
2645 3839 3
3839 2645 0
2646 3839 3
3839 2646 0
2647 3839 3
3839 2647 0
2648 3839 3
3839 2648 0
2649 3839 3
3839 2649 0
2650 3839 3
3839 2650 0
2651 3839 3
3839 2651 0
2652 3839 3
3839 2652 0
2653 3839 3
3839 2653 0
2654 3839 3
3839 2654 0
2655 3839 3
3839 2655 0
2656 3839 3
3839 2656 0
2657 3839 3
3839 2657 0
2658 3839 3
3839 2658 0
2659 3839 3
3839 2659 0
2660 3839 3
3839 2660 0
2661 3839 3
3839 2661 0
2662 3839 3
3839 2662 0
2663 3839 3
3839 2663 0
2664 3839 3
3839 2664 0
2665 3839 3
3839 2665 0
2666 3839 3
3839 2666 0
2667 3839 3
3839 2667 0
2668 3839 3
3839 2668 0
2669 3839 3
3839 2669 0
2670 3839 3
3839 2670 0
2671 3839 3
3839 2671 0
2672 3839 3
3839 2672 0
2673 3839 3
3839 2673 0
2674 3839 3
3839 2674 0
2675 3839 3
3839 2675 0
2676 3839 3
3839 2676 0
2677 3839 3
3839 2677 0
2678 3839 3
3839 2678 0
2679 3839 3
3839 2679 0
2680 3839 3
3839 2680 0
2681 3839 3
3839 2681 0
2682 3839 3
3839 2682 0
2683 3839 3
3839 2683 0
2684 3839 3
3839 2684 0
2685 3839 3
3839 2685 0
2686 3839 3
3839 2686 0
2687 3839 3
3839 2687 0
2688 3839 3
3839 2688 0
2689 3839 3
3839 2689 0
2690 3839 3
3839 2690 0
2691 3839 3
3839 2691 0
2692 3839 3
3839 2692 0
2693 3839 3
3839 2693 0
2694 3839 3
3839 2694 0
2695 3839 3
3839 2695 0
2696 3839 3
3839 2696 0
2697 3839 3
3839 2697 0
2698 3839 3
3839 2698 0
2699 3839 3
3839 2699 0
2700 3839 3
3839 2700 0
2701 3839 3
3839 2701 0
2702 3839 3
3839 2702 0
2703 3839 3
3839 2703 0
2704 3839 3
3839 2704 0
2705 3839 3
3839 2705 0
2706 3839 3
3839 2706 0
2707 3839 3
3839 2707 0
2708 3839 3
3839 2708 0
2709 3839 3
3839 2709 0
2710 3839 3
3839 2710 0
2711 3839 3
3839 2711 0
2712 3839 3
3839 2712 0
2713 3839 3
3839 2713 0
2714 3839 3
3839 2714 0
2715 3839 3
3839 2715 0
2716 3839 3
3839 2716 0
2717 3839 3
3839 2717 0
2718 3839 3
3839 2718 0
2719 3839 3
3839 2719 0
2720 3839 3
3839 2720 0
2721 3839 3
3839 2721 0
2722 3839 3
3839 2722 0
2723 3839 3
3839 2723 0
2724 3839 3
3839 2724 0
2725 3839 3
3839 2725 0
2726 3839 3
3839 2726 0
2727 3839 3
3839 2727 0
2728 3839 3
3839 2728 0
2729 3839 3
3839 2729 0
2730 3839 3
3839 2730 0
2731 3839 3
3839 2731 0
2732 3839 3
3839 2732 0
2733 3839 3
3839 2733 0
2734 3839 3
3839 2734 0
2735 3839 3
3839 2735 0
2736 3839 3
3839 2736 0
2737 3839 3
3839 2737 0
2738 3839 3
3839 2738 0
2739 3839 3
3839 2739 0
2740 3839 3
3839 2740 0
2741 3839 3
3839 2741 0
2742 3839 3
3839 2742 0
2743 3839 3
3839 2743 0
2744 3839 3
3839 2744 0
2745 3839 3
3839 2745 0
2746 3839 3
3839 2746 0
2747 3839 3
3839 2747 0
2748 3839 3
3839 2748 0
2749 3839 3
3839 2749 0
2750 3839 3
3839 2750 0
2751 3839 3
3839 2751 0
2752 3839 3
3839 2752 0
2753 3839 3
3839 2753 0
2754 3839 3
3839 2754 0
2755 3839 3
3839 2755 0
2756 3839 3
3839 2756 0
2757 3839 3
3839 2757 0
2758 3839 3
3839 2758 0
2759 3839 3
3839 2759 0
2760 3839 3
3839 2760 0
2761 3839 3
3839 2761 0
2762 3839 3
3839 2762 0
2763 3839 3
3839 2763 0
2764 3839 3
3839 2764 0
2765 3839 3
3839 2765 0
2766 3839 3
3839 2766 0
2767 3839 3
3839 2767 0
2768 3839 3
3839 2768 0
2769 3839 3
3839 2769 0
2770 3839 3
3839 2770 0
2771 3839 3
3839 2771 0
2772 3839 3
3839 2772 0
2773 3839 3
3839 2773 0
2774 3839 3
3839 2774 0
2775 3839 3
3839 2775 0
2776 3839 3
3839 2776 0
2777 3839 3
3839 2777 0
2778 3839 3
3839 2778 0
2779 3839 3
3839 2779 0
2780 3839 3
3839 2780 0
2781 3839 3
3839 2781 0
2782 3839 3
3839 2782 0
2783 3839 3
3839 2783 0
2784 3839 3
3839 2784 0
2785 3839 3
3839 2785 0
2786 3839 3
3839 2786 0
2787 3839 3
3839 2787 0
2788 3839 3
3839 2788 0
2789 3839 3
3839 2789 0
2790 3839 3
3839 2790 0
2791 3839 3
3839 2791 0
2792 3839 3
3839 2792 0
2793 3839 3
3839 2793 0
2794 3839 3
3839 2794 0
2795 3839 3
3839 2795 0
2796 3839 3
3839 2796 0
2797 3839 3
3839 2797 0
2798 3839 3
3839 2798 0
2799 3839 3
3839 2799 0
2800 3839 3
3839 2800 0
2801 3839 3
3839 2801 0
2802 3839 3
3839 2802 0
2803 3839 3
3839 2803 0
2804 3839 3
3839 2804 0
2805 3839 3
3839 2805 0
2806 3839 3
3839 2806 0
2807 3839 3
3839 2807 0
2808 3839 3
3839 2808 0
2809 3839 3
3839 2809 0
2810 3839 3
3839 2810 0
2811 3839 3
3839 2811 0
2812 3839 3
3839 2812 0
2813 3839 3
3839 2813 0
2814 3839 3
3839 2814 0
2815 3839 3
3839 2815 0
2816 3839 3
3839 2816 0
2817 3839 3
3839 2817 0
2818 3839 3
3839 2818 0
2819 3839 3
3839 2819 0
2820 3839 3
3839 2820 0
2821 3839 3
3839 2821 0
2822 3839 3
3839 2822 0
2823 3839 3
3839 2823 0
2824 3839 3
3839 2824 0
2825 3839 3
3839 2825 0
2826 3839 3
3839 2826 0
2827 3839 3
3839 2827 0
2828 3839 3
3839 2828 0
2829 3839 3
3839 2829 0
2830 3839 3
3839 2830 0
2831 3839 3
3839 2831 0
2832 3839 3
3839 2832 0
2833 3839 3
3839 2833 0
2834 3839 3
3839 2834 0
2835 3839 3
3839 2835 0
2836 3839 3
3839 2836 0
2837 3839 3
3839 2837 0
2838 3839 3
3839 2838 0
2839 3839 3
3839 2839 0
2840 3839 3
3839 2840 0
2841 3839 3
3839 2841 0
2842 3839 3
3839 2842 0
2843 3839 3
3839 2843 0
2844 3839 3
3839 2844 0
2845 3839 3
3839 2845 0
2846 3839 3
3839 2846 0
2847 3839 3
3839 2847 0
2848 3839 3
3839 2848 0
2849 3839 3
3839 2849 0
2850 3839 3
3839 2850 0
2851 3839 3
3839 2851 0
2852 3839 3
3839 2852 0
2853 3839 3
3839 2853 0
2854 3839 3
3839 2854 0
2855 3839 3
3839 2855 0
2856 3839 3
3839 2856 0
2857 3839 3
3839 2857 0
2858 3839 3
3839 2858 0
2859 3839 3
3839 2859 0
2860 3839 3
3839 2860 0
2861 3839 3
3839 2861 0
2862 3839 3
3839 2862 0
2863 3839 3
3839 2863 0
2864 3839 3
3839 2864 0
2865 3839 3
3839 2865 0
2866 3839 3
3839 2866 0
2867 3839 3
3839 2867 0
2868 3839 3
3839 2868 0
2869 3839 3
3839 2869 0
2870 3839 3
3839 2870 0
2871 3839 3
3839 2871 0
2872 3839 3
3839 2872 0
2873 3839 3
3839 2873 0
2874 3839 3
3839 2874 0
2875 3839 3
3839 2875 0
2876 3839 3
3839 2876 0
2877 3839 3
3839 2877 0
2878 3839 3
3839 2878 0
2879 3839 3
3839 2879 0
2880 3839 3
3839 2880 0
2881 3839 3
3839 2881 0
2882 3839 3
3839 2882 0
2883 3839 3
3839 2883 0
2884 3839 3
3839 2884 0
2885 3839 3
3839 2885 0
2886 3839 3
3839 2886 0
2887 3839 3
3839 2887 0
2888 3839 3
3839 2888 0
2889 3839 3
3839 2889 0
2890 3839 3
3839 2890 0
2891 3839 3
3839 2891 0
2892 3839 3
3839 2892 0
2893 3839 3
3839 2893 0
2894 3839 3
3839 2894 0
2895 3839 3
3839 2895 0
2896 3839 3
3839 2896 0
2897 3839 3
3839 2897 0
2898 3839 3
3839 2898 0
2899 3839 3
3839 2899 0
2900 3839 3
3839 2900 0
2901 3839 3
3839 2901 0
2902 3839 3
3839 2902 0
2903 3839 3
3839 2903 0
2904 3839 3
3839 2904 0
2905 3839 3
3839 2905 0
2906 3839 3
3839 2906 0
2907 3839 3
3839 2907 0
2908 3839 3
3839 2908 0
2909 3839 3
3839 2909 0
2910 3839 3
3839 2910 0
2911 3839 3
3839 2911 0
2912 3839 3
3839 2912 0
2913 3839 3
3839 2913 0
2914 3839 3
3839 2914 0
2915 3839 3
3839 2915 0
2916 3839 3
3839 2916 0
2917 3839 3
3839 2917 0
2918 3839 3
3839 2918 0
2919 3839 3
3839 2919 0
2920 3839 3
3839 2920 0
2921 3839 3
3839 2921 0
2922 3839 3
3839 2922 0
2923 3839 3
3839 2923 0
2924 3839 3
3839 2924 0
2925 3839 3
3839 2925 0
2926 3839 3
3839 2926 0
2927 3839 3
3839 2927 0
2928 3839 3
3839 2928 0
2929 3839 3
3839 2929 0
2930 3839 3
3839 2930 0
2931 3839 3
3839 2931 0
2932 3839 3
3839 2932 0
2933 3839 3
3839 2933 0
2934 3839 3
3839 2934 0
2935 3839 3
3839 2935 0
2936 3839 3
3839 2936 0
2937 3839 3
3839 2937 0
2938 3839 3
3839 2938 0
2939 3839 3
3839 2939 0
2940 3839 3
3839 2940 0
2941 3839 3
3839 2941 0
2942 3839 3
3839 2942 0
2943 3839 3
3839 2943 0
2944 3839 3
3839 2944 0
2945 3839 3
3839 2945 0
2946 3839 3
3839 2946 0
2947 3839 3
3839 2947 0
2948 3839 3
3839 2948 0
2949 3839 3
3839 2949 0
2950 3839 3
3839 2950 0
2951 3839 3
3839 2951 0
2952 3839 3
3839 2952 0
2953 3839 3
3839 2953 0
2954 3839 3
3839 2954 0
2955 3839 3
3839 2955 0
2956 3839 3
3839 2956 0
2957 3839 3
3839 2957 0
2958 3839 3
3839 2958 0
2959 3839 3
3839 2959 0
2960 3839 3
3839 2960 0
2961 3839 3
3839 2961 0
2962 3839 3
3839 2962 0
2963 3839 3
3839 2963 0
2964 3839 3
3839 2964 0
2965 3839 3
3839 2965 0
2966 3839 3
3839 2966 0
2967 3839 3
3839 2967 0
2968 3839 3
3839 2968 0
2969 3839 3
3839 2969 0
2970 3839 3
3839 2970 0
2971 3839 3
3839 2971 0
2972 3839 3
3839 2972 0
2973 3839 3
3839 2973 0
2974 3839 3
3839 2974 0
2975 3839 3
3839 2975 0
2976 3839 3
3839 2976 0
2977 3839 3
3839 2977 0
2978 3839 3
3839 2978 0
2979 3839 3
3839 2979 0
2980 3839 3
3839 2980 0
2981 3839 3
3839 2981 0
2982 3839 3
3839 2982 0
2983 3839 3
3839 2983 0
2984 3839 3
3839 2984 0
2985 3839 3
3839 2985 0
2986 3839 3
3839 2986 0
2987 3839 3
3839 2987 0
2988 3839 3
3839 2988 0
2989 3839 3
3839 2989 0
2990 3839 3
3839 2990 0
2991 3839 3
3839 2991 0
2992 3839 3
3839 2992 0
2993 3839 3
3839 2993 0
2994 3839 3
3839 2994 0
2995 3839 3
3839 2995 0
2996 3839 3
3839 2996 0
2997 3839 3
3839 2997 0
2998 3839 3
3839 2998 0
2999 3839 3
3839 2999 0
3000 3839 3
3839 3000 0
3001 3839 3
3839 3001 0
3002 3839 3
3839 3002 0
3003 3839 3
3839 3003 0
3004 3839 3
3839 3004 0
3005 3839 3
3839 3005 0
3006 3839 3
3839 3006 0
3007 3839 3
3839 3007 0
3008 3839 3
3839 3008 0
3009 3839 3
3839 3009 0
3010 3839 3
3839 3010 0
3011 3839 3
3839 3011 0
3012 3839 3
3839 3012 0
3013 3839 3
3839 3013 0
3014 3839 3
3839 3014 0
3015 3839 3
3839 3015 0
3016 3839 3
3839 3016 0
3017 3839 3
3839 3017 0
3018 3839 3
3839 3018 0
3019 3839 3
3839 3019 0
3020 3839 3
3839 3020 0
3021 3839 3
3839 3021 0
3022 3839 3
3839 3022 0
3023 3839 3
3839 3023 0
3024 3839 3
3839 3024 0
3025 3839 3
3839 3025 0
3026 3839 3
3839 3026 0
3027 3839 3
3839 3027 0
3028 3839 3
3839 3028 0
3029 3839 3
3839 3029 0
3030 3839 3
3839 3030 0
3031 3839 3
3839 3031 0
3032 3839 3
3839 3032 0
3033 3839 3
3839 3033 0
3034 3839 3
3839 3034 0
3035 3839 3
3839 3035 0
3036 3839 3
3839 3036 0
3037 3839 3
3839 3037 0
3038 3839 3
3839 3038 0
3039 3839 3
3839 3039 0
3040 3839 3
3839 3040 0
3041 3839 3
3839 3041 0
3042 3839 3
3839 3042 0
3043 3839 3
3839 3043 0
3044 3839 3
3839 3044 0
3045 3839 3
3839 3045 0
3046 3839 3
3839 3046 0
3047 3839 3
3839 3047 0
3048 3839 3
3839 3048 0
3049 3839 3
3839 3049 0
3050 3839 3
3839 3050 0
3051 3839 3
3839 3051 0
3052 3839 3
3839 3052 0
3053 3839 3
3839 3053 0
3054 3839 3
3839 3054 0
3055 3839 3
3839 3055 0
3056 3839 3
3839 3056 0
3057 3839 3
3839 3057 0
3058 3839 3
3839 3058 0
3059 3839 3
3839 3059 0
3060 3839 3
3839 3060 0
3061 3839 3
3839 3061 0
3062 3839 3
3839 3062 0
3063 3839 3
3839 3063 0
3064 3839 3
3839 3064 0
3065 3839 3
3839 3065 0
3066 3839 3
3839 3066 0
3067 3839 3
3839 3067 0
3068 3839 3
3839 3068 0
3069 3839 3
3839 3069 0
3070 3839 3
3839 3070 0
3071 3839 3
3839 3071 0
3072 3839 3
3839 3072 0
3073 3839 3
3839 3073 0
3074 3839 3
3839 3074 0
3075 3839 3
3839 3075 0
3076 3839 3
3839 3076 0
3077 3839 3
3839 3077 0
3078 3839 3
3839 3078 0
3079 3839 3
3839 3079 0
3080 3839 3
3839 3080 0
3081 3839 3
3839 3081 0
3082 3839 3
3839 3082 0
3083 3839 3
3839 3083 0
3084 3839 3
3839 3084 0
3085 3839 3
3839 3085 0
3086 3839 3
3839 3086 0
3087 3839 3
3839 3087 0
3088 3839 3
3839 3088 0
3089 3839 3
3839 3089 0
3090 3839 3
3839 3090 0
3091 3839 3
3839 3091 0
3092 3839 3
3839 3092 0
3093 3839 3
3839 3093 0
3094 3839 3
3839 3094 0
3095 3839 3
3839 3095 0
3096 3839 3
3839 3096 0
3097 3839 3
3839 3097 0
3098 3839 3
3839 3098 0
3099 3839 3
3839 3099 0
3100 3839 3
3839 3100 0
3101 3839 3
3839 3101 0
3102 3839 3
3839 3102 0
3103 3839 3
3839 3103 0
3104 3839 3
3839 3104 0
3105 3839 3
3839 3105 0
3106 3839 3
3839 3106 0
3107 3839 3
3839 3107 0
3108 3839 3
3839 3108 0
3109 3839 3
3839 3109 0
3110 3839 3
3839 3110 0
3111 3839 3
3839 3111 0
3112 3839 3
3839 3112 0
3113 3839 3
3839 3113 0
3114 3839 3
3839 3114 0
3115 3839 3
3839 3115 0
3116 3839 3
3839 3116 0
3117 3839 3
3839 3117 0
3118 3839 3
3839 3118 0
3119 3839 3
3839 3119 0
3120 3839 3
3839 3120 0
3121 3839 3
3839 3121 0
3122 3839 3
3839 3122 0
3123 3839 3
3839 3123 0
3124 3839 3
3839 3124 0
3125 3839 3
3839 3125 0
3126 3839 3
3839 3126 0
3127 3839 3
3839 3127 0
3128 3839 3
3839 3128 0
3129 3839 3
3839 3129 0
3130 3839 3
3839 3130 0
3131 3839 3
3839 3131 0
3132 3839 3
3839 3132 0
3133 3839 3
3839 3133 0
3134 3839 3
3839 3134 0
3135 3839 3
3839 3135 0
3136 3839 3
3839 3136 0
3137 3839 3
3839 3137 0
3138 3839 3
3839 3138 0
3139 3839 3
3839 3139 0
3140 3839 3
3839 3140 0
3141 3839 3
3839 3141 0
3142 3839 3
3839 3142 0
3143 3839 3
3839 3143 0
3144 3839 3
3839 3144 0
3145 3839 3
3839 3145 0
3146 3839 3
3839 3146 0
3147 3839 3
3839 3147 0
3148 3839 3
3839 3148 0
3149 3839 3
3839 3149 0
3150 3839 3
3839 3150 0
3151 3839 3
3839 3151 0
3152 3839 3
3839 3152 0
3153 3839 3
3839 3153 0
3154 3839 3
3839 3154 0
3155 3839 3
3839 3155 0
3156 3839 3
3839 3156 0
3157 3839 3
3839 3157 0
3158 3839 3
3839 3158 0
3159 3839 3
3839 3159 0
3160 3839 3
3839 3160 0
3161 3839 3
3839 3161 0
3162 3839 3
3839 3162 0
3163 3839 3
3839 3163 0
3164 3839 3
3839 3164 0
3165 3839 3
3839 3165 0
3166 3839 3
3839 3166 0
3167 3839 3
3839 3167 0
3168 3839 3
3839 3168 0
3169 3839 3
3839 3169 0
3170 3839 3
3839 3170 0
3171 3839 3
3839 3171 0
3172 3839 3
3839 3172 0
3173 3839 3
3839 3173 0
3174 3839 3
3839 3174 0
3175 3839 3
3839 3175 0
3176 3839 3
3839 3176 0
3177 3839 3
3839 3177 0
3178 3839 3
3839 3178 0
3179 3839 3
3839 3179 0
3180 3839 3
3839 3180 0
3181 3839 3
3839 3181 0
3182 3839 3
3839 3182 0
3183 3839 3
3839 3183 0
3184 3839 3
3839 3184 0
3185 3839 3
3839 3185 0
3186 3839 3
3839 3186 0
3187 3839 3
3839 3187 0
3188 3839 3
3839 3188 0
3189 3839 3
3839 3189 0
3190 3839 3
3839 3190 0
3191 3839 3
3839 3191 0
3192 3839 3
3839 3192 0
3193 3839 3
3839 3193 0
3194 3839 3
3839 3194 0
3195 3839 3
3839 3195 0
3196 3839 3
3839 3196 0
3197 3839 3
3839 3197 0
3198 3839 3
3839 3198 0
3199 3839 3
3839 3199 0
3200 3839 3
3839 3200 0
3201 3839 3
3839 3201 0
3202 3839 3
3839 3202 0
3203 3839 3
3839 3203 0
3204 3839 3
3839 3204 0
3205 3839 3
3839 3205 0
3206 3839 3
3839 3206 0
3207 3839 3
3839 3207 0
3208 3839 3
3839 3208 0
3209 3839 3
3839 3209 0
3210 3839 3
3839 3210 0
3211 3839 3
3839 3211 0
3212 3839 3
3839 3212 0
3213 3839 3
3839 3213 0
3214 3839 3
3839 3214 0
3215 3839 3
3839 3215 0
3216 3839 3
3839 3216 0
3217 3839 3
3839 3217 0
3218 3839 3
3839 3218 0
3219 3839 3
3839 3219 0
3220 3839 3
3839 3220 0
3221 3839 3
3839 3221 0
3222 3839 3
3839 3222 0
3223 3839 3
3839 3223 0
3224 3839 3
3839 3224 0
3225 3839 3
3839 3225 0
3226 3839 3
3839 3226 0
3227 3839 3
3839 3227 0
3228 3839 3
3839 3228 0
3229 3839 3
3839 3229 0
3230 3839 3
3839 3230 0
3231 3839 3
3839 3231 0
3232 3839 3
3839 3232 0
3233 3839 3
3839 3233 0
3234 3839 3
3839 3234 0
3235 3839 3
3839 3235 0
3236 3839 3
3839 3236 0
3237 3839 3
3839 3237 0
3238 3839 3
3839 3238 0
3239 3839 3
3839 3239 0
3240 3839 3
3839 3240 0
3241 3839 3
3839 3241 0
3242 3839 3
3839 3242 0
3243 3839 3
3839 3243 0
3244 3839 3
3839 3244 0
3245 3839 3
3839 3245 0
3246 3839 3
3839 3246 0
3247 3839 3
3839 3247 0
3248 3839 3
3839 3248 0
3249 3839 3
3839 3249 0
3250 3839 3
3839 3250 0
3251 3839 3
3839 3251 0
3252 3839 3
3839 3252 0
3253 3839 3
3839 3253 0
3254 3839 3
3839 3254 0
3255 3839 3
3839 3255 0
3256 3839 3
3839 3256 0
3257 3839 3
3839 3257 0
3258 3839 3
3839 3258 0
3259 3839 3
3839 3259 0
3260 3839 3
3839 3260 0
3261 3839 3
3839 3261 0
3262 3839 3
3839 3262 0
3263 3839 3
3839 3263 0
3264 3839 3
3839 3264 0
3265 3839 3
3839 3265 0
3266 3839 3
3839 3266 0
3267 3839 3
3839 3267 0
3268 3839 3
3839 3268 0
3269 3839 3
3839 3269 0
3270 3839 3
3839 3270 0
3271 3839 3
3839 3271 0
3272 3839 3
3839 3272 0
3273 3839 3
3839 3273 0
3274 3839 3
3839 3274 0
3275 3839 3
3839 3275 0
3276 3839 3
3839 3276 0
3277 3839 3
3839 3277 0
3278 3839 3
3839 3278 0
3279 3839 3
3839 3279 0
3280 3839 3
3839 3280 0
3281 3839 3
3839 3281 0
3282 3839 3
3839 3282 0
3283 3839 3
3839 3283 0
3284 3839 3
3839 3284 0
3285 3839 3
3839 3285 0
3286 3839 3
3839 3286 0
3287 3839 3
3839 3287 0
3288 3839 3
3839 3288 0
3289 3839 3
3839 3289 0
3290 3839 3
3839 3290 0
3291 3839 3
3839 3291 0
3292 3839 3
3839 3292 0
3293 3839 3
3839 3293 0
3294 3839 3
3839 3294 0
3295 3839 3
3839 3295 0
3296 3839 3
3839 3296 0
3297 3839 3
3839 3297 0
3298 3839 3
3839 3298 0
3299 3839 3
3839 3299 0
3300 3839 3
3839 3300 0
3301 3839 3
3839 3301 0
3302 3839 3
3839 3302 0
3303 3839 3
3839 3303 0
3304 3839 3
3839 3304 0
3305 3839 3
3839 3305 0
3306 3839 3
3839 3306 0
3307 3839 3
3839 3307 0
3308 3839 3
3839 3308 0
3309 3839 3
3839 3309 0
3310 3839 3
3839 3310 0
3311 3839 3
3839 3311 0
3312 3839 3
3839 3312 0
3313 3839 3
3839 3313 0
3314 3839 3
3839 3314 0
3315 3839 3
3839 3315 0
3316 3839 3
3839 3316 0
3317 3839 3
3839 3317 0
3318 3839 3
3839 3318 0
3319 3839 3
3839 3319 0
3320 3839 3
3839 3320 0
3321 3839 3
3839 3321 0
3322 3839 3
3839 3322 0
3323 3839 3
3839 3323 0
3324 3839 3
3839 3324 0
3325 3839 3
3839 3325 0
3326 3839 3
3839 3326 0
3327 3839 3
3839 3327 0
3328 3839 3
3839 3328 0
3329 3839 3
3839 3329 0
3330 3839 3
3839 3330 0
3331 3839 3
3839 3331 0
3332 3839 3
3839 3332 0
3333 3839 3
3839 3333 0
3334 3839 3
3839 3334 0
3335 3839 3
3839 3335 0
3336 3839 3
3839 3336 0
3337 3839 3
3839 3337 0
3338 3839 3
3839 3338 0
3339 3839 3
3839 3339 0
3340 3839 3
3839 3340 0
3341 3839 3
3839 3341 0
3342 3839 3
3839 3342 0
3343 3839 3
3839 3343 0
3344 3839 3
3839 3344 0
3345 3839 3
3839 3345 0
3346 3839 3
3839 3346 0
3347 3839 3
3839 3347 0
3348 3839 3
3839 3348 0
3349 3839 3
3839 3349 0
3350 3839 3
3839 3350 0
3351 3839 3
3839 3351 0
3352 3839 3
3839 3352 0
3353 3839 3
3839 3353 0
3354 3839 3
3839 3354 0
3355 3839 3
3839 3355 0
3356 3839 3
3839 3356 0
3357 3839 3
3839 3357 0
3358 3839 3
3839 3358 0
3359 3839 3
3839 3359 0
3360 3839 3
3839 3360 0
3361 3839 3
3839 3361 0
3362 3839 3
3839 3362 0
3363 3839 3
3839 3363 0
3364 3839 3
3839 3364 0
3365 3839 3
3839 3365 0
3366 3839 3
3839 3366 0
3367 3839 3
3839 3367 0
3368 3839 3
3839 3368 0
3369 3839 3
3839 3369 0
3370 3839 3
3839 3370 0
3371 3839 3
3839 3371 0
3372 3839 3
3839 3372 0
3373 3839 3
3839 3373 0
3374 3839 3
3839 3374 0
3375 3839 3
3839 3375 0
3376 3839 3
3839 3376 0
3377 3839 3
3839 3377 0
3378 3839 3
3839 3378 0
3379 3839 3
3839 3379 0
3380 3839 3
3839 3380 0
3381 3839 3
3839 3381 0
3382 3839 3
3839 3382 0
3383 3839 3
3839 3383 0
3384 3839 3
3839 3384 0
3385 3839 3
3839 3385 0
3386 3839 3
3839 3386 0
3387 3839 3
3839 3387 0
3388 3839 3
3839 3388 0
3389 3839 3
3839 3389 0
3390 3839 3
3839 3390 0
3391 3839 3
3839 3391 0
3392 3839 3
3839 3392 0
3393 3839 3
3839 3393 0
3394 3839 3
3839 3394 0
3395 3839 3
3839 3395 0
3396 3839 3
3839 3396 0
3397 3839 3
3839 3397 0
3398 3839 3
3839 3398 0
3399 3839 3
3839 3399 0
3400 3839 3
3839 3400 0
3401 3839 3
3839 3401 0
3402 3839 3
3839 3402 0
3403 3839 3
3839 3403 0
3404 3839 3
3839 3404 0
3405 3839 3
3839 3405 0
3406 3839 3
3839 3406 0
3407 3839 3
3839 3407 0
3408 3839 3
3839 3408 0
3409 3839 3
3839 3409 0
3410 3839 3
3839 3410 0
3411 3839 3
3839 3411 0
3412 3839 3
3839 3412 0
3413 3839 3
3839 3413 0
3414 3839 3
3839 3414 0
3415 3839 3
3839 3415 0
3416 3839 3
3839 3416 0
3417 3839 3
3839 3417 0
3418 3839 3
3839 3418 0
3419 3839 3
3839 3419 0
3420 3839 3
3839 3420 0
3421 3839 3
3839 3421 0
3422 3839 3
3839 3422 0
3423 3839 3
3839 3423 0
3424 3839 3
3839 3424 0
3425 3839 3
3839 3425 0
3426 3839 3
3839 3426 0
3427 3839 3
3839 3427 0
3428 3839 3
3839 3428 0
3429 3839 3
3839 3429 0
3430 3839 3
3839 3430 0
3431 3839 3
3839 3431 0
3432 3839 3
3839 3432 0
3433 3839 3
3839 3433 0
3434 3839 3
3839 3434 0
3435 3839 3
3839 3435 0
3436 3839 3
3839 3436 0
3437 3839 3
3839 3437 0
3438 3839 3
3839 3438 0
3439 3839 3
3839 3439 0
3440 3839 3
3839 3440 0
3441 3839 3
3839 3441 0
3442 3839 3
3839 3442 0
3443 3839 3
3839 3443 0
3444 3839 3
3839 3444 0
3445 3839 3
3839 3445 0
3446 3839 3
3839 3446 0
3447 3839 3
3839 3447 0
3448 3839 3
3839 3448 0
3449 3839 3
3839 3449 0
3450 3839 3
3839 3450 0
3451 3839 3
3839 3451 0
3452 3839 3
3839 3452 0
3453 3839 3
3839 3453 0
3454 3839 3
3839 3454 0
3455 3839 3
3839 3455 0
3456 3839 3
3839 3456 0
3457 3839 3
3839 3457 0
3458 3839 3
3839 3458 0
3459 3839 3
3839 3459 0
3460 3839 3
3839 3460 0
3461 3839 3
3839 3461 0
3462 3839 3
3839 3462 0
3463 3839 3
3839 3463 0
3464 3839 3
3839 3464 0
3465 3839 3
3839 3465 0
3466 3839 3
3839 3466 0
3467 3839 3
3839 3467 0
3468 3839 3
3839 3468 0
3469 3839 3
3839 3469 0
3470 3839 3
3839 3470 0
3471 3839 3
3839 3471 0
3472 3839 3
3839 3472 0
3473 3839 3
3839 3473 0
3474 3839 3
3839 3474 0
3475 3839 3
3839 3475 0
3476 3839 3
3839 3476 0
3477 3839 3
3839 3477 0
3478 3839 3
3839 3478 0
3479 3839 3
3839 3479 0
3480 3839 3
3839 3480 0
3481 3839 3
3839 3481 0
3482 3839 3
3839 3482 0
3483 3839 3
3839 3483 0
3484 3839 3
3839 3484 0
3485 3839 3
3839 3485 0
3486 3839 3
3839 3486 0
3487 3839 3
3839 3487 0
3488 3839 3
3839 3488 0
3489 3839 3
3839 3489 0
3490 3839 3
3839 3490 0
3491 3839 3
3839 3491 0
3492 3839 3
3839 3492 0
3493 3839 3
3839 3493 0
3494 3839 3
3839 3494 0
3495 3839 3
3839 3495 0
3496 3839 3
3839 3496 0
3497 3839 3
3839 3497 0
3498 3839 3
3839 3498 0
3499 3839 3
3839 3499 0
3500 3839 3
3839 3500 0
3501 3839 3
3839 3501 0
3502 3839 3
3839 3502 0
3503 3839 3
3839 3503 0
3504 3839 3
3839 3504 0
3505 3839 3
3839 3505 0
3506 3839 3
3839 3506 0
3507 3839 3
3839 3507 0
3508 3839 3
3839 3508 0
3509 3839 3
3839 3509 0
3510 3839 3
3839 3510 0
3511 3839 3
3839 3511 0
3512 3839 3
3839 3512 0
3513 3839 3
3839 3513 0
3514 3839 3
3839 3514 0
3515 3839 3
3839 3515 0
3516 3839 3
3839 3516 0
3517 3839 3
3839 3517 0
3518 3839 3
3839 3518 0
3519 3839 3
3839 3519 0
3520 3839 3
3839 3520 0
3521 3839 3
3839 3521 0
3522 3839 3
3839 3522 0
3523 3839 3
3839 3523 0
3524 3839 3
3839 3524 0
3525 3839 3
3839 3525 0
3526 3839 3
3839 3526 0
3527 3839 3
3839 3527 0
3528 3839 3
3839 3528 0
3529 3839 3
3839 3529 0
3530 3839 3
3839 3530 0
3531 3839 3
3839 3531 0
3532 3839 3
3839 3532 0
3533 3839 3
3839 3533 0
3534 3839 3
3839 3534 0
3535 3839 3
3839 3535 0
3536 3839 3
3839 3536 0
3537 3839 3
3839 3537 0
3538 3839 3
3839 3538 0
3539 3839 3
3839 3539 0
3540 3839 3
3839 3540 0
3541 3839 3
3839 3541 0
3542 3839 3
3839 3542 0
3543 3839 3
3839 3543 0
3544 3839 3
3839 3544 0
3545 3839 3
3839 3545 0
3546 3839 3
3839 3546 0
3547 3839 3
3839 3547 0
3548 3839 3
3839 3548 0
3549 3839 3
3839 3549 0
3550 3839 3
3839 3550 0
3551 3839 3
3839 3551 0
3552 3839 3
3839 3552 0
3553 3839 3
3839 3553 0
3554 3839 3
3839 3554 0
3555 3839 3
3839 3555 0
3556 3839 3
3839 3556 0
3557 3839 3
3839 3557 0
3558 3839 3
3839 3558 0
3559 3839 3
3839 3559 0
3560 3839 3
3839 3560 0
3561 3839 3
3839 3561 0
3562 3839 3
3839 3562 0
3563 3839 3
3839 3563 0
3564 3839 3
3839 3564 0
3565 3839 3
3839 3565 0
3566 3839 3
3839 3566 0
3567 3839 3
3839 3567 0
3568 3839 3
3839 3568 0
3569 3839 3
3839 3569 0
3570 3839 3
3839 3570 0
3571 3839 3
3839 3571 0
3572 3839 3
3839 3572 0
3573 3839 3
3839 3573 0
3574 3839 3
3839 3574 0
3575 3839 3
3839 3575 0
3576 3839 3
3839 3576 0
3577 3839 3
3839 3577 0
3578 3839 3
3839 3578 0
3579 3839 3
3839 3579 0
3580 3839 3
3839 3580 0
3581 3839 3
3839 3581 0
3582 3839 3
3839 3582 0
3583 3839 3
3839 3583 0
3584 3839 3
3839 3584 0
3585 3839 3
3839 3585 0
3586 3839 3
3839 3586 0
3587 3839 3
3839 3587 0
3588 3839 3
3839 3588 0
3589 3839 3
3839 3589 0
3590 3839 3
3839 3590 0
3591 3839 3
3839 3591 0
3592 3839 3
3839 3592 0
3593 3839 3
3839 3593 0
3594 3839 3
3839 3594 0
3595 3839 3
3839 3595 0
3596 3839 3
3839 3596 0
3597 3839 3
3839 3597 0
3598 3839 3
3839 3598 0
3599 3839 3
3839 3599 0
3600 3839 3
3839 3600 0
3601 3839 3
3839 3601 0
3602 3839 3
3839 3602 0
3603 3839 3
3839 3603 0
3604 3839 3
3839 3604 0
3605 3839 3
3839 3605 0
3606 3839 3
3839 3606 0
3607 3839 3
3839 3607 0
3608 3839 3
3839 3608 0
3609 3839 3
3839 3609 0
3610 3839 3
3839 3610 0
3611 3839 3
3839 3611 0
3612 3839 3
3839 3612 0
3613 3839 3
3839 3613 0
3614 3839 3
3839 3614 0
3615 3839 3
3839 3615 0
3616 3839 3
3839 3616 0
3617 3839 3
3839 3617 0
3618 3839 3
3839 3618 0
3619 3839 3
3839 3619 0
3620 3839 3
3839 3620 0
3621 3839 3
3839 3621 0
3622 3839 3
3839 3622 0
3623 3839 3
3839 3623 0
3624 3839 3
3839 3624 0
3625 3839 3
3839 3625 0
3626 3839 3
3839 3626 0
3627 3839 3
3839 3627 0
3628 3839 3
3839 3628 0
3629 3839 3
3839 3629 0
3630 3839 3
3839 3630 0
3631 3839 3
3839 3631 0
3632 3839 3
3839 3632 0
3633 3839 3
3839 3633 0
3634 3839 3
3839 3634 0
3635 3839 3
3839 3635 0
3636 3839 3
3839 3636 0
3637 3839 3
3839 3637 0
3638 3839 3
3839 3638 0
3639 3839 3
3839 3639 0
3640 3839 3
3839 3640 0
3641 3839 3
3839 3641 0
3642 3839 3
3839 3642 0
3643 3839 3
3839 3643 0
3644 3839 3
3839 3644 0
3645 3839 3
3839 3645 0
3646 3839 3
3839 3646 0
3647 3839 3
3839 3647 0
3648 3839 3
3839 3648 0
3649 3839 3
3839 3649 0
3650 3839 3
3839 3650 0
3651 3839 3
3839 3651 0
3652 3839 3
3839 3652 0
3653 3839 3
3839 3653 0
3654 3839 3
3839 3654 0
3655 3839 3
3839 3655 0
3656 3839 3
3839 3656 0
3657 3839 3
3839 3657 0
3658 3839 3
3839 3658 0
3659 3839 3
3839 3659 0
3660 3839 3
3839 3660 0
3661 3839 3
3839 3661 0
3662 3839 3
3839 3662 0
3663 3839 3
3839 3663 0
3664 3839 3
3839 3664 0
3665 3839 3
3839 3665 0
3666 3839 3
3839 3666 0
3667 3839 3
3839 3667 0
3668 3839 3
3839 3668 0
3669 3839 3
3839 3669 0
3670 3839 3
3839 3670 0
3671 3839 3
3839 3671 0
3672 3839 3
3839 3672 0
3673 3839 3
3839 3673 0
3674 3839 3
3839 3674 0
3675 3839 3
3839 3675 0
3676 3839 3
3839 3676 0
3677 3839 3
3839 3677 0
3678 3839 3
3839 3678 0
3679 3839 3
3839 3679 0
3680 3839 3
3839 3680 0
3681 3839 3
3839 3681 0
3682 3839 3
3839 3682 0
3683 3839 3
3839 3683 0
3684 3839 3
3839 3684 0
3685 3839 3
3839 3685 0
3686 3839 3
3839 3686 0
3687 3839 3
3839 3687 0
3688 3839 3
3839 3688 0
3689 3839 3
3839 3689 0
3690 3839 3
3839 3690 0
3691 3839 3
3839 3691 0
3692 3839 3
3839 3692 0
3693 3839 3
3839 3693 0
3694 3839 3
3839 3694 0
3695 3839 3
3839 3695 0
3696 3839 3
3839 3696 0
3697 3839 3
3839 3697 0
3698 3839 3
3839 3698 0
3699 3839 3
3839 3699 0
3700 3839 3
3839 3700 0
3701 3839 3
3839 3701 0
3702 3839 3
3839 3702 0
3703 3839 3
3839 3703 0
3704 3839 3
3839 3704 0
3705 3839 3
3839 3705 0
3706 3839 3
3839 3706 0
3707 3839 3
3839 3707 0
3708 3839 3
3839 3708 0
3709 3839 3
3839 3709 0
3710 3839 3
3839 3710 0
3711 3839 3
3839 3711 0
3712 3839 3
3839 3712 0
3713 3839 3
3839 3713 0
3714 3839 3
3839 3714 0
3715 3839 3
3839 3715 0
3716 3839 3
3839 3716 0
3717 3839 3
3839 3717 0
3718 3839 3
3839 3718 0
3719 3839 3
3839 3719 0
3720 3839 3
3839 3720 0
3721 3839 3
3839 3721 0
3722 3839 3
3839 3722 0
3723 3839 3
3839 3723 0
3724 3839 3
3839 3724 0
3725 3839 3
3839 3725 0
3726 3839 3
3839 3726 0
3727 3839 3
3839 3727 0
3728 3839 3
3839 3728 0
3729 3839 3
3839 3729 0
3730 3839 3
3839 3730 0
3731 3839 3
3839 3731 0
3732 3839 3
3839 3732 0
3733 3839 3
3839 3733 0
3734 3839 3
3839 3734 0
3735 3839 3
3839 3735 0
3736 3839 3
3839 3736 0
3737 3839 3
3839 3737 0
3738 3839 3
3839 3738 0
3739 3839 3
3839 3739 0
3740 3839 3
3839 3740 0
3741 3839 3
3839 3741 0
3742 3839 3
3839 3742 0
3743 3839 3
3839 3743 0
3744 3839 3
3839 3744 0
3745 3839 3
3839 3745 0
3746 3839 3
3839 3746 0
3747 3839 3
3839 3747 0
3748 3839 3
3839 3748 0
3749 3839 3
3839 3749 0
3750 3839 3
3839 3750 0
3751 3839 3
3839 3751 0
3752 3839 3
3839 3752 0
3753 3839 3
3839 3753 0
3754 3839 3
3839 3754 0
3755 3839 3
3839 3755 0
3756 3839 3
3839 3756 0
3757 3839 3
3839 3757 0
3758 3839 3
3839 3758 0
3759 3839 3
3839 3759 0
3760 3839 3
3839 3760 0
3761 3839 3
3839 3761 0
3762 3839 3
3839 3762 0
3763 3839 3
3839 3763 0
3764 3839 3
3839 3764 0
3765 3839 3
3839 3765 0
3766 3839 3
3839 3766 0
3767 3839 3
3839 3767 0
3768 3839 3
3839 3768 0
3769 3839 3
3839 3769 0
3770 3839 3
3839 3770 0
3771 3839 3
3839 3771 0
3772 3839 3
3839 3772 0
3773 3839 3
3839 3773 0
3774 3839 3
3839 3774 0
3775 3839 3
3839 3775 0
3776 3839 3
3839 3776 0
3777 3839 3
3839 3777 0
3778 3839 3
3839 3778 0
3779 3839 3
3839 3779 0
3780 3839 3
3839 3780 0
3781 3839 3
3839 3781 0
3782 3839 3
3839 3782 0
3783 3839 3
3839 3783 0
3784 3839 3
3839 3784 0
3785 3839 3
3839 3785 0
3786 3839 3
3839 3786 0
3787 3839 3
3839 3787 0
3788 3839 3
3839 3788 0
3789 3839 3
3839 3789 0
3790 3839 3
3839 3790 0
3791 3839 3
3839 3791 0
3792 3839 3
3839 3792 0
3793 3839 3
3839 3793 0
3794 3839 3
3839 3794 0
3795 3839 3
3839 3795 0
3796 3839 3
3839 3796 0
3797 3839 3
3839 3797 0
3798 3839 3
3839 3798 0
3799 3839 3
3839 3799 0
3800 3839 3
3839 3800 0
3801 3839 3
3839 3801 0
3802 3839 3
3839 3802 0
3803 3839 3
3839 3803 0
3804 3839 3
3839 3804 0
3805 3839 3
3839 3805 0
3806 3839 3
3839 3806 0
3807 3839 3
3839 3807 0
3808 3839 3
3839 3808 0
3809 3839 3
3839 3809 0
3810 3839 3
3839 3810 0
3811 3839 3
3839 3811 0
3812 3839 3
3839 3812 0
3813 3839 3
3839 3813 0
3814 3839 3
3839 3814 0
3815 3839 3
3839 3815 0
3816 3839 3
3839 3816 0
3817 3839 3
3839 3817 0
3818 3839 3
3839 3818 0
3819 3839 3
3839 3819 0
3820 3839 3
3839 3820 0
3821 3839 3
3839 3821 0
3822 3839 3
3839 3822 0
3823 3839 3
3839 3823 0
3824 3839 3
3839 3824 0
3825 3839 3
3839 3825 0
3826 3839 3
3839 3826 0
3827 3839 3
3839 3827 0
3828 3839 3
3839 3828 0
3829 3839 3
3839 3829 0
3830 3839 3
3839 3830 0
3831 3839 3
3839 3831 0
3832 3839 3
3839 3832 0
3833 3839 3
3839 3833 0
3834 3839 3
3839 3834 0
3835 3839 3
3839 3835 0
3836 3839 3
3839 3836 0
3837 3839 3
3839 3837 0
3838 3839 3
3839 3838 0
