628 627 21 1254
1 628 1
628 1 0
2 628 1
628 2 0
3 628 1
628 3 0
4 628 1
628 4 0
5 628 1
628 5 0
6 628 1
628 6 0
7 628 1
628 7 0
8 628 1
628 8 0
9 628 1
628 9 0
10 628 1
628 10 0
11 628 1
628 11 0
12 628 1
628 12 0
13 628 1
628 13 0
14 628 1
628 14 0
15 628 1
628 15 0
16 628 1
628 16 0
17 628 1
628 17 0
18 628 1
628 18 0
19 628 1
628 19 0
20 628 1
628 20 0
21 628 1
628 21 0
22 628 1
628 22 0
23 628 1
628 23 0
24 628 1
628 24 0
25 628 1
628 25 0
26 628 1
628 26 0
27 628 1
628 27 0
28 628 1
628 28 0
29 628 1
628 29 0
30 628 1
628 30 0
31 628 1
628 31 0
32 628 1
628 32 0
33 628 1
628 33 0
34 628 1
628 34 0
35 628 1
628 35 0
36 628 1
628 36 0
37 628 1
628 37 0
38 628 1
628 38 0
39 628 1
628 39 0
40 628 1
628 40 0
41 628 1
628 41 0
42 628 1
628 42 0
43 628 1
628 43 0
44 628 1
628 44 0
45 628 1
628 45 0
46 628 1
628 46 0
47 628 1
628 47 0
48 628 1
628 48 0
49 628 1
628 49 0
50 628 1
628 50 0
51 628 1
628 51 0
52 628 1
628 52 0
53 628 1
628 53 0
54 628 1
628 54 0
55 628 1
628 55 0
56 628 1
628 56 0
57 628 1
628 57 0
58 628 1
628 58 0
59 628 1
628 59 0
60 628 1
628 60 0
61 628 1
628 61 0
62 628 1
628 62 0
63 628 1
628 63 0
64 628 1
628 64 0
65 628 1
628 65 0
66 628 1
628 66 0
67 628 1
628 67 0
68 628 1
628 68 0
69 628 1
628 69 0
70 628 1
628 70 0
71 628 1
628 71 0
72 628 1
628 72 0
73 628 1
628 73 0
74 628 1
628 74 0
75 628 1
628 75 0
76 628 1
628 76 0
77 628 1
628 77 0
78 628 1
628 78 0
79 628 1
628 79 0
80 628 1
628 80 0
81 628 1
628 81 0
82 628 1
628 82 0
83 628 1
628 83 0
84 628 1
628 84 0
85 628 1
628 85 0
86 628 1
628 86 0
87 628 1
628 87 0
88 628 1
628 88 0
89 628 1
628 89 0
90 628 1
628 90 0
91 628 1
628 91 0
92 628 1
628 92 0
93 628 1
628 93 0
94 628 1
628 94 0
95 628 1
628 95 0
96 628 1
628 96 0
97 628 1
628 97 0
98 628 1
628 98 0
99 628 1
628 99 0
100 628 1
628 100 0
101 628 1
628 101 0
102 628 1
628 102 0
103 628 1
628 103 0
104 628 1
628 104 0
105 628 1
628 105 0
106 628 1
628 106 0
107 628 1
628 107 0
108 628 1
628 108 0
109 628 1
628 109 0
110 628 1
628 110 0
111 628 1
628 111 0
112 628 1
628 112 0
113 628 1
628 113 0
114 628 1
628 114 0
115 628 1
628 115 0
116 628 1
628 116 0
117 628 1
628 117 0
118 628 1
628 118 0
119 628 1
628 119 0
120 628 1
628 120 0
121 628 1
628 121 0
122 628 1
628 122 0
123 628 1
628 123 0
124 628 1
628 124 0
125 628 1
628 125 0
126 628 1
628 126 0
127 628 1
628 127 0
128 628 1
628 128 0
129 628 1
628 129 0
130 628 1
628 130 0
131 628 1
628 131 0
132 628 1
628 132 0
133 628 1
628 133 0
134 628 1
628 134 0
135 628 1
628 135 0
136 628 1
628 136 0
137 628 1
628 137 0
138 628 1
628 138 0
139 628 1
628 139 0
140 628 1
628 140 0
141 628 1
628 141 0
142 628 1
628 142 0
143 628 1
628 143 0
144 628 1
628 144 0
145 628 1
628 145 0
146 628 1
628 146 0
147 628 1
628 147 0
148 628 1
628 148 0
149 628 1
628 149 0
150 628 1
628 150 0
151 628 1
628 151 0
152 628 1
628 152 0
153 628 1
628 153 0
154 628 1
628 154 0
155 628 1
628 155 0
156 628 1
628 156 0
157 628 1
628 157 0
158 628 1
628 158 0
159 628 1
628 159 0
160 628 1
628 160 0
161 628 1
628 161 0
162 628 1
628 162 0
163 628 1
628 163 0
164 628 1
628 164 0
165 628 1
628 165 0
166 628 1
628 166 0
167 628 1
628 167 0
168 628 1
628 168 0
169 628 1
628 169 0
170 628 1
628 170 0
171 628 1
628 171 0
172 628 1
628 172 0
173 628 1
628 173 0
174 628 1
628 174 0
175 628 1
628 175 0
176 628 1
628 176 0
177 628 1
628 177 0
178 628 1
628 178 0
179 628 1
628 179 0
180 628 1
628 180 0
181 628 1
628 181 0
182 628 1
628 182 0
183 628 1
628 183 0
184 628 1
628 184 0
185 628 1
628 185 0
186 628 1
628 186 0
187 628 1
628 187 0
188 628 1
628 188 0
189 628 1
628 189 0
190 628 1
628 190 0
191 628 1
628 191 0
192 628 1
628 192 0
193 628 1
628 193 0
194 628 1
628 194 0
195 628 1
628 195 0
196 628 1
628 196 0
197 628 1
628 197 0
198 628 1
628 198 0
199 628 1
628 199 0
200 628 1
628 200 0
201 628 1
628 201 0
202 628 1
628 202 0
203 628 1
628 203 0
204 628 1
628 204 0
205 628 1
628 205 0
206 628 1
628 206 0
207 628 1
628 207 0
208 628 1
628 208 0
209 628 1
628 209 0
210 628 1
628 210 0
211 628 1
628 211 0
212 628 1
628 212 0
213 628 1
628 213 0
214 628 1
628 214 0
215 628 1
628 215 0
216 628 1
628 216 0
217 628 1
628 217 0
218 628 1
628 218 0
219 628 1
628 219 0
220 628 1
628 220 0
221 628 1
628 221 0
222 628 1
628 222 0
223 628 1
628 223 0
224 628 1
628 224 0
225 628 1
628 225 0
226 628 1
628 226 0
227 628 1
628 227 0
228 628 1
628 228 0
229 628 1
628 229 0
230 628 1
628 230 0
231 628 1
628 231 0
232 628 1
628 232 0
233 628 1
628 233 0
234 628 1
628 234 0
235 628 1
628 235 0
236 628 1
628 236 0
237 628 1
628 237 0
238 628 1
628 238 0
239 628 1
628 239 0
240 628 1
628 240 0
241 628 1
628 241 0
242 628 1
628 242 0
243 628 1
628 243 0
244 628 1
628 244 0
245 628 1
628 245 0
246 628 1
628 246 0
247 628 1
628 247 0
248 628 1
628 248 0
249 628 1
628 249 0
250 628 1
628 250 0
251 628 1
628 251 0
252 628 1
628 252 0
253 628 1
628 253 0
254 628 1
628 254 0
255 628 1
628 255 0
256 628 1
628 256 0
257 628 1
628 257 0
258 628 1
628 258 0
259 628 1
628 259 0
260 628 1
628 260 0
261 628 1
628 261 0
262 628 1
628 262 0
263 628 1
628 263 0
264 628 1
628 264 0
265 628 1
628 265 0
266 628 1
628 266 0
267 628 1
628 267 0
268 628 1
628 268 0
269 628 1
628 269 0
270 628 1
628 270 0
271 628 1
628 271 0
272 628 1
628 272 0
273 628 1
628 273 0
274 628 1
628 274 0
275 628 1
628 275 0
276 628 1
628 276 0
277 628 1
628 277 0
278 628 1
628 278 0
279 628 1
628 279 0
280 628 1
628 280 0
281 628 1
628 281 0
282 628 1
628 282 0
283 628 1
628 283 0
284 628 1
628 284 0
285 628 1
628 285 0
286 628 1
628 286 0
287 628 1
628 287 0
288 628 1
628 288 0
289 628 1
628 289 0
290 628 1
628 290 0
291 628 1
628 291 0
292 628 1
628 292 0
293 628 1
628 293 0
294 628 1
628 294 0
295 628 1
628 295 0
296 628 1
628 296 0
297 628 1
628 297 0
298 628 1
628 298 0
299 628 1
628 299 0
300 628 1
628 300 0
301 628 1
628 301 0
302 628 1
628 302 0
303 628 1
628 303 0
304 628 1
628 304 0
305 628 1
628 305 0
306 628 1
628 306 0
307 628 1
628 307 0
308 628 1
628 308 0
309 628 1
628 309 0
310 628 1
628 310 0
311 628 1
628 311 0
312 628 1
628 312 0
313 628 1
628 313 0
314 628 1
628 314 0
315 628 1
628 315 0
316 628 1
628 316 0
317 628 1
628 317 0
318 628 1
628 318 0
319 628 1
628 319 0
320 628 1
628 320 0
321 628 1
628 321 0
322 628 1
628 322 0
323 628 1
628 323 0
324 628 1
628 324 0
325 628 1
628 325 0
326 628 1
628 326 0
327 628 1
628 327 0
328 628 1
628 328 0
329 628 1
628 329 0
330 628 1
628 330 0
331 628 1
628 331 0
332 628 1
628 332 0
333 628 1
628 333 0
334 628 1
628 334 0
335 628 1
628 335 0
336 628 1
628 336 0
337 628 1
628 337 0
338 628 1
628 338 0
339 628 1
628 339 0
340 628 1
628 340 0
341 628 1
628 341 0
342 628 1
628 342 0
343 628 1
628 343 0
344 628 1
628 344 0
345 628 1
628 345 0
346 628 1
628 346 0
347 628 1
628 347 0
348 628 1
628 348 0
349 628 1
628 349 0
350 628 1
628 350 0
351 628 1
628 351 0
352 628 1
628 352 0
353 628 1
628 353 0
354 628 1
628 354 0
355 628 1
628 355 0
356 628 1
628 356 0
357 628 1
628 357 0
358 628 1
628 358 0
359 628 1
628 359 0
360 628 1
628 360 0
361 628 1
628 361 0
362 628 1
628 362 0
363 628 1
628 363 0
364 628 1
628 364 0
365 628 1
628 365 0
366 628 1
628 366 0
367 628 1
628 367 0
368 628 1
628 368 0
369 628 1
628 369 0
370 628 1
628 370 0
371 628 24
628 371 0
372 628 24
628 372 0
373 628 24
628 373 0
374 628 24
628 374 0
375 628 24
628 375 0
376 628 24
628 376 0
377 628 24
628 377 0
378 628 24
628 378 0
379 628 24
628 379 0
380 628 24
628 380 0
381 628 24
628 381 0
382 628 24
628 382 0
383 628 24
628 383 0
384 628 24
628 384 0
385 628 24
628 385 0
386 628 24
628 386 0
387 628 24
628 387 0
388 628 24
628 388 0
389 628 24
628 389 0
390 628 24
628 390 0
391 628 24
628 391 0
392 628 24
628 392 0
393 628 24
628 393 0
394 628 24
628 394 0
395 628 24
628 395 0
396 628 24
628 396 0
397 628 24
628 397 0
398 628 24
628 398 0
399 628 24
628 399 0
400 628 24
628 400 0
401 628 24
628 401 0
402 628 24
628 402 0
403 628 24
628 403 0
404 628 24
628 404 0
405 628 24
628 405 0
406 628 24
628 406 0
407 628 24
628 407 0
408 628 24
628 408 0
409 628 24
628 409 0
410 628 24
628 410 0
411 628 24
628 411 0
412 628 24
628 412 0
413 628 24
628 413 0
414 628 24
628 414 0
415 628 24
628 415 0
416 628 24
628 416 0
417 628 24
628 417 0
418 628 24
628 418 0
419 628 24
628 419 0
420 628 24
628 420 0
421 628 24
628 421 0
422 628 24
628 422 0
423 628 24
628 423 0
424 628 24
628 424 0
425 628 24
628 425 0
426 628 24
628 426 0
427 628 24
628 427 0
428 628 24
628 428 0
429 628 24
628 429 0
430 628 24
628 430 0
431 628 24
628 431 0
432 628 24
628 432 0
433 628 24
628 433 0
434 628 24
628 434 0
435 628 24
628 435 0
436 628 24
628 436 0
437 628 24
628 437 0
438 628 24
628 438 0
439 628 24
628 439 0
440 628 24
628 440 0
441 628 24
628 441 0
442 628 24
628 442 0
443 628 24
628 443 0
444 628 24
628 444 0
445 628 24
628 445 0
446 628 24
628 446 0
447 628 24
628 447 0
448 628 24
628 448 0
449 628 24
628 449 0
450 628 24
628 450 0
451 628 24
628 451 0
452 628 24
628 452 0
453 628 24
628 453 0
454 628 24
628 454 0
455 628 24
628 455 0
456 628 24
628 456 0
457 628 24
628 457 0
458 628 24
628 458 0
459 628 24
628 459 0
460 628 24
628 460 0
461 628 24
628 461 0
462 628 24
628 462 0
463 628 24
628 463 0
464 628 24
628 464 0
465 628 24
628 465 0
466 628 24
628 466 0
467 628 24
628 467 0
468 628 24
628 468 0
469 628 24
628 469 0
470 628 24
628 470 0
471 628 24
628 471 0
472 628 24
628 472 0
473 628 24
628 473 0
474 628 24
628 474 0
475 628 24
628 475 0
476 628 24
628 476 0
477 628 24
628 477 0
478 628 24
628 478 0
479 628 24
628 479 0
480 628 24
628 480 0
481 628 24
628 481 0
482 628 24
628 482 0
483 628 24
628 483 0
484 628 24
628 484 0
485 628 24
628 485 0
486 628 24
628 486 0
487 628 24
628 487 0
488 628 24
628 488 0
489 628 24
628 489 0
490 628 24
628 490 0
491 628 24
628 491 0
492 628 24
628 492 0
493 628 24
628 493 0
494 628 24
628 494 0
495 628 24
628 495 0
496 628 24
628 496 0
497 628 24
628 497 0
498 628 24
628 498 0
499 628 24
628 499 0
500 628 24
628 500 0
501 628 24
628 501 0
502 628 24
628 502 0
503 628 24
628 503 0
504 628 24
628 504 0
505 628 24
628 505 0
506 628 24
628 506 0
507 628 24
628 507 0
508 628 24
628 508 0
509 628 24
628 509 0
510 628 24
628 510 0
511 628 24
628 511 0
512 628 24
628 512 0
513 628 24
628 513 0
514 628 24
628 514 0
515 628 24
628 515 0
516 628 24
628 516 0
517 628 24
628 517 0
518 628 24
628 518 0
519 628 24
628 519 0
520 628 24
628 520 0
521 628 24
628 521 0
522 628 24
628 522 0
523 628 24
628 523 0
524 628 24
628 524 0
525 628 24
628 525 0
526 628 24
628 526 0
527 628 24
628 527 0
528 628 24
628 528 0
529 628 24
628 529 0
530 628 24
628 530 0
531 628 24
628 531 0
532 628 24
628 532 0
533 628 24
628 533 0
534 628 24
628 534 0
535 628 24
628 535 0
536 628 24
628 536 0
537 628 24
628 537 0
538 628 24
628 538 0
539 628 24
628 539 0
540 628 24
628 540 0
541 628 24
628 541 0
542 628 24
628 542 0
543 628 24
628 543 0
544 628 24
628 544 0
545 628 24
628 545 0
546 628 24
628 546 0
547 628 24
628 547 0
548 628 24
628 548 0
549 628 24
628 549 0
550 628 24
628 550 0
551 628 24
628 551 0
552 628 24
628 552 0
553 628 24
628 553 0
554 628 24
628 554 0
555 628 24
628 555 0
556 628 24
628 556 0
557 628 24
628 557 0
558 628 24
628 558 0
559 628 24
628 559 0
560 628 24
628 560 0
561 628 24
628 561 0
562 628 24
628 562 0
563 628 24
628 563 0
564 628 24
628 564 0
565 628 24
628 565 0
566 628 24
628 566 0
567 628 24
628 567 0
568 628 24
628 568 0
569 628 24
628 569 0
570 628 24
628 570 0
571 628 24
628 571 0
572 628 24
628 572 0
573 628 24
628 573 0
574 628 24
628 574 0
575 628 24
628 575 0
576 628 24
628 576 0
577 628 24
628 577 0
578 628 24
628 578 0
579 628 24
628 579 0
580 628 24
628 580 0
581 628 24
628 581 0
582 628 24
628 582 0
583 628 24
628 583 0
584 628 24
628 584 0
585 628 24
628 585 0
586 628 24
628 586 0
587 628 24
628 587 0
588 628 24
628 588 0
589 628 24
628 589 0
590 628 24
628 590 0
591 628 24
628 591 0
592 628 24
628 592 0
593 628 24
628 593 0
594 628 24
628 594 0
595 628 24
628 595 0
596 628 24
628 596 0
597 628 24
628 597 0
598 628 24
628 598 0
599 628 24
628 599 0
600 628 24
628 600 0
601 628 24
628 601 0
602 628 24
628 602 0
603 628 24
628 603 0
604 628 24
628 604 0
605 628 24
628 605 0
606 628 24
628 606 0
607 628 24
628 607 0
608 628 24
628 608 0
609 628 24
628 609 0
610 628 24
628 610 0
611 628 24
628 611 0
612 628 24
628 612 0
613 628 24
628 613 0
614 628 24
628 614 0
615 628 24
628 615 0
616 628 24
628 616 0
617 628 24
628 617 0
618 628 24
628 618 0
619 628 24
628 619 0
620 628 24
628 620 0
621 628 24
628 621 0
622 628 24
628 622 0
623 628 24
628 623 0
624 628 24
628 624 0
625 628 24
628 625 0
626 628 24
628 626 0
627 628 24
628 627 0
