1137 1136 15 2272
1 1137 1
1137 1 0
2 1137 1
1137 2 0
3 1137 1
1137 3 0
4 1137 1
1137 4 0
5 1137 1
1137 5 0
6 1137 1
1137 6 0
7 1137 1
1137 7 0
8 1137 1
1137 8 0
9 1137 1
1137 9 0
10 1137 1
1137 10 0
11 1137 1
1137 11 0
12 1137 1
1137 12 0
13 1137 1
1137 13 0
14 1137 1
1137 14 0
15 1137 1
1137 15 0
16 1137 1
1137 16 0
17 1137 1
1137 17 0
18 1137 1
1137 18 0
19 1137 1
1137 19 0
20 1137 1
1137 20 0
21 1137 1
1137 21 0
22 1137 1
1137 22 0
23 1137 1
1137 23 0
24 1137 1
1137 24 0
25 1137 1
1137 25 0
26 1137 1
1137 26 0
27 1137 1
1137 27 0
28 1137 1
1137 28 0
29 1137 1
1137 29 0
30 1137 1
1137 30 0
31 1137 1
1137 31 0
32 1137 1
1137 32 0
33 1137 1
1137 33 0
34 1137 1
1137 34 0
35 1137 1
1137 35 0
36 1137 1
1137 36 0
37 1137 1
1137 37 0
38 1137 1
1137 38 0
39 1137 1
1137 39 0
40 1137 1
1137 40 0
41 1137 1
1137 41 0
42 1137 1
1137 42 0
43 1137 1
1137 43 0
44 1137 1
1137 44 0
45 1137 1
1137 45 0
46 1137 1
1137 46 0
47 1137 1
1137 47 0
48 1137 1
1137 48 0
49 1137 1
1137 49 0
50 1137 1
1137 50 0
51 1137 1
1137 51 0
52 1137 1
1137 52 0
53 1137 1
1137 53 0
54 1137 1
1137 54 0
55 1137 1
1137 55 0
56 1137 1
1137 56 0
57 1137 1
1137 57 0
58 1137 1
1137 58 0
59 1137 1
1137 59 0
60 1137 1
1137 60 0
61 1137 1
1137 61 0
62 1137 1
1137 62 0
63 1137 1
1137 63 0
64 1137 1
1137 64 0
65 1137 1
1137 65 0
66 1137 1
1137 66 0
67 1137 1
1137 67 0
68 1137 1
1137 68 0
69 1137 1
1137 69 0
70 1137 1
1137 70 0
71 1137 1
1137 71 0
72 1137 1
1137 72 0
73 1137 1
1137 73 0
74 1137 1
1137 74 0
75 1137 1
1137 75 0
76 1137 1
1137 76 0
77 1137 1
1137 77 0
78 1137 1
1137 78 0
79 1137 1
1137 79 0
80 1137 1
1137 80 0
81 1137 1
1137 81 0
82 1137 1
1137 82 0
83 1137 1
1137 83 0
84 1137 1
1137 84 0
85 1137 1
1137 85 0
86 1137 1
1137 86 0
87 1137 1
1137 87 0
88 1137 1
1137 88 0
89 1137 1
1137 89 0
90 1137 1
1137 90 0
91 1137 1
1137 91 0
92 1137 1
1137 92 0
93 1137 1
1137 93 0
94 1137 1
1137 94 0
95 1137 1
1137 95 0
96 1137 1
1137 96 0
97 1137 1
1137 97 0
98 1137 1
1137 98 0
99 1137 1
1137 99 0
100 1137 1
1137 100 0
101 1137 1
1137 101 0
102 1137 1
1137 102 0
103 1137 1
1137 103 0
104 1137 1
1137 104 0
105 1137 1
1137 105 0
106 1137 1
1137 106 0
107 1137 1
1137 107 0
108 1137 1
1137 108 0
109 1137 1
1137 109 0
110 1137 1
1137 110 0
111 1137 1
1137 111 0
112 1137 1
1137 112 0
113 1137 1
1137 113 0
114 1137 1
1137 114 0
115 1137 1
1137 115 0
116 1137 1
1137 116 0
117 1137 1
1137 117 0
118 1137 1
1137 118 0
119 1137 1
1137 119 0
120 1137 1
1137 120 0
121 1137 1
1137 121 0
122 1137 1
1137 122 0
123 1137 1
1137 123 0
124 1137 1
1137 124 0
125 1137 1
1137 125 0
126 1137 1
1137 126 0
127 1137 1
1137 127 0
128 1137 1
1137 128 0
129 1137 1
1137 129 0
130 1137 1
1137 130 0
131 1137 1
1137 131 0
132 1137 1
1137 132 0
133 1137 1
1137 133 0
134 1137 1
1137 134 0
135 1137 1
1137 135 0
136 1137 1
1137 136 0
137 1137 1
1137 137 0
138 1137 1
1137 138 0
139 1137 1
1137 139 0
140 1137 1
1137 140 0
141 1137 1
1137 141 0
142 1137 1
1137 142 0
143 1137 1
1137 143 0
144 1137 1
1137 144 0
145 1137 1
1137 145 0
146 1137 1
1137 146 0
147 1137 1
1137 147 0
148 1137 1
1137 148 0
149 1137 1
1137 149 0
150 1137 1
1137 150 0
151 1137 1
1137 151 0
152 1137 1
1137 152 0
153 1137 1
1137 153 0
154 1137 1
1137 154 0
155 1137 1
1137 155 0
156 1137 1
1137 156 0
157 1137 1
1137 157 0
158 1137 1
1137 158 0
159 1137 1
1137 159 0
160 1137 1
1137 160 0
161 1137 1
1137 161 0
162 1137 1
1137 162 0
163 1137 1
1137 163 0
164 1137 1
1137 164 0
165 1137 1
1137 165 0
166 1137 1
1137 166 0
167 1137 1
1137 167 0
168 1137 1
1137 168 0
169 1137 1
1137 169 0
170 1137 1
1137 170 0
171 1137 1
1137 171 0
172 1137 1
1137 172 0
173 1137 1
1137 173 0
174 1137 1
1137 174 0
175 1137 1
1137 175 0
176 1137 1
1137 176 0
177 1137 1
1137 177 0
178 1137 1
1137 178 0
179 1137 1
1137 179 0
180 1137 1
1137 180 0
181 1137 1
1137 181 0
182 1137 1
1137 182 0
183 1137 1
1137 183 0
184 1137 1
1137 184 0
185 1137 1
1137 185 0
186 1137 1
1137 186 0
187 1137 1
1137 187 0
188 1137 1
1137 188 0
189 1137 1
1137 189 0
190 1137 1
1137 190 0
191 1137 1
1137 191 0
192 1137 1
1137 192 0
193 1137 1
1137 193 0
194 1137 1
1137 194 0
195 1137 1
1137 195 0
196 1137 1
1137 196 0
197 1137 1
1137 197 0
198 1137 1
1137 198 0
199 1137 1
1137 199 0
200 1137 1
1137 200 0
201 1137 1
1137 201 0
202 1137 1
1137 202 0
203 1137 1
1137 203 0
204 1137 1
1137 204 0
205 1137 1
1137 205 0
206 1137 1
1137 206 0
207 1137 1
1137 207 0
208 1137 1
1137 208 0
209 1137 1
1137 209 0
210 1137 1
1137 210 0
211 1137 1
1137 211 0
212 1137 1
1137 212 0
213 1137 1
1137 213 0
214 1137 1
1137 214 0
215 1137 1
1137 215 0
216 1137 1
1137 216 0
217 1137 1
1137 217 0
218 1137 1
1137 218 0
219 1137 1
1137 219 0
220 1137 1
1137 220 0
221 1137 1
1137 221 0
222 1137 1
1137 222 0
223 1137 1
1137 223 0
224 1137 1
1137 224 0
225 1137 1
1137 225 0
226 1137 1
1137 226 0
227 1137 1
1137 227 0
228 1137 1
1137 228 0
229 1137 1
1137 229 0
230 1137 1
1137 230 0
231 1137 1
1137 231 0
232 1137 1
1137 232 0
233 1137 1
1137 233 0
234 1137 1
1137 234 0
235 1137 1
1137 235 0
236 1137 1
1137 236 0
237 1137 1
1137 237 0
238 1137 1
1137 238 0
239 1137 1
1137 239 0
240 1137 1
1137 240 0
241 1137 1
1137 241 0
242 1137 1
1137 242 0
243 1137 1
1137 243 0
244 1137 1
1137 244 0
245 1137 1
1137 245 0
246 1137 1
1137 246 0
247 1137 1
1137 247 0
248 1137 1
1137 248 0
249 1137 1
1137 249 0
250 1137 1
1137 250 0
251 1137 1
1137 251 0
252 1137 1
1137 252 0
253 1137 1
1137 253 0
254 1137 1
1137 254 0
255 1137 1
1137 255 0
256 1137 1
1137 256 0
257 1137 1
1137 257 0
258 1137 1
1137 258 0
259 1137 1
1137 259 0
260 1137 1
1137 260 0
261 1137 1
1137 261 0
262 1137 1
1137 262 0
263 1137 1
1137 263 0
264 1137 1
1137 264 0
265 1137 1
1137 265 0
266 1137 1
1137 266 0
267 1137 1
1137 267 0
268 1137 1
1137 268 0
269 1137 1
1137 269 0
270 1137 1
1137 270 0
271 1137 1
1137 271 0
272 1137 1
1137 272 0
273 1137 1
1137 273 0
274 1137 1
1137 274 0
275 1137 1
1137 275 0
276 1137 1
1137 276 0
277 1137 1
1137 277 0
278 1137 1
1137 278 0
279 1137 1
1137 279 0
280 1137 1
1137 280 0
281 1137 1
1137 281 0
282 1137 1
1137 282 0
283 1137 1
1137 283 0
284 1137 1
1137 284 0
285 1137 1
1137 285 0
286 1137 1
1137 286 0
287 1137 1
1137 287 0
288 1137 1
1137 288 0
289 1137 1
1137 289 0
290 1137 1
1137 290 0
291 1137 1
1137 291 0
292 1137 1
1137 292 0
293 1137 1
1137 293 0
294 1137 1
1137 294 0
295 1137 1
1137 295 0
296 1137 1
1137 296 0
297 1137 1
1137 297 0
298 1137 1
1137 298 0
299 1137 1
1137 299 0
300 1137 1
1137 300 0
301 1137 1
1137 301 0
302 1137 1
1137 302 0
303 1137 1
1137 303 0
304 1137 1
1137 304 0
305 1137 1
1137 305 0
306 1137 1
1137 306 0
307 1137 1
1137 307 0
308 1137 1
1137 308 0
309 1137 1
1137 309 0
310 1137 1
1137 310 0
311 1137 1
1137 311 0
312 1137 1
1137 312 0
313 1137 1
1137 313 0
314 1137 1
1137 314 0
315 1137 1
1137 315 0
316 1137 1
1137 316 0
317 1137 1
1137 317 0
318 1137 1
1137 318 0
319 1137 1
1137 319 0
320 1137 1
1137 320 0
321 1137 1
1137 321 0
322 1137 1
1137 322 0
323 1137 1
1137 323 0
324 1137 1
1137 324 0
325 1137 1
1137 325 0
326 1137 1
1137 326 0
327 1137 1
1137 327 0
328 1137 1
1137 328 0
329 1137 1
1137 329 0
330 1137 1
1137 330 0
331 1137 1
1137 331 0
332 1137 1
1137 332 0
333 1137 1
1137 333 0
334 1137 1
1137 334 0
335 1137 1
1137 335 0
336 1137 1
1137 336 0
337 1137 1
1137 337 0
338 1137 1
1137 338 0
339 1137 1
1137 339 0
340 1137 1
1137 340 0
341 1137 1
1137 341 0
342 1137 1
1137 342 0
343 1137 1
1137 343 0
344 1137 1
1137 344 0
345 1137 1
1137 345 0
346 1137 1
1137 346 0
347 1137 1
1137 347 0
348 1137 1
1137 348 0
349 1137 1
1137 349 0
350 1137 1
1137 350 0
351 1137 1
1137 351 0
352 1137 1
1137 352 0
353 1137 1
1137 353 0
354 1137 1
1137 354 0
355 1137 1
1137 355 0
356 1137 1
1137 356 0
357 1137 1
1137 357 0
358 1137 1
1137 358 0
359 1137 1
1137 359 0
360 1137 1
1137 360 0
361 1137 1
1137 361 0
362 1137 1
1137 362 0
363 1137 1
1137 363 0
364 1137 1
1137 364 0
365 1137 1
1137 365 0
366 1137 1
1137 366 0
367 1137 1
1137 367 0
368 1137 1
1137 368 0
369 1137 1
1137 369 0
370 1137 1
1137 370 0
371 1137 1
1137 371 0
372 1137 1
1137 372 0
373 1137 1
1137 373 0
374 1137 1
1137 374 0
375 1137 1
1137 375 0
376 1137 1
1137 376 0
377 1137 1
1137 377 0
378 1137 1
1137 378 0
379 1137 1
1137 379 0
380 1137 1
1137 380 0
381 1137 1
1137 381 0
382 1137 1
1137 382 0
383 1137 1
1137 383 0
384 1137 1
1137 384 0
385 1137 1
1137 385 0
386 1137 1
1137 386 0
387 1137 1
1137 387 0
388 1137 1
1137 388 0
389 1137 1
1137 389 0
390 1137 1
1137 390 0
391 1137 1
1137 391 0
392 1137 1
1137 392 0
393 1137 1
1137 393 0
394 1137 1
1137 394 0
395 1137 1
1137 395 0
396 1137 1
1137 396 0
397 1137 1
1137 397 0
398 1137 1
1137 398 0
399 1137 1
1137 399 0
400 1137 1
1137 400 0
401 1137 1
1137 401 0
402 1137 1
1137 402 0
403 1137 1
1137 403 0
404 1137 1
1137 404 0
405 1137 1
1137 405 0
406 1137 1
1137 406 0
407 1137 1
1137 407 0
408 1137 1
1137 408 0
409 1137 1
1137 409 0
410 1137 1
1137 410 0
411 1137 1
1137 411 0
412 1137 1
1137 412 0
413 1137 1
1137 413 0
414 1137 1
1137 414 0
415 1137 1
1137 415 0
416 1137 1
1137 416 0
417 1137 1
1137 417 0
418 1137 1
1137 418 0
419 1137 1
1137 419 0
420 1137 1
1137 420 0
421 1137 1
1137 421 0
422 1137 1
1137 422 0
423 1137 1
1137 423 0
424 1137 1
1137 424 0
425 1137 1
1137 425 0
426 1137 1
1137 426 0
427 1137 1
1137 427 0
428 1137 1
1137 428 0
429 1137 1
1137 429 0
430 1137 1
1137 430 0
431 1137 1
1137 431 0
432 1137 1
1137 432 0
433 1137 1
1137 433 0
434 1137 1
1137 434 0
435 1137 1
1137 435 0
436 1137 1
1137 436 0
437 1137 1
1137 437 0
438 1137 1
1137 438 0
439 1137 1
1137 439 0
440 1137 1
1137 440 0
441 1137 1
1137 441 0
442 1137 1
1137 442 0
443 1137 1
1137 443 0
444 1137 1
1137 444 0
445 1137 1
1137 445 0
446 1137 1
1137 446 0
447 1137 1
1137 447 0
448 1137 1
1137 448 0
449 1137 1
1137 449 0
450 1137 1
1137 450 0
451 1137 1
1137 451 0
452 1137 1
1137 452 0
453 1137 1
1137 453 0
454 1137 1
1137 454 0
455 1137 1
1137 455 0
456 1137 1
1137 456 0
457 1137 1
1137 457 0
458 1137 1
1137 458 0
459 1137 1
1137 459 0
460 1137 1
1137 460 0
461 1137 1
1137 461 0
462 1137 1
1137 462 0
463 1137 1
1137 463 0
464 1137 1
1137 464 0
465 1137 1
1137 465 0
466 1137 1
1137 466 0
467 1137 1
1137 467 0
468 1137 1
1137 468 0
469 1137 1
1137 469 0
470 1137 1
1137 470 0
471 1137 1
1137 471 0
472 1137 1
1137 472 0
473 1137 1
1137 473 0
474 1137 1
1137 474 0
475 1137 1
1137 475 0
476 1137 1
1137 476 0
477 1137 1
1137 477 0
478 1137 1
1137 478 0
479 1137 1
1137 479 0
480 1137 1
1137 480 0
481 1137 1
1137 481 0
482 1137 1
1137 482 0
483 1137 1
1137 483 0
484 1137 1
1137 484 0
485 1137 1
1137 485 0
486 1137 1
1137 486 0
487 1137 1
1137 487 0
488 1137 1
1137 488 0
489 1137 1
1137 489 0
490 1137 1
1137 490 0
491 1137 1
1137 491 0
492 1137 1
1137 492 0
493 1137 1
1137 493 0
494 1137 1
1137 494 0
495 1137 1
1137 495 0
496 1137 1
1137 496 0
497 1137 1
1137 497 0
498 1137 1
1137 498 0
499 1137 1
1137 499 0
500 1137 1
1137 500 0
501 1137 1
1137 501 0
502 1137 1
1137 502 0
503 1137 1
1137 503 0
504 1137 1
1137 504 0
505 1137 1
1137 505 0
506 1137 1
1137 506 0
507 1137 1
1137 507 0
508 1137 1
1137 508 0
509 1137 1
1137 509 0
510 1137 1
1137 510 0
511 1137 1
1137 511 0
512 1137 1
1137 512 0
513 1137 1
1137 513 0
514 1137 1
1137 514 0
515 1137 1
1137 515 0
516 1137 1
1137 516 0
517 1137 1
1137 517 0
518 1137 1
1137 518 0
519 1137 1
1137 519 0
520 1137 1
1137 520 0
521 1137 1
1137 521 0
522 1137 1
1137 522 0
523 1137 1
1137 523 0
524 1137 1
1137 524 0
525 1137 1
1137 525 0
526 1137 1
1137 526 0
527 1137 1
1137 527 0
528 1137 1
1137 528 0
529 1137 1
1137 529 0
530 1137 1
1137 530 0
531 1137 1
1137 531 0
532 1137 1
1137 532 0
533 1137 1
1137 533 0
534 1137 1
1137 534 0
535 1137 1
1137 535 0
536 1137 1
1137 536 0
537 1137 1
1137 537 0
538 1137 1
1137 538 0
539 1137 1
1137 539 0
540 1137 1
1137 540 0
541 1137 1
1137 541 0
542 1137 1
1137 542 0
543 1137 1
1137 543 0
544 1137 1
1137 544 0
545 1137 1
1137 545 0
546 1137 1
1137 546 0
547 1137 1
1137 547 0
548 1137 1
1137 548 0
549 1137 1
1137 549 0
550 1137 1
1137 550 0
551 1137 1
1137 551 0
552 1137 1
1137 552 0
553 1137 1
1137 553 0
554 1137 1
1137 554 0
555 1137 1
1137 555 0
556 1137 1
1137 556 0
557 1137 1
1137 557 0
558 1137 1
1137 558 0
559 1137 1
1137 559 0
560 1137 1
1137 560 0
561 1137 1
1137 561 0
562 1137 1
1137 562 0
563 1137 1
1137 563 0
564 1137 1
1137 564 0
565 1137 1
1137 565 0
566 1137 1
1137 566 0
567 1137 1
1137 567 0
568 1137 1
1137 568 0
569 1137 1
1137 569 0
570 1137 1
1137 570 0
571 1137 1
1137 571 0
572 1137 1
1137 572 0
573 1137 1
1137 573 0
574 1137 1
1137 574 0
575 1137 1
1137 575 0
576 1137 1
1137 576 0
577 1137 1
1137 577 0
578 1137 1
1137 578 0
579 1137 1
1137 579 0
580 1137 1
1137 580 0
581 1137 1
1137 581 0
582 1137 1
1137 582 0
583 1137 1
1137 583 0
584 1137 1
1137 584 0
585 1137 1
1137 585 0
586 1137 1
1137 586 0
587 1137 1
1137 587 0
588 1137 1
1137 588 0
589 1137 1
1137 589 0
590 1137 1
1137 590 0
591 1137 1
1137 591 0
592 1137 1
1137 592 0
593 1137 1
1137 593 0
594 1137 1
1137 594 0
595 1137 1
1137 595 0
596 1137 1
1137 596 0
597 1137 1
1137 597 0
598 1137 1
1137 598 0
599 1137 1
1137 599 0
600 1137 1
1137 600 0
601 1137 1
1137 601 0
602 1137 1
1137 602 0
603 1137 1
1137 603 0
604 1137 1
1137 604 0
605 1137 1
1137 605 0
606 1137 1
1137 606 0
607 1137 1
1137 607 0
608 1137 1
1137 608 0
609 1137 1
1137 609 0
610 1137 1
1137 610 0
611 1137 1
1137 611 0
612 1137 1
1137 612 0
613 1137 1
1137 613 0
614 1137 1
1137 614 0
615 1137 1
1137 615 0
616 1137 1
1137 616 0
617 1137 1
1137 617 0
618 1137 1
1137 618 0
619 1137 1
1137 619 0
620 1137 1
1137 620 0
621 1137 1
1137 621 0
622 1137 1
1137 622 0
623 1137 1
1137 623 0
624 1137 1
1137 624 0
625 1137 1
1137 625 0
626 1137 1
1137 626 0
627 1137 1
1137 627 0
628 1137 1
1137 628 0
629 1137 1
1137 629 0
630 1137 1
1137 630 0
631 1137 1
1137 631 0
632 1137 1
1137 632 0
633 1137 1
1137 633 0
634 1137 1
1137 634 0
635 1137 1
1137 635 0
636 1137 1
1137 636 0
637 1137 1
1137 637 0
638 1137 1
1137 638 0
639 1137 1
1137 639 0
640 1137 1
1137 640 0
641 1137 1
1137 641 0
642 1137 1
1137 642 0
643 1137 1
1137 643 0
644 1137 1
1137 644 0
645 1137 1
1137 645 0
646 1137 1
1137 646 0
647 1137 1
1137 647 0
648 1137 1
1137 648 0
649 1137 1
1137 649 0
650 1137 1
1137 650 0
651 1137 1
1137 651 0
652 1137 1
1137 652 0
653 1137 1
1137 653 0
654 1137 1
1137 654 0
655 1137 1
1137 655 0
656 1137 1
1137 656 0
657 1137 1
1137 657 0
658 1137 1
1137 658 0
659 1137 1
1137 659 0
660 1137 1
1137 660 0
661 1137 1
1137 661 0
662 1137 1
1137 662 0
663 1137 1
1137 663 0
664 1137 1
1137 664 0
665 1137 1
1137 665 0
666 1137 1
1137 666 0
667 1137 1
1137 667 0
668 1137 1
1137 668 0
669 1137 1
1137 669 0
670 1137 1
1137 670 0
671 1137 1
1137 671 0
672 1137 1
1137 672 0
673 1137 1
1137 673 0
674 1137 1
1137 674 0
675 1137 1
1137 675 0
676 1137 1
1137 676 0
677 1137 1
1137 677 0
678 1137 1
1137 678 0
679 1137 1
1137 679 0
680 1137 1
1137 680 0
681 1137 1
1137 681 0
682 1137 1
1137 682 0
683 1137 1
1137 683 0
684 1137 1
1137 684 0
685 1137 1
1137 685 0
686 1137 1
1137 686 0
687 1137 1
1137 687 0
688 1137 1
1137 688 0
689 1137 1
1137 689 0
690 1137 1
1137 690 0
691 1137 1
1137 691 0
692 1137 1
1137 692 0
693 1137 1
1137 693 0
694 1137 1
1137 694 0
695 1137 1
1137 695 0
696 1137 1
1137 696 0
697 1137 1
1137 697 0
698 1137 1
1137 698 0
699 1137 1
1137 699 0
700 1137 1
1137 700 0
701 1137 1
1137 701 0
702 1137 1
1137 702 0
703 1137 1
1137 703 0
704 1137 1
1137 704 0
705 1137 1
1137 705 0
706 1137 1
1137 706 0
707 1137 1
1137 707 0
708 1137 1
1137 708 0
709 1137 1
1137 709 0
710 1137 1
1137 710 0
711 1137 1
1137 711 0
712 1137 1
1137 712 0
713 1137 1
1137 713 0
714 1137 1
1137 714 0
715 1137 1
1137 715 0
716 1137 1
1137 716 0
717 1137 1
1137 717 0
718 1137 1
1137 718 0
719 1137 1
1137 719 0
720 1137 1
1137 720 0
721 1137 1
1137 721 0
722 1137 1
1137 722 0
723 1137 1
1137 723 0
724 1137 1
1137 724 0
725 1137 1
1137 725 0
726 1137 1
1137 726 0
727 1137 1
1137 727 0
728 1137 1
1137 728 0
729 1137 1
1137 729 0
730 1137 1
1137 730 0
731 1137 1
1137 731 0
732 1137 1
1137 732 0
733 1137 1
1137 733 0
734 1137 1
1137 734 0
735 1137 1
1137 735 0
736 1137 1
1137 736 0
737 1137 1
1137 737 0
738 1137 1
1137 738 0
739 1137 1
1137 739 0
740 1137 1
1137 740 0
741 1137 1
1137 741 0
742 1137 1
1137 742 0
743 1137 1
1137 743 0
744 1137 1
1137 744 0
745 1137 1
1137 745 0
746 1137 1
1137 746 0
747 1137 1
1137 747 0
748 1137 1
1137 748 0
749 1137 1
1137 749 0
750 1137 1
1137 750 0
751 1137 1
1137 751 0
752 1137 1
1137 752 0
753 1137 1
1137 753 0
754 1137 1
1137 754 0
755 1137 1
1137 755 0
756 1137 1
1137 756 0
757 1137 1
1137 757 0
758 1137 1
1137 758 0
759 1137 1
1137 759 0
760 1137 1
1137 760 0
761 1137 1
1137 761 0
762 1137 1
1137 762 0
763 1137 1
1137 763 0
764 1137 1
1137 764 0
765 1137 1
1137 765 0
766 1137 1
1137 766 0
767 1137 1
1137 767 0
768 1137 1
1137 768 0
769 1137 1
1137 769 0
770 1137 1
1137 770 0
771 1137 1
1137 771 0
772 1137 1
1137 772 0
773 1137 1
1137 773 0
774 1137 1
1137 774 0
775 1137 1
1137 775 0
776 1137 1
1137 776 0
777 1137 1
1137 777 0
778 1137 1
1137 778 0
779 1137 1
1137 779 0
780 1137 1
1137 780 0
781 1137 1
1137 781 0
782 1137 1
1137 782 0
783 1137 1
1137 783 0
784 1137 1
1137 784 0
785 1137 1
1137 785 0
786 1137 1
1137 786 0
787 1137 1
1137 787 0
788 1137 1
1137 788 0
789 1137 1
1137 789 0
790 1137 1
1137 790 0
791 1137 1
1137 791 0
792 1137 1
1137 792 0
793 1137 1
1137 793 0
794 1137 1
1137 794 0
795 1137 1
1137 795 0
796 1137 1
1137 796 0
797 1137 1
1137 797 0
798 1137 1
1137 798 0
799 1137 1
1137 799 0
800 1137 1
1137 800 0
801 1137 1
1137 801 0
802 1137 1
1137 802 0
803 1137 1
1137 803 0
804 1137 1
1137 804 0
805 1137 1
1137 805 0
806 1137 1
1137 806 0
807 1137 1
1137 807 0
808 1137 1
1137 808 0
809 1137 1
1137 809 0
810 1137 1
1137 810 0
811 1137 1
1137 811 0
812 1137 1
1137 812 0
813 1137 1
1137 813 0
814 1137 1
1137 814 0
815 1137 1
1137 815 0
816 1137 1
1137 816 0
817 1137 1
1137 817 0
818 1137 1
1137 818 0
819 1137 1
1137 819 0
820 1137 1
1137 820 0
821 1137 1
1137 821 0
822 1137 1
1137 822 0
823 1137 1
1137 823 0
824 1137 1
1137 824 0
825 1137 29
1137 825 0
826 1137 29
1137 826 0
827 1137 29
1137 827 0
828 1137 29
1137 828 0
829 1137 29
1137 829 0
830 1137 29
1137 830 0
831 1137 29
1137 831 0
832 1137 29
1137 832 0
833 1137 29
1137 833 0
834 1137 29
1137 834 0
835 1137 29
1137 835 0
836 1137 29
1137 836 0
837 1137 29
1137 837 0
838 1137 29
1137 838 0
839 1137 29
1137 839 0
840 1137 29
1137 840 0
841 1137 29
1137 841 0
842 1137 29
1137 842 0
843 1137 29
1137 843 0
844 1137 29
1137 844 0
845 1137 29
1137 845 0
846 1137 29
1137 846 0
847 1137 29
1137 847 0
848 1137 29
1137 848 0
849 1137 29
1137 849 0
850 1137 29
1137 850 0
851 1137 29
1137 851 0
852 1137 29
1137 852 0
853 1137 29
1137 853 0
854 1137 29
1137 854 0
855 1137 29
1137 855 0
856 1137 29
1137 856 0
857 1137 29
1137 857 0
858 1137 29
1137 858 0
859 1137 29
1137 859 0
860 1137 29
1137 860 0
861 1137 29
1137 861 0
862 1137 29
1137 862 0
863 1137 29
1137 863 0
864 1137 29
1137 864 0
865 1137 29
1137 865 0
866 1137 29
1137 866 0
867 1137 29
1137 867 0
868 1137 29
1137 868 0
869 1137 29
1137 869 0
870 1137 29
1137 870 0
871 1137 29
1137 871 0
872 1137 29
1137 872 0
873 1137 29
1137 873 0
874 1137 29
1137 874 0
875 1137 29
1137 875 0
876 1137 29
1137 876 0
877 1137 29
1137 877 0
878 1137 29
1137 878 0
879 1137 29
1137 879 0
880 1137 29
1137 880 0
881 1137 29
1137 881 0
882 1137 29
1137 882 0
883 1137 29
1137 883 0
884 1137 29
1137 884 0
885 1137 29
1137 885 0
886 1137 29
1137 886 0
887 1137 29
1137 887 0
888 1137 29
1137 888 0
889 1137 29
1137 889 0
890 1137 29
1137 890 0
891 1137 29
1137 891 0
892 1137 29
1137 892 0
893 1137 29
1137 893 0
894 1137 29
1137 894 0
895 1137 29
1137 895 0
896 1137 29
1137 896 0
897 1137 29
1137 897 0
898 1137 29
1137 898 0
899 1137 29
1137 899 0
900 1137 29
1137 900 0
901 1137 29
1137 901 0
902 1137 29
1137 902 0
903 1137 29
1137 903 0
904 1137 29
1137 904 0
905 1137 29
1137 905 0
906 1137 29
1137 906 0
907 1137 29
1137 907 0
908 1137 29
1137 908 0
909 1137 29
1137 909 0
910 1137 29
1137 910 0
911 1137 29
1137 911 0
912 1137 29
1137 912 0
913 1137 29
1137 913 0
914 1137 29
1137 914 0
915 1137 29
1137 915 0
916 1137 29
1137 916 0
917 1137 29
1137 917 0
918 1137 29
1137 918 0
919 1137 29
1137 919 0
920 1137 29
1137 920 0
921 1137 29
1137 921 0
922 1137 29
1137 922 0
923 1137 29
1137 923 0
924 1137 29
1137 924 0
925 1137 29
1137 925 0
926 1137 29
1137 926 0
927 1137 29
1137 927 0
928 1137 29
1137 928 0
929 1137 29
1137 929 0
930 1137 29
1137 930 0
931 1137 29
1137 931 0
932 1137 29
1137 932 0
933 1137 29
1137 933 0
934 1137 29
1137 934 0
935 1137 29
1137 935 0
936 1137 29
1137 936 0
937 1137 29
1137 937 0
938 1137 29
1137 938 0
939 1137 29
1137 939 0
940 1137 29
1137 940 0
941 1137 29
1137 941 0
942 1137 29
1137 942 0
943 1137 29
1137 943 0
944 1137 29
1137 944 0
945 1137 29
1137 945 0
946 1137 29
1137 946 0
947 1137 29
1137 947 0
948 1137 29
1137 948 0
949 1137 29
1137 949 0
950 1137 29
1137 950 0
951 1137 29
1137 951 0
952 1137 29
1137 952 0
953 1137 29
1137 953 0
954 1137 29
1137 954 0
955 1137 29
1137 955 0
956 1137 29
1137 956 0
957 1137 29
1137 957 0
958 1137 29
1137 958 0
959 1137 29
1137 959 0
960 1137 29
1137 960 0
961 1137 29
1137 961 0
962 1137 29
1137 962 0
963 1137 29
1137 963 0
964 1137 29
1137 964 0
965 1137 29
1137 965 0
966 1137 29
1137 966 0
967 1137 29
1137 967 0
968 1137 29
1137 968 0
969 1137 29
1137 969 0
970 1137 29
1137 970 0
971 1137 29
1137 971 0
972 1137 29
1137 972 0
973 1137 29
1137 973 0
974 1137 29
1137 974 0
975 1137 29
1137 975 0
976 1137 29
1137 976 0
977 1137 29
1137 977 0
978 1137 29
1137 978 0
979 1137 29
1137 979 0
980 1137 29
1137 980 0
981 1137 29
1137 981 0
982 1137 29
1137 982 0
983 1137 29
1137 983 0
984 1137 29
1137 984 0
985 1137 29
1137 985 0
986 1137 29
1137 986 0
987 1137 29
1137 987 0
988 1137 29
1137 988 0
989 1137 29
1137 989 0
990 1137 29
1137 990 0
991 1137 29
1137 991 0
992 1137 29
1137 992 0
993 1137 29
1137 993 0
994 1137 29
1137 994 0
995 1137 29
1137 995 0
996 1137 29
1137 996 0
997 1137 29
1137 997 0
998 1137 29
1137 998 0
999 1137 29
1137 999 0
1000 1137 29
1137 1000 0
1001 1137 29
1137 1001 0
1002 1137 29
1137 1002 0
1003 1137 29
1137 1003 0
1004 1137 29
1137 1004 0
1005 1137 29
1137 1005 0
1006 1137 29
1137 1006 0
1007 1137 29
1137 1007 0
1008 1137 29
1137 1008 0
1009 1137 29
1137 1009 0
1010 1137 29
1137 1010 0
1011 1137 29
1137 1011 0
1012 1137 29
1137 1012 0
1013 1137 29
1137 1013 0
1014 1137 29
1137 1014 0
1015 1137 29
1137 1015 0
1016 1137 29
1137 1016 0
1017 1137 29
1137 1017 0
1018 1137 29
1137 1018 0
1019 1137 29
1137 1019 0
1020 1137 29
1137 1020 0
1021 1137 29
1137 1021 0
1022 1137 29
1137 1022 0
1023 1137 29
1137 1023 0
1024 1137 29
1137 1024 0
1025 1137 29
1137 1025 0
1026 1137 29
1137 1026 0
1027 1137 29
1137 1027 0
1028 1137 29
1137 1028 0
1029 1137 29
1137 1029 0
1030 1137 29
1137 1030 0
1031 1137 29
1137 1031 0
1032 1137 29
1137 1032 0
1033 1137 29
1137 1033 0
1034 1137 29
1137 1034 0
1035 1137 29
1137 1035 0
1036 1137 29
1137 1036 0
1037 1137 29
1137 1037 0
1038 1137 29
1137 1038 0
1039 1137 29
1137 1039 0
1040 1137 29
1137 1040 0
1041 1137 29
1137 1041 0
1042 1137 29
1137 1042 0
1043 1137 29
1137 1043 0
1044 1137 29
1137 1044 0
1045 1137 29
1137 1045 0
1046 1137 29
1137 1046 0
1047 1137 29
1137 1047 0
1048 1137 29
1137 1048 0
1049 1137 29
1137 1049 0
1050 1137 29
1137 1050 0
1051 1137 29
1137 1051 0
1052 1137 29
1137 1052 0
1053 1137 29
1137 1053 0
1054 1137 29
1137 1054 0
1055 1137 29
1137 1055 0
1056 1137 29
1137 1056 0
1057 1137 29
1137 1057 0
1058 1137 29
1137 1058 0
1059 1137 29
1137 1059 0
1060 1137 29
1137 1060 0
1061 1137 29
1137 1061 0
1062 1137 29
1137 1062 0
1063 1137 29
1137 1063 0
1064 1137 29
1137 1064 0
1065 1137 29
1137 1065 0
1066 1137 29
1137 1066 0
1067 1137 29
1137 1067 0
1068 1137 29
1137 1068 0
1069 1137 29
1137 1069 0
1070 1137 29
1137 1070 0
1071 1137 29
1137 1071 0
1072 1137 29
1137 1072 0
1073 1137 29
1137 1073 0
1074 1137 29
1137 1074 0
1075 1137 29
1137 1075 0
1076 1137 29
1137 1076 0
1077 1137 29
1137 1077 0
1078 1137 29
1137 1078 0
1079 1137 29
1137 1079 0
1080 1137 29
1137 1080 0
1081 1137 29
1137 1081 0
1082 1137 29
1137 1082 0
1083 1137 29
1137 1083 0
1084 1137 29
1137 1084 0
1085 1137 29
1137 1085 0
1086 1137 29
1137 1086 0
1087 1137 29
1137 1087 0
1088 1137 29
1137 1088 0
1089 1137 29
1137 1089 0
1090 1137 29
1137 1090 0
1091 1137 29
1137 1091 0
1092 1137 29
1137 1092 0
1093 1137 29
1137 1093 0
1094 1137 29
1137 1094 0
1095 1137 29
1137 1095 0
1096 1137 29
1137 1096 0
1097 1137 29
1137 1097 0
1098 1137 29
1137 1098 0
1099 1137 29
1137 1099 0
1100 1137 29
1137 1100 0
1101 1137 29
1137 1101 0
1102 1137 29
1137 1102 0
1103 1137 29
1137 1103 0
1104 1137 29
1137 1104 0
1105 1137 29
1137 1105 0
1106 1137 29
1137 1106 0
1107 1137 29
1137 1107 0
1108 1137 29
1137 1108 0
1109 1137 29
1137 1109 0
1110 1137 29
1137 1110 0
1111 1137 29
1137 1111 0
1112 1137 29
1137 1112 0
1113 1137 29
1137 1113 0
1114 1137 29
1137 1114 0
1115 1137 29
1137 1115 0
1116 1137 29
1137 1116 0
1117 1137 29
1137 1117 0
1118 1137 29
1137 1118 0
1119 1137 29
1137 1119 0
1120 1137 29
1137 1120 0
1121 1137 29
1137 1121 0
1122 1137 29
1137 1122 0
1123 1137 29
1137 1123 0
1124 1137 29
1137 1124 0
1125 1137 29
1137 1125 0
1126 1137 29
1137 1126 0
1127 1137 29
1137 1127 0
1128 1137 29
1137 1128 0
1129 1137 29
1137 1129 0
1130 1137 29
1137 1130 0
1131 1137 29
1137 1131 0
1132 1137 29
1137 1132 0
1133 1137 29
1137 1133 0
1134 1137 29
1137 1134 0
1135 1137 29
1137 1135 0
1136 1137 29
1137 1136 0
