908 907 26 1814
1 908 1
908 1 0
2 908 1
908 2 0
3 908 1
908 3 0
4 908 1
908 4 0
5 908 1
908 5 0
6 908 1
908 6 0
7 908 1
908 7 0
8 908 1
908 8 0
9 908 1
908 9 0
10 908 1
908 10 0
11 908 1
908 11 0
12 908 1
908 12 0
13 908 1
908 13 0
14 908 1
908 14 0
15 908 1
908 15 0
16 908 1
908 16 0
17 908 1
908 17 0
18 908 1
908 18 0
19 908 1
908 19 0
20 908 1
908 20 0
21 908 1
908 21 0
22 908 1
908 22 0
23 908 1
908 23 0
24 908 1
908 24 0
25 908 1
908 25 0
26 908 1
908 26 0
27 908 1
908 27 0
28 908 1
908 28 0
29 908 1
908 29 0
30 908 1
908 30 0
31 908 1
908 31 0
32 908 1
908 32 0
33 908 1
908 33 0
34 908 1
908 34 0
35 908 1
908 35 0
36 908 1
908 36 0
37 908 1
908 37 0
38 908 1
908 38 0
39 908 1
908 39 0
40 908 1
908 40 0
41 908 1
908 41 0
42 908 1
908 42 0
43 908 1
908 43 0
44 908 1
908 44 0
45 908 1
908 45 0
46 908 1
908 46 0
47 908 1
908 47 0
48 908 1
908 48 0
49 908 1
908 49 0
50 908 1
908 50 0
51 908 1
908 51 0
52 908 1
908 52 0
53 908 1
908 53 0
54 908 1
908 54 0
55 908 1
908 55 0
56 908 1
908 56 0
57 908 1
908 57 0
58 908 1
908 58 0
59 908 1
908 59 0
60 908 1
908 60 0
61 908 1
908 61 0
62 908 1
908 62 0
63 908 1
908 63 0
64 908 1
908 64 0
65 908 1
908 65 0
66 908 1
908 66 0
67 908 1
908 67 0
68 908 1
908 68 0
69 908 1
908 69 0
70 908 1
908 70 0
71 908 1
908 71 0
72 908 1
908 72 0
73 908 1
908 73 0
74 908 1
908 74 0
75 908 1
908 75 0
76 908 1
908 76 0
77 908 1
908 77 0
78 908 1
908 78 0
79 908 1
908 79 0
80 908 1
908 80 0
81 908 1
908 81 0
82 908 1
908 82 0
83 908 1
908 83 0
84 908 1
908 84 0
85 908 1
908 85 0
86 908 1
908 86 0
87 908 1
908 87 0
88 908 1
908 88 0
89 908 1
908 89 0
90 908 1
908 90 0
91 908 1
908 91 0
92 908 1
908 92 0
93 908 1
908 93 0
94 908 1
908 94 0
95 908 1
908 95 0
96 908 1
908 96 0
97 908 1
908 97 0
98 908 1
908 98 0
99 908 1
908 99 0
100 908 1
908 100 0
101 908 1
908 101 0
102 908 1
908 102 0
103 908 1
908 103 0
104 908 1
908 104 0
105 908 1
908 105 0
106 908 1
908 106 0
107 908 1
908 107 0
108 908 1
908 108 0
109 908 1
908 109 0
110 908 1
908 110 0
111 908 1
908 111 0
112 908 1
908 112 0
113 908 1
908 113 0
114 908 1
908 114 0
115 908 1
908 115 0
116 908 1
908 116 0
117 908 1
908 117 0
118 908 1
908 118 0
119 908 1
908 119 0
120 908 1
908 120 0
121 908 1
908 121 0
122 908 1
908 122 0
123 908 1
908 123 0
124 908 1
908 124 0
125 908 1
908 125 0
126 908 1
908 126 0
127 908 1
908 127 0
128 908 1
908 128 0
129 908 1
908 129 0
130 908 1
908 130 0
131 908 1
908 131 0
132 908 1
908 132 0
133 908 1
908 133 0
134 908 1
908 134 0
135 908 1
908 135 0
136 908 1
908 136 0
137 908 1
908 137 0
138 908 1
908 138 0
139 908 1
908 139 0
140 908 1
908 140 0
141 908 1
908 141 0
142 908 1
908 142 0
143 908 1
908 143 0
144 908 1
908 144 0
145 908 1
908 145 0
146 908 1
908 146 0
147 908 1
908 147 0
148 908 1
908 148 0
149 908 1
908 149 0
150 908 1
908 150 0
151 908 1
908 151 0
152 908 1
908 152 0
153 908 1
908 153 0
154 908 1
908 154 0
155 908 1
908 155 0
156 908 1
908 156 0
157 908 1
908 157 0
158 908 1
908 158 0
159 908 1
908 159 0
160 908 1
908 160 0
161 908 1
908 161 0
162 908 1
908 162 0
163 908 1
908 163 0
164 908 1
908 164 0
165 908 1
908 165 0
166 908 1
908 166 0
167 908 1
908 167 0
168 908 1
908 168 0
169 908 1
908 169 0
170 908 1
908 170 0
171 908 1
908 171 0
172 908 1
908 172 0
173 908 1
908 173 0
174 908 1
908 174 0
175 908 1
908 175 0
176 908 1
908 176 0
177 908 1
908 177 0
178 908 1
908 178 0
179 908 1
908 179 0
180 908 1
908 180 0
181 908 1
908 181 0
182 908 1
908 182 0
183 908 1
908 183 0
184 908 1
908 184 0
185 908 1
908 185 0
186 908 1
908 186 0
187 908 1
908 187 0
188 908 1
908 188 0
189 908 1
908 189 0
190 908 1
908 190 0
191 908 1
908 191 0
192 908 1
908 192 0
193 908 1
908 193 0
194 908 1
908 194 0
195 908 1
908 195 0
196 908 1
908 196 0
197 908 1
908 197 0
198 908 1
908 198 0
199 908 1
908 199 0
200 908 1
908 200 0
201 908 1
908 201 0
202 908 1
908 202 0
203 908 1
908 203 0
204 908 1
908 204 0
205 908 1
908 205 0
206 908 1
908 206 0
207 908 1
908 207 0
208 908 1
908 208 0
209 908 1
908 209 0
210 908 1
908 210 0
211 908 1
908 211 0
212 908 1
908 212 0
213 908 1
908 213 0
214 908 1
908 214 0
215 908 1
908 215 0
216 908 1
908 216 0
217 908 1
908 217 0
218 908 1
908 218 0
219 908 1
908 219 0
220 908 1
908 220 0
221 908 1
908 221 0
222 908 1
908 222 0
223 908 1
908 223 0
224 908 1
908 224 0
225 908 1
908 225 0
226 908 1
908 226 0
227 908 1
908 227 0
228 908 1
908 228 0
229 908 1
908 229 0
230 908 1
908 230 0
231 908 1
908 231 0
232 908 1
908 232 0
233 908 1
908 233 0
234 908 1
908 234 0
235 908 1
908 235 0
236 908 1
908 236 0
237 908 1
908 237 0
238 908 1
908 238 0
239 908 1
908 239 0
240 908 1
908 240 0
241 908 1
908 241 0
242 908 1
908 242 0
243 908 1
908 243 0
244 908 1
908 244 0
245 908 1
908 245 0
246 908 1
908 246 0
247 908 1
908 247 0
248 908 1
908 248 0
249 908 1
908 249 0
250 908 1
908 250 0
251 908 1
908 251 0
252 908 1
908 252 0
253 908 1
908 253 0
254 908 1
908 254 0
255 908 1
908 255 0
256 908 1
908 256 0
257 908 1
908 257 0
258 908 1
908 258 0
259 908 1
908 259 0
260 908 1
908 260 0
261 908 1
908 261 0
262 908 1
908 262 0
263 908 1
908 263 0
264 908 1
908 264 0
265 908 1
908 265 0
266 908 1
908 266 0
267 908 1
908 267 0
268 908 1
908 268 0
269 908 1
908 269 0
270 908 1
908 270 0
271 908 1
908 271 0
272 908 1
908 272 0
273 908 1
908 273 0
274 908 1
908 274 0
275 908 1
908 275 0
276 908 1
908 276 0
277 908 1
908 277 0
278 908 1
908 278 0
279 908 1
908 279 0
280 908 1
908 280 0
281 908 1
908 281 0
282 908 1
908 282 0
283 908 1
908 283 0
284 908 1
908 284 0
285 908 1
908 285 0
286 908 1
908 286 0
287 908 1
908 287 0
288 908 1
908 288 0
289 908 1
908 289 0
290 908 1
908 290 0
291 908 1
908 291 0
292 908 1
908 292 0
293 908 1
908 293 0
294 908 1
908 294 0
295 908 1
908 295 0
296 908 1
908 296 0
297 908 1
908 297 0
298 908 1
908 298 0
299 908 1
908 299 0
300 908 1
908 300 0
301 908 1
908 301 0
302 908 1
908 302 0
303 908 1
908 303 0
304 908 1
908 304 0
305 908 1
908 305 0
306 908 1
908 306 0
307 908 1
908 307 0
308 908 1
908 308 0
309 908 1
908 309 0
310 908 1
908 310 0
311 908 1
908 311 0
312 908 1
908 312 0
313 908 1
908 313 0
314 908 1
908 314 0
315 908 1
908 315 0
316 908 1
908 316 0
317 908 1
908 317 0
318 908 1
908 318 0
319 908 1
908 319 0
320 908 1
908 320 0
321 908 1
908 321 0
322 908 1
908 322 0
323 908 1
908 323 0
324 908 1
908 324 0
325 908 1
908 325 0
326 908 1
908 326 0
327 908 1
908 327 0
328 908 1
908 328 0
329 908 1
908 329 0
330 908 1
908 330 0
331 908 1
908 331 0
332 908 1
908 332 0
333 908 1
908 333 0
334 908 1
908 334 0
335 908 1
908 335 0
336 908 1
908 336 0
337 908 1
908 337 0
338 908 1
908 338 0
339 908 1
908 339 0
340 908 1
908 340 0
341 908 1
908 341 0
342 908 1
908 342 0
343 908 1
908 343 0
344 908 1
908 344 0
345 908 1
908 345 0
346 908 1
908 346 0
347 908 1
908 347 0
348 908 1
908 348 0
349 908 1
908 349 0
350 908 1
908 350 0
351 908 1
908 351 0
352 908 1
908 352 0
353 908 1
908 353 0
354 908 1
908 354 0
355 908 1
908 355 0
356 908 1
908 356 0
357 908 1
908 357 0
358 908 1
908 358 0
359 908 1
908 359 0
360 908 1
908 360 0
361 908 1
908 361 0
362 908 1
908 362 0
363 908 1
908 363 0
364 908 1
908 364 0
365 908 1
908 365 0
366 908 1
908 366 0
367 908 1
908 367 0
368 908 1
908 368 0
369 908 1
908 369 0
370 908 1
908 370 0
371 908 1
908 371 0
372 908 1
908 372 0
373 908 1
908 373 0
374 908 1
908 374 0
375 908 1
908 375 0
376 908 1
908 376 0
377 908 1
908 377 0
378 908 1
908 378 0
379 908 1
908 379 0
380 908 1
908 380 0
381 908 1
908 381 0
382 908 1
908 382 0
383 908 1
908 383 0
384 908 1
908 384 0
385 908 1
908 385 0
386 908 1
908 386 0
387 908 1
908 387 0
388 908 1
908 388 0
389 908 1
908 389 0
390 908 1
908 390 0
391 908 1
908 391 0
392 908 1
908 392 0
393 908 1
908 393 0
394 908 1
908 394 0
395 908 1
908 395 0
396 908 1
908 396 0
397 908 1
908 397 0
398 908 1
908 398 0
399 908 1
908 399 0
400 908 1
908 400 0
401 908 1
908 401 0
402 908 1
908 402 0
403 908 1
908 403 0
404 908 1
908 404 0
405 908 1
908 405 0
406 908 1
908 406 0
407 908 1
908 407 0
408 908 1
908 408 0
409 908 1
908 409 0
410 908 1
908 410 0
411 908 1
908 411 0
412 908 1
908 412 0
413 908 1
908 413 0
414 908 1
908 414 0
415 908 1
908 415 0
416 908 1
908 416 0
417 908 1
908 417 0
418 908 1
908 418 0
419 908 1
908 419 0
420 908 1
908 420 0
421 908 1
908 421 0
422 908 1
908 422 0
423 908 1
908 423 0
424 908 1
908 424 0
425 908 1
908 425 0
426 908 1
908 426 0
427 908 1
908 427 0
428 908 1
908 428 0
429 908 1
908 429 0
430 908 1
908 430 0
431 908 1
908 431 0
432 908 1
908 432 0
433 908 1
908 433 0
434 908 1
908 434 0
435 908 1
908 435 0
436 908 1
908 436 0
437 908 1
908 437 0
438 908 1
908 438 0
439 908 1
908 439 0
440 908 1
908 440 0
441 908 1
908 441 0
442 908 1
908 442 0
443 908 1
908 443 0
444 908 1
908 444 0
445 908 1
908 445 0
446 908 1
908 446 0
447 908 1
908 447 0
448 908 1
908 448 0
449 908 1
908 449 0
450 908 1
908 450 0
451 908 1
908 451 0
452 908 1
908 452 0
453 908 1
908 453 0
454 908 1
908 454 0
455 908 1
908 455 0
456 908 1
908 456 0
457 908 1
908 457 0
458 908 1
908 458 0
459 908 1
908 459 0
460 908 1
908 460 0
461 908 1
908 461 0
462 908 1
908 462 0
463 908 1
908 463 0
464 908 1
908 464 0
465 908 1
908 465 0
466 908 1
908 466 0
467 908 1
908 467 0
468 908 1
908 468 0
469 908 1
908 469 0
470 908 1
908 470 0
471 908 1
908 471 0
472 908 1
908 472 0
473 908 1
908 473 0
474 908 1
908 474 0
475 908 1
908 475 0
476 908 1
908 476 0
477 908 1
908 477 0
478 908 1
908 478 0
479 908 1
908 479 0
480 908 1
908 480 0
481 908 1
908 481 0
482 908 1
908 482 0
483 908 1
908 483 0
484 908 1
908 484 0
485 908 1
908 485 0
486 908 1
908 486 0
487 908 1
908 487 0
488 908 1
908 488 0
489 908 1
908 489 0
490 908 1
908 490 0
491 908 1
908 491 0
492 908 1
908 492 0
493 908 1
908 493 0
494 908 1
908 494 0
495 908 1
908 495 0
496 908 1
908 496 0
497 908 1
908 497 0
498 908 1
908 498 0
499 908 1
908 499 0
500 908 1
908 500 0
501 908 1
908 501 0
502 908 1
908 502 0
503 908 1
908 503 0
504 908 1
908 504 0
505 908 1
908 505 0
506 908 1
908 506 0
507 908 1
908 507 0
508 908 1
908 508 0
509 908 1
908 509 0
510 908 1
908 510 0
511 908 1
908 511 0
512 908 1
908 512 0
513 908 1
908 513 0
514 908 1
908 514 0
515 908 1
908 515 0
516 908 1
908 516 0
517 908 1
908 517 0
518 908 1
908 518 0
519 908 1
908 519 0
520 908 1
908 520 0
521 908 1
908 521 0
522 908 1
908 522 0
523 908 1
908 523 0
524 908 1
908 524 0
525 908 1
908 525 0
526 908 1
908 526 0
527 908 1
908 527 0
528 908 1
908 528 0
529 908 1
908 529 0
530 908 1
908 530 0
531 908 1
908 531 0
532 908 1
908 532 0
533 908 1
908 533 0
534 908 1
908 534 0
535 908 1
908 535 0
536 908 1
908 536 0
537 908 1
908 537 0
538 908 1
908 538 0
539 908 1
908 539 0
540 908 1
908 540 0
541 908 1
908 541 0
542 908 1
908 542 0
543 908 1
908 543 0
544 908 1
908 544 0
545 908 1
908 545 0
546 908 1
908 546 0
547 908 1
908 547 0
548 908 1
908 548 0
549 908 1
908 549 0
550 908 1
908 550 0
551 908 1
908 551 0
552 908 1
908 552 0
553 908 1
908 553 0
554 908 1
908 554 0
555 908 1
908 555 0
556 908 1
908 556 0
557 908 1
908 557 0
558 908 1
908 558 0
559 908 1
908 559 0
560 908 1
908 560 0
561 908 1
908 561 0
562 908 1
908 562 0
563 908 1
908 563 0
564 908 1
908 564 0
565 908 1
908 565 0
566 908 1
908 566 0
567 908 1
908 567 0
568 908 1
908 568 0
569 908 1
908 569 0
570 908 1
908 570 0
571 908 1
908 571 0
572 908 1
908 572 0
573 908 1
908 573 0
574 908 1
908 574 0
575 908 1
908 575 0
576 908 1
908 576 0
577 908 1
908 577 0
578 908 1
908 578 0
579 908 1
908 579 0
580 908 1
908 580 0
581 908 1
908 581 0
582 908 1
908 582 0
583 908 1
908 583 0
584 908 1
908 584 0
585 908 1
908 585 0
586 908 1
908 586 0
587 908 1
908 587 0
588 908 1
908 588 0
589 908 1
908 589 0
590 908 1
908 590 0
591 908 1
908 591 0
592 908 1
908 592 0
593 908 1
908 593 0
594 908 1
908 594 0
595 908 1
908 595 0
596 908 1
908 596 0
597 908 1
908 597 0
598 908 1
908 598 0
599 908 1
908 599 0
600 908 1
908 600 0
601 908 1
908 601 0
602 908 1
908 602 0
603 908 1
908 603 0
604 908 1
908 604 0
605 908 1
908 605 0
606 908 1
908 606 0
607 908 1
908 607 0
608 908 1
908 608 0
609 908 1
908 609 0
610 908 1
908 610 0
611 908 1
908 611 0
612 908 1
908 612 0
613 908 1
908 613 0
614 908 1
908 614 0
615 908 1
908 615 0
616 908 1
908 616 0
617 908 1
908 617 0
618 908 1
908 618 0
619 908 1
908 619 0
620 908 1
908 620 0
621 908 1
908 621 0
622 908 1
908 622 0
623 908 1
908 623 0
624 908 1
908 624 0
625 908 1
908 625 0
626 908 1
908 626 0
627 908 1
908 627 0
628 908 1
908 628 0
629 908 1
908 629 0
630 908 1
908 630 0
631 908 1
908 631 0
632 908 1
908 632 0
633 908 1
908 633 0
634 908 1
908 634 0
635 908 1
908 635 0
636 908 1
908 636 0
637 908 1
908 637 0
638 908 1
908 638 0
639 908 1
908 639 0
640 908 1
908 640 0
641 908 1
908 641 0
642 908 1
908 642 0
643 908 1
908 643 0
644 908 1
908 644 0
645 908 1
908 645 0
646 908 1
908 646 0
647 908 1
908 647 0
648 908 1
908 648 0
649 908 1
908 649 0
650 908 1
908 650 0
651 908 1
908 651 0
652 908 1
908 652 0
653 908 1
908 653 0
654 908 1
908 654 0
655 908 1
908 655 0
656 908 1
908 656 0
657 908 1
908 657 0
658 908 1
908 658 0
659 908 1
908 659 0
660 908 1
908 660 0
661 908 1
908 661 0
662 908 1
908 662 0
663 908 1
908 663 0
664 908 1
908 664 0
665 908 1
908 665 0
666 908 1
908 666 0
667 908 1
908 667 0
668 908 1
908 668 0
669 908 1
908 669 0
670 908 1
908 670 0
671 908 1
908 671 0
672 908 1
908 672 0
673 908 1
908 673 0
674 908 1
908 674 0
675 908 1
908 675 0
676 908 1
908 676 0
677 908 1
908 677 0
678 908 1
908 678 0
679 908 1
908 679 0
680 908 1
908 680 0
681 908 1
908 681 0
682 908 1
908 682 0
683 908 1
908 683 0
684 908 1
908 684 0
685 908 1
908 685 0
686 908 1
908 686 0
687 908 1
908 687 0
688 908 1
908 688 0
689 908 1
908 689 0
690 908 1
908 690 0
691 908 1
908 691 0
692 908 1
908 692 0
693 908 1
908 693 0
694 908 1
908 694 0
695 908 1
908 695 0
696 908 1
908 696 0
697 908 1
908 697 0
698 908 1
908 698 0
699 908 1
908 699 0
700 908 1
908 700 0
701 908 1
908 701 0
702 908 1
908 702 0
703 908 1
908 703 0
704 908 1
908 704 0
705 908 1
908 705 0
706 908 1
908 706 0
707 908 1
908 707 0
708 908 1
908 708 0
709 908 1
908 709 0
710 908 1
908 710 0
711 908 1
908 711 0
712 908 1
908 712 0
713 908 1
908 713 0
714 908 1
908 714 0
715 908 1
908 715 0
716 908 1
908 716 0
717 908 1
908 717 0
718 908 1
908 718 0
719 908 1
908 719 0
720 908 1
908 720 0
721 908 1
908 721 0
722 908 1
908 722 0
723 908 1
908 723 0
724 908 1
908 724 0
725 908 1
908 725 0
726 908 1
908 726 0
727 908 1
908 727 0
728 908 1
908 728 0
729 908 1
908 729 0
730 908 1
908 730 0
731 908 1
908 731 0
732 908 1
908 732 0
733 908 1
908 733 0
734 908 1
908 734 0
735 908 1
908 735 0
736 908 1
908 736 0
737 908 1
908 737 0
738 908 1
908 738 0
739 908 1
908 739 0
740 908 1
908 740 0
741 908 1
908 741 0
742 908 1
908 742 0
743 908 1
908 743 0
744 908 1
908 744 0
745 908 1
908 745 0
746 908 1
908 746 0
747 908 1
908 747 0
748 908 1
908 748 0
749 908 1
908 749 0
750 908 1
908 750 0
751 908 1
908 751 0
752 908 1
908 752 0
753 908 1
908 753 0
754 908 1
908 754 0
755 908 1
908 755 0
756 908 1
908 756 0
757 908 1
908 757 0
758 908 1
908 758 0
759 908 1
908 759 0
760 908 1
908 760 0
761 908 1
908 761 0
762 908 1
908 762 0
763 908 1
908 763 0
764 908 1
908 764 0
765 908 1
908 765 0
766 908 1
908 766 0
767 908 1
908 767 0
768 908 1
908 768 0
769 908 1
908 769 0
770 908 1
908 770 0
771 908 1
908 771 0
772 908 1
908 772 0
773 908 1
908 773 0
774 908 1
908 774 0
775 908 1
908 775 0
776 908 1
908 776 0
777 908 1
908 777 0
778 908 1
908 778 0
779 908 1
908 779 0
780 908 1
908 780 0
781 908 1
908 781 0
782 908 1
908 782 0
783 908 1
908 783 0
784 908 1
908 784 0
785 908 1
908 785 0
786 908 1
908 786 0
787 908 1
908 787 0
788 908 1
908 788 0
789 908 1
908 789 0
790 908 1
908 790 0
791 908 1
908 791 0
792 908 1
908 792 0
793 908 1
908 793 0
794 908 1
908 794 0
795 908 1
908 795 0
796 908 1
908 796 0
797 908 1
908 797 0
798 908 1
908 798 0
799 908 1
908 799 0
800 908 1
908 800 0
801 908 1
908 801 0
802 908 1
908 802 0
803 908 1
908 803 0
804 908 1
908 804 0
805 908 1
908 805 0
806 908 1
908 806 0
807 908 1
908 807 0
808 908 1
908 808 0
809 908 1
908 809 0
810 908 1
908 810 0
811 908 1
908 811 0
812 908 1
908 812 0
813 908 1
908 813 0
814 908 1
908 814 0
815 908 1
908 815 0
816 908 1
908 816 0
817 908 1
908 817 0
818 908 1
908 818 0
819 908 1
908 819 0
820 908 1
908 820 0
821 908 1
908 821 0
822 908 1
908 822 0
823 908 1
908 823 0
824 908 1
908 824 0
825 908 1
908 825 0
826 908 1
908 826 0
827 908 14
908 827 0
828 908 14
908 828 0
829 908 14
908 829 0
830 908 14
908 830 0
831 908 14
908 831 0
832 908 14
908 832 0
833 908 14
908 833 0
834 908 14
908 834 0
835 908 14
908 835 0
836 908 14
908 836 0
837 908 14
908 837 0
838 908 14
908 838 0
839 908 14
908 839 0
840 908 14
908 840 0
841 908 14
908 841 0
842 908 14
908 842 0
843 908 14
908 843 0
844 908 14
908 844 0
845 908 14
908 845 0
846 908 14
908 846 0
847 908 14
908 847 0
848 908 14
908 848 0
849 908 14
908 849 0
850 908 14
908 850 0
851 908 14
908 851 0
852 908 14
908 852 0
853 908 14
908 853 0
854 908 14
908 854 0
855 908 14
908 855 0
856 908 14
908 856 0
857 908 14
908 857 0
858 908 14
908 858 0
859 908 14
908 859 0
860 908 14
908 860 0
861 908 14
908 861 0
862 908 14
908 862 0
863 908 14
908 863 0
864 908 14
908 864 0
865 908 14
908 865 0
866 908 14
908 866 0
867 908 14
908 867 0
868 908 14
908 868 0
869 908 14
908 869 0
870 908 14
908 870 0
871 908 14
908 871 0
872 908 14
908 872 0
873 908 14
908 873 0
874 908 14
908 874 0
875 908 14
908 875 0
876 908 14
908 876 0
877 908 14
908 877 0
878 908 14
908 878 0
879 908 14
908 879 0
880 908 14
908 880 0
881 908 14
908 881 0
882 908 14
908 882 0
883 908 14
908 883 0
884 908 14
908 884 0
885 908 14
908 885 0
886 908 14
908 886 0
887 908 14
908 887 0
888 908 14
908 888 0
889 908 14
908 889 0
890 908 14
908 890 0
891 908 14
908 891 0
892 908 14
908 892 0
893 908 14
908 893 0
894 908 14
908 894 0
895 908 14
908 895 0
896 908 14
908 896 0
897 908 14
908 897 0
898 908 14
908 898 0
899 908 14
908 899 0
900 908 14
908 900 0
901 908 14
908 901 0
902 908 14
908 902 0
903 908 14
908 903 0
904 908 14
908 904 0
905 908 14
908 905 0
906 908 14
908 906 0
907 908 14
908 907 0
