2835 2834 443 5668
1 2835 1
2835 1 0
2 2835 1
2835 2 0
3 2835 1
2835 3 0
4 2835 1
2835 4 0
5 2835 1
2835 5 0
6 2835 1
2835 6 0
7 2835 1
2835 7 0
8 2835 1
2835 8 0
9 2835 1
2835 9 0
10 2835 1
2835 10 0
11 2835 1
2835 11 0
12 2835 1
2835 12 0
13 2835 1
2835 13 0
14 2835 1
2835 14 0
15 2835 1
2835 15 0
16 2835 1
2835 16 0
17 2835 1
2835 17 0
18 2835 1
2835 18 0
19 2835 1
2835 19 0
20 2835 1
2835 20 0
21 2835 1
2835 21 0
22 2835 1
2835 22 0
23 2835 1
2835 23 0
24 2835 1
2835 24 0
25 2835 1
2835 25 0
26 2835 1
2835 26 0
27 2835 1
2835 27 0
28 2835 1
2835 28 0
29 2835 1
2835 29 0
30 2835 1
2835 30 0
31 2835 1
2835 31 0
32 2835 1
2835 32 0
33 2835 1
2835 33 0
34 2835 1
2835 34 0
35 2835 1
2835 35 0
36 2835 1
2835 36 0
37 2835 1
2835 37 0
38 2835 1
2835 38 0
39 2835 1
2835 39 0
40 2835 1
2835 40 0
41 2835 1
2835 41 0
42 2835 1
2835 42 0
43 2835 1
2835 43 0
44 2835 1
2835 44 0
45 2835 1
2835 45 0
46 2835 1
2835 46 0
47 2835 1
2835 47 0
48 2835 1
2835 48 0
49 2835 1
2835 49 0
50 2835 1
2835 50 0
51 2835 1
2835 51 0
52 2835 1
2835 52 0
53 2835 1
2835 53 0
54 2835 1
2835 54 0
55 2835 1
2835 55 0
56 2835 1
2835 56 0
57 2835 1
2835 57 0
58 2835 1
2835 58 0
59 2835 1
2835 59 0
60 2835 1
2835 60 0
61 2835 1
2835 61 0
62 2835 1
2835 62 0
63 2835 1
2835 63 0
64 2835 1
2835 64 0
65 2835 1
2835 65 0
66 2835 1
2835 66 0
67 2835 1
2835 67 0
68 2835 1
2835 68 0
69 2835 1
2835 69 0
70 2835 1
2835 70 0
71 2835 1
2835 71 0
72 2835 1
2835 72 0
73 2835 1
2835 73 0
74 2835 1
2835 74 0
75 2835 1
2835 75 0
76 2835 1
2835 76 0
77 2835 1
2835 77 0
78 2835 1
2835 78 0
79 2835 1
2835 79 0
80 2835 1
2835 80 0
81 2835 1
2835 81 0
82 2835 1
2835 82 0
83 2835 1
2835 83 0
84 2835 1
2835 84 0
85 2835 1
2835 85 0
86 2835 1
2835 86 0
87 2835 1
2835 87 0
88 2835 1
2835 88 0
89 2835 1
2835 89 0
90 2835 1
2835 90 0
91 2835 1
2835 91 0
92 2835 1
2835 92 0
93 2835 1
2835 93 0
94 2835 1
2835 94 0
95 2835 1
2835 95 0
96 2835 1
2835 96 0
97 2835 1
2835 97 0
98 2835 1
2835 98 0
99 2835 1
2835 99 0
100 2835 1
2835 100 0
101 2835 1
2835 101 0
102 2835 1
2835 102 0
103 2835 1
2835 103 0
104 2835 1
2835 104 0
105 2835 1
2835 105 0
106 2835 1
2835 106 0
107 2835 1
2835 107 0
108 2835 1
2835 108 0
109 2835 1
2835 109 0
110 2835 1
2835 110 0
111 2835 1
2835 111 0
112 2835 1
2835 112 0
113 2835 1
2835 113 0
114 2835 1
2835 114 0
115 2835 1
2835 115 0
116 2835 1
2835 116 0
117 2835 1
2835 117 0
118 2835 1
2835 118 0
119 2835 1
2835 119 0
120 2835 1
2835 120 0
121 2835 1
2835 121 0
122 2835 1
2835 122 0
123 2835 1
2835 123 0
124 2835 1
2835 124 0
125 2835 1
2835 125 0
126 2835 1
2835 126 0
127 2835 1
2835 127 0
128 2835 1
2835 128 0
129 2835 1
2835 129 0
130 2835 1
2835 130 0
131 2835 1
2835 131 0
132 2835 1
2835 132 0
133 2835 1
2835 133 0
134 2835 1
2835 134 0
135 2835 1
2835 135 0
136 2835 1
2835 136 0
137 2835 1
2835 137 0
138 2835 1
2835 138 0
139 2835 1
2835 139 0
140 2835 1
2835 140 0
141 2835 1
2835 141 0
142 2835 1
2835 142 0
143 2835 1
2835 143 0
144 2835 1
2835 144 0
145 2835 1
2835 145 0
146 2835 1
2835 146 0
147 2835 1
2835 147 0
148 2835 1
2835 148 0
149 2835 1
2835 149 0
150 2835 1
2835 150 0
151 2835 1
2835 151 0
152 2835 1
2835 152 0
153 2835 1
2835 153 0
154 2835 1
2835 154 0
155 2835 1
2835 155 0
156 2835 1
2835 156 0
157 2835 1
2835 157 0
158 2835 1
2835 158 0
159 2835 1
2835 159 0
160 2835 1
2835 160 0
161 2835 1
2835 161 0
162 2835 1
2835 162 0
163 2835 1
2835 163 0
164 2835 1
2835 164 0
165 2835 1
2835 165 0
166 2835 1
2835 166 0
167 2835 1
2835 167 0
168 2835 1
2835 168 0
169 2835 1
2835 169 0
170 2835 1
2835 170 0
171 2835 1
2835 171 0
172 2835 1
2835 172 0
173 2835 1
2835 173 0
174 2835 1
2835 174 0
175 2835 1
2835 175 0
176 2835 1
2835 176 0
177 2835 1
2835 177 0
178 2835 1
2835 178 0
179 2835 1
2835 179 0
180 2835 1
2835 180 0
181 2835 1
2835 181 0
182 2835 1
2835 182 0
183 2835 1
2835 183 0
184 2835 1
2835 184 0
185 2835 1
2835 185 0
186 2835 1
2835 186 0
187 2835 1
2835 187 0
188 2835 1
2835 188 0
189 2835 1
2835 189 0
190 2835 1
2835 190 0
191 2835 1
2835 191 0
192 2835 1
2835 192 0
193 2835 1
2835 193 0
194 2835 1
2835 194 0
195 2835 1
2835 195 0
196 2835 1
2835 196 0
197 2835 1
2835 197 0
198 2835 1
2835 198 0
199 2835 1
2835 199 0
200 2835 1
2835 200 0
201 2835 1
2835 201 0
202 2835 1
2835 202 0
203 2835 1
2835 203 0
204 2835 1
2835 204 0
205 2835 1
2835 205 0
206 2835 1
2835 206 0
207 2835 1
2835 207 0
208 2835 1
2835 208 0
209 2835 1
2835 209 0
210 2835 1
2835 210 0
211 2835 1
2835 211 0
212 2835 1
2835 212 0
213 2835 1
2835 213 0
214 2835 1
2835 214 0
215 2835 1
2835 215 0
216 2835 1
2835 216 0
217 2835 1
2835 217 0
218 2835 1
2835 218 0
219 2835 1
2835 219 0
220 2835 1
2835 220 0
221 2835 1
2835 221 0
222 2835 1
2835 222 0
223 2835 1
2835 223 0
224 2835 1
2835 224 0
225 2835 1
2835 225 0
226 2835 1
2835 226 0
227 2835 1
2835 227 0
228 2835 1
2835 228 0
229 2835 1
2835 229 0
230 2835 1
2835 230 0
231 2835 1
2835 231 0
232 2835 1
2835 232 0
233 2835 1
2835 233 0
234 2835 1
2835 234 0
235 2835 1
2835 235 0
236 2835 1
2835 236 0
237 2835 1
2835 237 0
238 2835 1
2835 238 0
239 2835 1
2835 239 0
240 2835 1
2835 240 0
241 2835 1
2835 241 0
242 2835 1
2835 242 0
243 2835 1
2835 243 0
244 2835 1
2835 244 0
245 2835 1
2835 245 0
246 2835 1
2835 246 0
247 2835 1
2835 247 0
248 2835 1
2835 248 0
249 2835 1
2835 249 0
250 2835 1
2835 250 0
251 2835 1
2835 251 0
252 2835 1
2835 252 0
253 2835 1
2835 253 0
254 2835 1
2835 254 0
255 2835 1
2835 255 0
256 2835 1
2835 256 0
257 2835 1
2835 257 0
258 2835 1
2835 258 0
259 2835 1
2835 259 0
260 2835 1
2835 260 0
261 2835 1
2835 261 0
262 2835 1
2835 262 0
263 2835 1
2835 263 0
264 2835 1
2835 264 0
265 2835 1
2835 265 0
266 2835 1
2835 266 0
267 2835 1
2835 267 0
268 2835 1
2835 268 0
269 2835 1
2835 269 0
270 2835 1
2835 270 0
271 2835 1
2835 271 0
272 2835 1
2835 272 0
273 2835 1
2835 273 0
274 2835 1
2835 274 0
275 2835 1
2835 275 0
276 2835 1
2835 276 0
277 2835 1
2835 277 0
278 2835 1
2835 278 0
279 2835 1
2835 279 0
280 2835 1
2835 280 0
281 2835 1
2835 281 0
282 2835 1
2835 282 0
283 2835 1
2835 283 0
284 2835 1
2835 284 0
285 2835 1
2835 285 0
286 2835 1
2835 286 0
287 2835 1
2835 287 0
288 2835 1
2835 288 0
289 2835 1
2835 289 0
290 2835 1
2835 290 0
291 2835 1
2835 291 0
292 2835 1
2835 292 0
293 2835 1
2835 293 0
294 2835 1
2835 294 0
295 2835 1
2835 295 0
296 2835 1
2835 296 0
297 2835 1
2835 297 0
298 2835 1
2835 298 0
299 2835 1
2835 299 0
300 2835 1
2835 300 0
301 2835 1
2835 301 0
302 2835 1
2835 302 0
303 2835 1
2835 303 0
304 2835 1
2835 304 0
305 2835 1
2835 305 0
306 2835 1
2835 306 0
307 2835 1
2835 307 0
308 2835 1
2835 308 0
309 2835 1
2835 309 0
310 2835 1
2835 310 0
311 2835 1
2835 311 0
312 2835 1
2835 312 0
313 2835 1
2835 313 0
314 2835 1
2835 314 0
315 2835 1
2835 315 0
316 2835 1
2835 316 0
317 2835 1
2835 317 0
318 2835 1
2835 318 0
319 2835 1
2835 319 0
320 2835 1
2835 320 0
321 2835 1
2835 321 0
322 2835 1
2835 322 0
323 2835 1
2835 323 0
324 2835 1
2835 324 0
325 2835 1
2835 325 0
326 2835 1
2835 326 0
327 2835 1
2835 327 0
328 2835 1
2835 328 0
329 2835 1
2835 329 0
330 2835 1
2835 330 0
331 2835 1
2835 331 0
332 2835 1
2835 332 0
333 2835 1
2835 333 0
334 2835 1
2835 334 0
335 2835 1
2835 335 0
336 2835 1
2835 336 0
337 2835 1
2835 337 0
338 2835 1
2835 338 0
339 2835 1
2835 339 0
340 2835 1
2835 340 0
341 2835 1
2835 341 0
342 2835 1
2835 342 0
343 2835 1
2835 343 0
344 2835 1
2835 344 0
345 2835 1
2835 345 0
346 2835 1
2835 346 0
347 2835 1
2835 347 0
348 2835 1
2835 348 0
349 2835 1
2835 349 0
350 2835 1
2835 350 0
351 2835 1
2835 351 0
352 2835 1
2835 352 0
353 2835 1
2835 353 0
354 2835 1
2835 354 0
355 2835 1
2835 355 0
356 2835 1
2835 356 0
357 2835 1
2835 357 0
358 2835 1
2835 358 0
359 2835 1
2835 359 0
360 2835 1
2835 360 0
361 2835 1
2835 361 0
362 2835 1
2835 362 0
363 2835 1
2835 363 0
364 2835 1
2835 364 0
365 2835 1
2835 365 0
366 2835 1
2835 366 0
367 2835 1
2835 367 0
368 2835 1
2835 368 0
369 2835 1
2835 369 0
370 2835 1
2835 370 0
371 2835 1
2835 371 0
372 2835 1
2835 372 0
373 2835 1
2835 373 0
374 2835 1
2835 374 0
375 2835 1
2835 375 0
376 2835 1
2835 376 0
377 2835 1
2835 377 0
378 2835 1
2835 378 0
379 2835 1
2835 379 0
380 2835 1
2835 380 0
381 2835 1
2835 381 0
382 2835 1
2835 382 0
383 2835 1
2835 383 0
384 2835 1
2835 384 0
385 2835 1
2835 385 0
386 2835 1
2835 386 0
387 2835 1
2835 387 0
388 2835 1
2835 388 0
389 2835 1
2835 389 0
390 2835 1
2835 390 0
391 2835 1
2835 391 0
392 2835 1
2835 392 0
393 2835 1
2835 393 0
394 2835 1
2835 394 0
395 2835 1
2835 395 0
396 2835 1
2835 396 0
397 2835 1
2835 397 0
398 2835 1
2835 398 0
399 2835 1
2835 399 0
400 2835 1
2835 400 0
401 2835 1
2835 401 0
402 2835 1
2835 402 0
403 2835 1
2835 403 0
404 2835 1
2835 404 0
405 2835 1
2835 405 0
406 2835 1
2835 406 0
407 2835 1
2835 407 0
408 2835 1
2835 408 0
409 2835 1
2835 409 0
410 2835 1
2835 410 0
411 2835 1
2835 411 0
412 2835 1
2835 412 0
413 2835 1
2835 413 0
414 2835 1
2835 414 0
415 2835 1
2835 415 0
416 2835 1
2835 416 0
417 2835 1
2835 417 0
418 2835 1
2835 418 0
419 2835 1
2835 419 0
420 2835 1
2835 420 0
421 2835 1
2835 421 0
422 2835 1
2835 422 0
423 2835 1
2835 423 0
424 2835 1
2835 424 0
425 2835 1
2835 425 0
426 2835 1
2835 426 0
427 2835 1
2835 427 0
428 2835 1
2835 428 0
429 2835 1
2835 429 0
430 2835 1
2835 430 0
431 2835 1
2835 431 0
432 2835 1
2835 432 0
433 2835 1
2835 433 0
434 2835 1
2835 434 0
435 2835 1
2835 435 0
436 2835 1
2835 436 0
437 2835 1
2835 437 0
438 2835 1
2835 438 0
439 2835 1
2835 439 0
440 2835 1
2835 440 0
441 2835 1
2835 441 0
442 2835 1
2835 442 0
443 2835 1
2835 443 0
444 2835 1
2835 444 0
445 2835 1
2835 445 0
446 2835 1
2835 446 0
447 2835 1
2835 447 0
448 2835 1
2835 448 0
449 2835 1
2835 449 0
450 2835 1
2835 450 0
451 2835 1
2835 451 0
452 2835 1
2835 452 0
453 2835 1
2835 453 0
454 2835 1
2835 454 0
455 2835 1
2835 455 0
456 2835 1
2835 456 0
457 2835 1
2835 457 0
458 2835 1
2835 458 0
459 2835 1
2835 459 0
460 2835 1
2835 460 0
461 2835 1
2835 461 0
462 2835 1
2835 462 0
463 2835 1
2835 463 0
464 2835 1
2835 464 0
465 2835 1
2835 465 0
466 2835 1
2835 466 0
467 2835 1
2835 467 0
468 2835 1
2835 468 0
469 2835 1
2835 469 0
470 2835 1
2835 470 0
471 2835 1
2835 471 0
472 2835 1
2835 472 0
473 2835 1
2835 473 0
474 2835 1
2835 474 0
475 2835 1
2835 475 0
476 2835 1
2835 476 0
477 2835 1
2835 477 0
478 2835 1
2835 478 0
479 2835 1
2835 479 0
480 2835 1
2835 480 0
481 2835 1
2835 481 0
482 2835 1
2835 482 0
483 2835 1
2835 483 0
484 2835 1
2835 484 0
485 2835 1
2835 485 0
486 2835 1
2835 486 0
487 2835 1
2835 487 0
488 2835 1
2835 488 0
489 2835 1
2835 489 0
490 2835 1
2835 490 0
491 2835 1
2835 491 0
492 2835 1
2835 492 0
493 2835 1
2835 493 0
494 2835 1
2835 494 0
495 2835 1
2835 495 0
496 2835 1
2835 496 0
497 2835 1
2835 497 0
498 2835 1
2835 498 0
499 2835 1
2835 499 0
500 2835 1
2835 500 0
501 2835 1
2835 501 0
502 2835 1
2835 502 0
503 2835 1
2835 503 0
504 2835 1
2835 504 0
505 2835 1
2835 505 0
506 2835 1
2835 506 0
507 2835 1
2835 507 0
508 2835 1
2835 508 0
509 2835 1
2835 509 0
510 2835 1
2835 510 0
511 2835 1
2835 511 0
512 2835 1
2835 512 0
513 2835 1
2835 513 0
514 2835 1
2835 514 0
515 2835 1
2835 515 0
516 2835 1
2835 516 0
517 2835 1
2835 517 0
518 2835 1
2835 518 0
519 2835 1
2835 519 0
520 2835 1
2835 520 0
521 2835 1
2835 521 0
522 2835 1
2835 522 0
523 2835 1
2835 523 0
524 2835 1
2835 524 0
525 2835 1
2835 525 0
526 2835 1
2835 526 0
527 2835 1
2835 527 0
528 2835 1
2835 528 0
529 2835 1
2835 529 0
530 2835 1
2835 530 0
531 2835 1
2835 531 0
532 2835 1
2835 532 0
533 2835 1
2835 533 0
534 2835 1
2835 534 0
535 2835 1
2835 535 0
536 2835 1
2835 536 0
537 2835 1
2835 537 0
538 2835 1
2835 538 0
539 2835 1
2835 539 0
540 2835 1
2835 540 0
541 2835 1
2835 541 0
542 2835 1
2835 542 0
543 2835 1
2835 543 0
544 2835 1
2835 544 0
545 2835 1
2835 545 0
546 2835 1
2835 546 0
547 2835 1
2835 547 0
548 2835 1
2835 548 0
549 2835 1
2835 549 0
550 2835 1
2835 550 0
551 2835 1
2835 551 0
552 2835 1
2835 552 0
553 2835 1
2835 553 0
554 2835 1
2835 554 0
555 2835 1
2835 555 0
556 2835 1
2835 556 0
557 2835 1
2835 557 0
558 2835 1
2835 558 0
559 2835 1
2835 559 0
560 2835 1
2835 560 0
561 2835 1
2835 561 0
562 2835 1
2835 562 0
563 2835 1
2835 563 0
564 2835 1
2835 564 0
565 2835 1
2835 565 0
566 2835 1
2835 566 0
567 2835 1
2835 567 0
568 2835 1
2835 568 0
569 2835 1
2835 569 0
570 2835 1
2835 570 0
571 2835 1
2835 571 0
572 2835 1
2835 572 0
573 2835 1
2835 573 0
574 2835 1
2835 574 0
575 2835 1
2835 575 0
576 2835 1
2835 576 0
577 2835 1
2835 577 0
578 2835 1
2835 578 0
579 2835 1
2835 579 0
580 2835 1
2835 580 0
581 2835 1
2835 581 0
582 2835 1
2835 582 0
583 2835 1
2835 583 0
584 2835 1
2835 584 0
585 2835 1
2835 585 0
586 2835 1
2835 586 0
587 2835 1
2835 587 0
588 2835 1
2835 588 0
589 2835 1
2835 589 0
590 2835 1
2835 590 0
591 2835 1
2835 591 0
592 2835 1
2835 592 0
593 2835 1
2835 593 0
594 2835 1
2835 594 0
595 2835 1
2835 595 0
596 2835 1
2835 596 0
597 2835 1
2835 597 0
598 2835 1
2835 598 0
599 2835 1
2835 599 0
600 2835 1
2835 600 0
601 2835 1
2835 601 0
602 2835 1
2835 602 0
603 2835 1
2835 603 0
604 2835 1
2835 604 0
605 2835 1
2835 605 0
606 2835 1
2835 606 0
607 2835 1
2835 607 0
608 2835 1
2835 608 0
609 2835 1
2835 609 0
610 2835 1
2835 610 0
611 2835 1
2835 611 0
612 2835 1
2835 612 0
613 2835 1
2835 613 0
614 2835 1
2835 614 0
615 2835 1
2835 615 0
616 2835 1
2835 616 0
617 2835 1
2835 617 0
618 2835 1
2835 618 0
619 2835 1
2835 619 0
620 2835 1
2835 620 0
621 2835 1
2835 621 0
622 2835 1
2835 622 0
623 2835 1
2835 623 0
624 2835 1
2835 624 0
625 2835 1
2835 625 0
626 2835 1
2835 626 0
627 2835 1
2835 627 0
628 2835 1
2835 628 0
629 2835 1
2835 629 0
630 2835 1
2835 630 0
631 2835 1
2835 631 0
632 2835 1
2835 632 0
633 2835 1
2835 633 0
634 2835 1
2835 634 0
635 2835 1
2835 635 0
636 2835 1
2835 636 0
637 2835 1
2835 637 0
638 2835 1
2835 638 0
639 2835 1
2835 639 0
640 2835 1
2835 640 0
641 2835 1
2835 641 0
642 2835 1
2835 642 0
643 2835 1
2835 643 0
644 2835 1
2835 644 0
645 2835 1
2835 645 0
646 2835 1
2835 646 0
647 2835 1
2835 647 0
648 2835 1
2835 648 0
649 2835 1
2835 649 0
650 2835 1
2835 650 0
651 2835 1
2835 651 0
652 2835 1
2835 652 0
653 2835 1
2835 653 0
654 2835 1
2835 654 0
655 2835 1
2835 655 0
656 2835 1
2835 656 0
657 2835 1
2835 657 0
658 2835 1
2835 658 0
659 2835 1
2835 659 0
660 2835 1
2835 660 0
661 2835 1
2835 661 0
662 2835 1
2835 662 0
663 2835 1
2835 663 0
664 2835 1
2835 664 0
665 2835 1
2835 665 0
666 2835 1
2835 666 0
667 2835 1
2835 667 0
668 2835 1
2835 668 0
669 2835 1
2835 669 0
670 2835 1
2835 670 0
671 2835 1
2835 671 0
672 2835 1
2835 672 0
673 2835 1
2835 673 0
674 2835 1
2835 674 0
675 2835 1
2835 675 0
676 2835 1
2835 676 0
677 2835 1
2835 677 0
678 2835 1
2835 678 0
679 2835 1
2835 679 0
680 2835 1
2835 680 0
681 2835 1
2835 681 0
682 2835 1
2835 682 0
683 2835 1
2835 683 0
684 2835 1
2835 684 0
685 2835 1
2835 685 0
686 2835 1
2835 686 0
687 2835 1
2835 687 0
688 2835 1
2835 688 0
689 2835 1
2835 689 0
690 2835 1
2835 690 0
691 2835 1
2835 691 0
692 2835 1
2835 692 0
693 2835 1
2835 693 0
694 2835 1
2835 694 0
695 2835 1
2835 695 0
696 2835 1
2835 696 0
697 2835 1
2835 697 0
698 2835 1
2835 698 0
699 2835 1
2835 699 0
700 2835 1
2835 700 0
701 2835 1
2835 701 0
702 2835 1
2835 702 0
703 2835 1
2835 703 0
704 2835 1
2835 704 0
705 2835 1
2835 705 0
706 2835 1
2835 706 0
707 2835 1
2835 707 0
708 2835 1
2835 708 0
709 2835 1
2835 709 0
710 2835 1
2835 710 0
711 2835 1
2835 711 0
712 2835 1
2835 712 0
713 2835 1
2835 713 0
714 2835 1
2835 714 0
715 2835 1
2835 715 0
716 2835 1
2835 716 0
717 2835 1
2835 717 0
718 2835 1
2835 718 0
719 2835 1
2835 719 0
720 2835 1
2835 720 0
721 2835 1
2835 721 0
722 2835 1
2835 722 0
723 2835 1
2835 723 0
724 2835 1
2835 724 0
725 2835 1
2835 725 0
726 2835 1
2835 726 0
727 2835 1
2835 727 0
728 2835 1
2835 728 0
729 2835 1
2835 729 0
730 2835 1
2835 730 0
731 2835 1
2835 731 0
732 2835 1
2835 732 0
733 2835 1
2835 733 0
734 2835 1
2835 734 0
735 2835 1
2835 735 0
736 2835 1
2835 736 0
737 2835 1
2835 737 0
738 2835 1
2835 738 0
739 2835 1
2835 739 0
740 2835 1
2835 740 0
741 2835 1
2835 741 0
742 2835 1
2835 742 0
743 2835 1
2835 743 0
744 2835 1
2835 744 0
745 2835 1
2835 745 0
746 2835 1
2835 746 0
747 2835 1
2835 747 0
748 2835 1
2835 748 0
749 2835 1
2835 749 0
750 2835 1
2835 750 0
751 2835 1
2835 751 0
752 2835 1
2835 752 0
753 2835 1
2835 753 0
754 2835 1
2835 754 0
755 2835 1
2835 755 0
756 2835 1
2835 756 0
757 2835 1
2835 757 0
758 2835 1
2835 758 0
759 2835 1
2835 759 0
760 2835 1
2835 760 0
761 2835 1
2835 761 0
762 2835 1
2835 762 0
763 2835 1
2835 763 0
764 2835 1
2835 764 0
765 2835 1
2835 765 0
766 2835 1
2835 766 0
767 2835 1
2835 767 0
768 2835 1
2835 768 0
769 2835 1
2835 769 0
770 2835 1
2835 770 0
771 2835 1
2835 771 0
772 2835 1
2835 772 0
773 2835 1
2835 773 0
774 2835 1
2835 774 0
775 2835 1
2835 775 0
776 2835 1
2835 776 0
777 2835 1
2835 777 0
778 2835 1
2835 778 0
779 2835 1
2835 779 0
780 2835 1
2835 780 0
781 2835 1
2835 781 0
782 2835 1
2835 782 0
783 2835 1
2835 783 0
784 2835 1
2835 784 0
785 2835 1
2835 785 0
786 2835 1
2835 786 0
787 2835 1
2835 787 0
788 2835 1
2835 788 0
789 2835 1
2835 789 0
790 2835 1
2835 790 0
791 2835 1
2835 791 0
792 2835 1
2835 792 0
793 2835 1
2835 793 0
794 2835 1
2835 794 0
795 2835 1
2835 795 0
796 2835 1
2835 796 0
797 2835 1
2835 797 0
798 2835 1
2835 798 0
799 2835 1
2835 799 0
800 2835 1
2835 800 0
801 2835 1
2835 801 0
802 2835 1
2835 802 0
803 2835 1
2835 803 0
804 2835 1
2835 804 0
805 2835 1
2835 805 0
806 2835 1
2835 806 0
807 2835 1
2835 807 0
808 2835 1
2835 808 0
809 2835 1
2835 809 0
810 2835 1
2835 810 0
811 2835 1
2835 811 0
812 2835 1
2835 812 0
813 2835 1
2835 813 0
814 2835 1
2835 814 0
815 2835 1
2835 815 0
816 2835 1
2835 816 0
817 2835 1
2835 817 0
818 2835 1
2835 818 0
819 2835 1
2835 819 0
820 2835 1
2835 820 0
821 2835 1
2835 821 0
822 2835 1
2835 822 0
823 2835 1
2835 823 0
824 2835 1
2835 824 0
825 2835 1
2835 825 0
826 2835 1
2835 826 0
827 2835 1
2835 827 0
828 2835 1
2835 828 0
829 2835 1
2835 829 0
830 2835 1
2835 830 0
831 2835 1
2835 831 0
832 2835 1
2835 832 0
833 2835 1
2835 833 0
834 2835 1
2835 834 0
835 2835 1
2835 835 0
836 2835 1
2835 836 0
837 2835 1
2835 837 0
838 2835 1
2835 838 0
839 2835 1
2835 839 0
840 2835 1
2835 840 0
841 2835 1
2835 841 0
842 2835 1
2835 842 0
843 2835 1
2835 843 0
844 2835 1
2835 844 0
845 2835 1
2835 845 0
846 2835 1
2835 846 0
847 2835 1
2835 847 0
848 2835 1
2835 848 0
849 2835 1
2835 849 0
850 2835 1
2835 850 0
851 2835 1
2835 851 0
852 2835 1
2835 852 0
853 2835 1
2835 853 0
854 2835 1
2835 854 0
855 2835 1
2835 855 0
856 2835 1
2835 856 0
857 2835 1
2835 857 0
858 2835 1
2835 858 0
859 2835 1
2835 859 0
860 2835 1
2835 860 0
861 2835 1
2835 861 0
862 2835 1
2835 862 0
863 2835 1
2835 863 0
864 2835 1
2835 864 0
865 2835 1
2835 865 0
866 2835 1
2835 866 0
867 2835 1
2835 867 0
868 2835 1
2835 868 0
869 2835 1
2835 869 0
870 2835 1
2835 870 0
871 2835 1
2835 871 0
872 2835 1
2835 872 0
873 2835 1
2835 873 0
874 2835 1
2835 874 0
875 2835 1
2835 875 0
876 2835 1
2835 876 0
877 2835 1
2835 877 0
878 2835 1
2835 878 0
879 2835 1
2835 879 0
880 2835 1
2835 880 0
881 2835 1
2835 881 0
882 2835 1
2835 882 0
883 2835 1
2835 883 0
884 2835 1
2835 884 0
885 2835 1
2835 885 0
886 2835 1
2835 886 0
887 2835 1
2835 887 0
888 2835 1
2835 888 0
889 2835 1
2835 889 0
890 2835 1
2835 890 0
891 2835 1
2835 891 0
892 2835 1
2835 892 0
893 2835 1
2835 893 0
894 2835 1
2835 894 0
895 2835 1
2835 895 0
896 2835 1
2835 896 0
897 2835 1
2835 897 0
898 2835 1
2835 898 0
899 2835 1
2835 899 0
900 2835 1
2835 900 0
901 2835 1
2835 901 0
902 2835 1
2835 902 0
903 2835 1
2835 903 0
904 2835 1
2835 904 0
905 2835 1
2835 905 0
906 2835 1
2835 906 0
907 2835 1
2835 907 0
908 2835 1
2835 908 0
909 2835 1
2835 909 0
910 2835 1
2835 910 0
911 2835 1
2835 911 0
912 2835 1
2835 912 0
913 2835 1
2835 913 0
914 2835 1
2835 914 0
915 2835 1
2835 915 0
916 2835 1
2835 916 0
917 2835 1
2835 917 0
918 2835 1
2835 918 0
919 2835 1
2835 919 0
920 2835 1
2835 920 0
921 2835 1
2835 921 0
922 2835 1
2835 922 0
923 2835 1
2835 923 0
924 2835 1
2835 924 0
925 2835 1
2835 925 0
926 2835 1
2835 926 0
927 2835 1
2835 927 0
928 2835 1
2835 928 0
929 2835 1
2835 929 0
930 2835 1
2835 930 0
931 2835 1
2835 931 0
932 2835 1
2835 932 0
933 2835 1
2835 933 0
934 2835 1
2835 934 0
935 2835 1
2835 935 0
936 2835 1
2835 936 0
937 2835 1
2835 937 0
938 2835 1
2835 938 0
939 2835 1
2835 939 0
940 2835 1
2835 940 0
941 2835 1
2835 941 0
942 2835 1
2835 942 0
943 2835 1
2835 943 0
944 2835 1
2835 944 0
945 2835 1
2835 945 0
946 2835 1
2835 946 0
947 2835 1
2835 947 0
948 2835 1
2835 948 0
949 2835 1
2835 949 0
950 2835 1
2835 950 0
951 2835 1
2835 951 0
952 2835 1
2835 952 0
953 2835 1
2835 953 0
954 2835 1
2835 954 0
955 2835 1
2835 955 0
956 2835 1
2835 956 0
957 2835 1
2835 957 0
958 2835 1
2835 958 0
959 2835 1
2835 959 0
960 2835 1
2835 960 0
961 2835 1
2835 961 0
962 2835 1
2835 962 0
963 2835 1
2835 963 0
964 2835 1
2835 964 0
965 2835 1
2835 965 0
966 2835 1
2835 966 0
967 2835 1
2835 967 0
968 2835 1
2835 968 0
969 2835 1
2835 969 0
970 2835 1
2835 970 0
971 2835 1
2835 971 0
972 2835 1
2835 972 0
973 2835 1
2835 973 0
974 2835 1
2835 974 0
975 2835 1
2835 975 0
976 2835 1
2835 976 0
977 2835 1
2835 977 0
978 2835 1
2835 978 0
979 2835 1
2835 979 0
980 2835 1
2835 980 0
981 2835 1
2835 981 0
982 2835 1
2835 982 0
983 2835 1
2835 983 0
984 2835 1
2835 984 0
985 2835 1
2835 985 0
986 2835 1
2835 986 0
987 2835 1
2835 987 0
988 2835 1
2835 988 0
989 2835 1
2835 989 0
990 2835 1
2835 990 0
991 2835 1
2835 991 0
992 2835 1
2835 992 0
993 2835 1
2835 993 0
994 2835 1
2835 994 0
995 2835 1
2835 995 0
996 2835 1
2835 996 0
997 2835 1
2835 997 0
998 2835 1
2835 998 0
999 2835 1
2835 999 0
1000 2835 1
2835 1000 0
1001 2835 1
2835 1001 0
1002 2835 1
2835 1002 0
1003 2835 1
2835 1003 0
1004 2835 1
2835 1004 0
1005 2835 1
2835 1005 0
1006 2835 1
2835 1006 0
1007 2835 1
2835 1007 0
1008 2835 1
2835 1008 0
1009 2835 1
2835 1009 0
1010 2835 1
2835 1010 0
1011 2835 1
2835 1011 0
1012 2835 1
2835 1012 0
1013 2835 1
2835 1013 0
1014 2835 1
2835 1014 0
1015 2835 1
2835 1015 0
1016 2835 1
2835 1016 0
1017 2835 1
2835 1017 0
1018 2835 1
2835 1018 0
1019 2835 1
2835 1019 0
1020 2835 1
2835 1020 0
1021 2835 1
2835 1021 0
1022 2835 1
2835 1022 0
1023 2835 1
2835 1023 0
1024 2835 1
2835 1024 0
1025 2835 1
2835 1025 0
1026 2835 1
2835 1026 0
1027 2835 1
2835 1027 0
1028 2835 1
2835 1028 0
1029 2835 1
2835 1029 0
1030 2835 1
2835 1030 0
1031 2835 1
2835 1031 0
1032 2835 1
2835 1032 0
1033 2835 1
2835 1033 0
1034 2835 1
2835 1034 0
1035 2835 1
2835 1035 0
1036 2835 1
2835 1036 0
1037 2835 1
2835 1037 0
1038 2835 1
2835 1038 0
1039 2835 1
2835 1039 0
1040 2835 1
2835 1040 0
1041 2835 1
2835 1041 0
1042 2835 1
2835 1042 0
1043 2835 1
2835 1043 0
1044 2835 1
2835 1044 0
1045 2835 1
2835 1045 0
1046 2835 1
2835 1046 0
1047 2835 1
2835 1047 0
1048 2835 1
2835 1048 0
1049 2835 1
2835 1049 0
1050 2835 1
2835 1050 0
1051 2835 1
2835 1051 0
1052 2835 1
2835 1052 0
1053 2835 1
2835 1053 0
1054 2835 1
2835 1054 0
1055 2835 1
2835 1055 0
1056 2835 1
2835 1056 0
1057 2835 1
2835 1057 0
1058 2835 1
2835 1058 0
1059 2835 1
2835 1059 0
1060 2835 1
2835 1060 0
1061 2835 1
2835 1061 0
1062 2835 1
2835 1062 0
1063 2835 1
2835 1063 0
1064 2835 1
2835 1064 0
1065 2835 1
2835 1065 0
1066 2835 1
2835 1066 0
1067 2835 1
2835 1067 0
1068 2835 1
2835 1068 0
1069 2835 1
2835 1069 0
1070 2835 1
2835 1070 0
1071 2835 1
2835 1071 0
1072 2835 1
2835 1072 0
1073 2835 1
2835 1073 0
1074 2835 1
2835 1074 0
1075 2835 1
2835 1075 0
1076 2835 1
2835 1076 0
1077 2835 1
2835 1077 0
1078 2835 1
2835 1078 0
1079 2835 1
2835 1079 0
1080 2835 1
2835 1080 0
1081 2835 1
2835 1081 0
1082 2835 1
2835 1082 0
1083 2835 1
2835 1083 0
1084 2835 1
2835 1084 0
1085 2835 1
2835 1085 0
1086 2835 1
2835 1086 0
1087 2835 1
2835 1087 0
1088 2835 1
2835 1088 0
1089 2835 1
2835 1089 0
1090 2835 1
2835 1090 0
1091 2835 1
2835 1091 0
1092 2835 1
2835 1092 0
1093 2835 1
2835 1093 0
1094 2835 1
2835 1094 0
1095 2835 1
2835 1095 0
1096 2835 1
2835 1096 0
1097 2835 1
2835 1097 0
1098 2835 1
2835 1098 0
1099 2835 1
2835 1099 0
1100 2835 1
2835 1100 0
1101 2835 1
2835 1101 0
1102 2835 1
2835 1102 0
1103 2835 1
2835 1103 0
1104 2835 1
2835 1104 0
1105 2835 1
2835 1105 0
1106 2835 1
2835 1106 0
1107 2835 1
2835 1107 0
1108 2835 1
2835 1108 0
1109 2835 1
2835 1109 0
1110 2835 1
2835 1110 0
1111 2835 1
2835 1111 0
1112 2835 1
2835 1112 0
1113 2835 1
2835 1113 0
1114 2835 1
2835 1114 0
1115 2835 1
2835 1115 0
1116 2835 1
2835 1116 0
1117 2835 1
2835 1117 0
1118 2835 1
2835 1118 0
1119 2835 1
2835 1119 0
1120 2835 1
2835 1120 0
1121 2835 1
2835 1121 0
1122 2835 1
2835 1122 0
1123 2835 1
2835 1123 0
1124 2835 1
2835 1124 0
1125 2835 1
2835 1125 0
1126 2835 1
2835 1126 0
1127 2835 1
2835 1127 0
1128 2835 1
2835 1128 0
1129 2835 1
2835 1129 0
1130 2835 1
2835 1130 0
1131 2835 1
2835 1131 0
1132 2835 1
2835 1132 0
1133 2835 1
2835 1133 0
1134 2835 1
2835 1134 0
1135 2835 1
2835 1135 0
1136 2835 1
2835 1136 0
1137 2835 1
2835 1137 0
1138 2835 1
2835 1138 0
1139 2835 1
2835 1139 0
1140 2835 1
2835 1140 0
1141 2835 1
2835 1141 0
1142 2835 1
2835 1142 0
1143 2835 1
2835 1143 0
1144 2835 1
2835 1144 0
1145 2835 1
2835 1145 0
1146 2835 1
2835 1146 0
1147 2835 1
2835 1147 0
1148 2835 1
2835 1148 0
1149 2835 1
2835 1149 0
1150 2835 1
2835 1150 0
1151 2835 1
2835 1151 0
1152 2835 1
2835 1152 0
1153 2835 1
2835 1153 0
1154 2835 1
2835 1154 0
1155 2835 1
2835 1155 0
1156 2835 1
2835 1156 0
1157 2835 1
2835 1157 0
1158 2835 1
2835 1158 0
1159 2835 1
2835 1159 0
1160 2835 1
2835 1160 0
1161 2835 1
2835 1161 0
1162 2835 1
2835 1162 0
1163 2835 1
2835 1163 0
1164 2835 1
2835 1164 0
1165 2835 1
2835 1165 0
1166 2835 1
2835 1166 0
1167 2835 1
2835 1167 0
1168 2835 1
2835 1168 0
1169 2835 1
2835 1169 0
1170 2835 1
2835 1170 0
1171 2835 1
2835 1171 0
1172 2835 1
2835 1172 0
1173 2835 1
2835 1173 0
1174 2835 1
2835 1174 0
1175 2835 1
2835 1175 0
1176 2835 1
2835 1176 0
1177 2835 1
2835 1177 0
1178 2835 1
2835 1178 0
1179 2835 1
2835 1179 0
1180 2835 1
2835 1180 0
1181 2835 1
2835 1181 0
1182 2835 1
2835 1182 0
1183 2835 1
2835 1183 0
1184 2835 1
2835 1184 0
1185 2835 1
2835 1185 0
1186 2835 1
2835 1186 0
1187 2835 1
2835 1187 0
1188 2835 1
2835 1188 0
1189 2835 1
2835 1189 0
1190 2835 1
2835 1190 0
1191 2835 1
2835 1191 0
1192 2835 1
2835 1192 0
1193 2835 1
2835 1193 0
1194 2835 1
2835 1194 0
1195 2835 1
2835 1195 0
1196 2835 1
2835 1196 0
1197 2835 1
2835 1197 0
1198 2835 1
2835 1198 0
1199 2835 1
2835 1199 0
1200 2835 1
2835 1200 0
1201 2835 1
2835 1201 0
1202 2835 1
2835 1202 0
1203 2835 1
2835 1203 0
1204 2835 1
2835 1204 0
1205 2835 1
2835 1205 0
1206 2835 1
2835 1206 0
1207 2835 1
2835 1207 0
1208 2835 1
2835 1208 0
1209 2835 1
2835 1209 0
1210 2835 1
2835 1210 0
1211 2835 1
2835 1211 0
1212 2835 1
2835 1212 0
1213 2835 1
2835 1213 0
1214 2835 1
2835 1214 0
1215 2835 1
2835 1215 0
1216 2835 1
2835 1216 0
1217 2835 1
2835 1217 0
1218 2835 1
2835 1218 0
1219 2835 1
2835 1219 0
1220 2835 1
2835 1220 0
1221 2835 1
2835 1221 0
1222 2835 1
2835 1222 0
1223 2835 1
2835 1223 0
1224 2835 1
2835 1224 0
1225 2835 1
2835 1225 0
1226 2835 1
2835 1226 0
1227 2835 1
2835 1227 0
1228 2835 1
2835 1228 0
1229 2835 1
2835 1229 0
1230 2835 1
2835 1230 0
1231 2835 1
2835 1231 0
1232 2835 1
2835 1232 0
1233 2835 1
2835 1233 0
1234 2835 1
2835 1234 0
1235 2835 1
2835 1235 0
1236 2835 1
2835 1236 0
1237 2835 1
2835 1237 0
1238 2835 1
2835 1238 0
1239 2835 1
2835 1239 0
1240 2835 1
2835 1240 0
1241 2835 1
2835 1241 0
1242 2835 1
2835 1242 0
1243 2835 1
2835 1243 0
1244 2835 1
2835 1244 0
1245 2835 1
2835 1245 0
1246 2835 1
2835 1246 0
1247 2835 1
2835 1247 0
1248 2835 1
2835 1248 0
1249 2835 1
2835 1249 0
1250 2835 1
2835 1250 0
1251 2835 1
2835 1251 0
1252 2835 1
2835 1252 0
1253 2835 1
2835 1253 0
1254 2835 1
2835 1254 0
1255 2835 1
2835 1255 0
1256 2835 1
2835 1256 0
1257 2835 1
2835 1257 0
1258 2835 1
2835 1258 0
1259 2835 1
2835 1259 0
1260 2835 1
2835 1260 0
1261 2835 1
2835 1261 0
1262 2835 1
2835 1262 0
1263 2835 1
2835 1263 0
1264 2835 1
2835 1264 0
1265 2835 1
2835 1265 0
1266 2835 1
2835 1266 0
1267 2835 1
2835 1267 0
1268 2835 1
2835 1268 0
1269 2835 1
2835 1269 0
1270 2835 1
2835 1270 0
1271 2835 1
2835 1271 0
1272 2835 1
2835 1272 0
1273 2835 1
2835 1273 0
1274 2835 1
2835 1274 0
1275 2835 1
2835 1275 0
1276 2835 1
2835 1276 0
1277 2835 1
2835 1277 0
1278 2835 1
2835 1278 0
1279 2835 1
2835 1279 0
1280 2835 1
2835 1280 0
1281 2835 1
2835 1281 0
1282 2835 1
2835 1282 0
1283 2835 1
2835 1283 0
1284 2835 1
2835 1284 0
1285 2835 1
2835 1285 0
1286 2835 1
2835 1286 0
1287 2835 1
2835 1287 0
1288 2835 1
2835 1288 0
1289 2835 1
2835 1289 0
1290 2835 1
2835 1290 0
1291 2835 1
2835 1291 0
1292 2835 1
2835 1292 0
1293 2835 1
2835 1293 0
1294 2835 1
2835 1294 0
1295 2835 1
2835 1295 0
1296 2835 1
2835 1296 0
1297 2835 1
2835 1297 0
1298 2835 1
2835 1298 0
1299 2835 1
2835 1299 0
1300 2835 1
2835 1300 0
1301 2835 1
2835 1301 0
1302 2835 1
2835 1302 0
1303 2835 1
2835 1303 0
1304 2835 1
2835 1304 0
1305 2835 1
2835 1305 0
1306 2835 1
2835 1306 0
1307 2835 1
2835 1307 0
1308 2835 1
2835 1308 0
1309 2835 1
2835 1309 0
1310 2835 1
2835 1310 0
1311 2835 1
2835 1311 0
1312 2835 1
2835 1312 0
1313 2835 1
2835 1313 0
1314 2835 1
2835 1314 0
1315 2835 1
2835 1315 0
1316 2835 1
2835 1316 0
1317 2835 1
2835 1317 0
1318 2835 1
2835 1318 0
1319 2835 1
2835 1319 0
1320 2835 1
2835 1320 0
1321 2835 1
2835 1321 0
1322 2835 1
2835 1322 0
1323 2835 1
2835 1323 0
1324 2835 1
2835 1324 0
1325 2835 1
2835 1325 0
1326 2835 1
2835 1326 0
1327 2835 1
2835 1327 0
1328 2835 1
2835 1328 0
1329 2835 1
2835 1329 0
1330 2835 1
2835 1330 0
1331 2835 1
2835 1331 0
1332 2835 1
2835 1332 0
1333 2835 1
2835 1333 0
1334 2835 1
2835 1334 0
1335 2835 1
2835 1335 0
1336 2835 1
2835 1336 0
1337 2835 1
2835 1337 0
1338 2835 1
2835 1338 0
1339 2835 1
2835 1339 0
1340 2835 1
2835 1340 0
1341 2835 1
2835 1341 0
1342 2835 1
2835 1342 0
1343 2835 1
2835 1343 0
1344 2835 1
2835 1344 0
1345 2835 1
2835 1345 0
1346 2835 1
2835 1346 0
1347 2835 1
2835 1347 0
1348 2835 1
2835 1348 0
1349 2835 1
2835 1349 0
1350 2835 1
2835 1350 0
1351 2835 1
2835 1351 0
1352 2835 1
2835 1352 0
1353 2835 1
2835 1353 0
1354 2835 1
2835 1354 0
1355 2835 1
2835 1355 0
1356 2835 1
2835 1356 0
1357 2835 1
2835 1357 0
1358 2835 1
2835 1358 0
1359 2835 1
2835 1359 0
1360 2835 1
2835 1360 0
1361 2835 1
2835 1361 0
1362 2835 1
2835 1362 0
1363 2835 1
2835 1363 0
1364 2835 1
2835 1364 0
1365 2835 1
2835 1365 0
1366 2835 1
2835 1366 0
1367 2835 1
2835 1367 0
1368 2835 1
2835 1368 0
1369 2835 1
2835 1369 0
1370 2835 1
2835 1370 0
1371 2835 1
2835 1371 0
1372 2835 1
2835 1372 0
1373 2835 1
2835 1373 0
1374 2835 1
2835 1374 0
1375 2835 1
2835 1375 0
1376 2835 1
2835 1376 0
1377 2835 1
2835 1377 0
1378 2835 1
2835 1378 0
1379 2835 1
2835 1379 0
1380 2835 1
2835 1380 0
1381 2835 1
2835 1381 0
1382 2835 1
2835 1382 0
1383 2835 1
2835 1383 0
1384 2835 1
2835 1384 0
1385 2835 1
2835 1385 0
1386 2835 1
2835 1386 0
1387 2835 1
2835 1387 0
1388 2835 1
2835 1388 0
1389 2835 1
2835 1389 0
1390 2835 1
2835 1390 0
1391 2835 1
2835 1391 0
1392 2835 1
2835 1392 0
1393 2835 1
2835 1393 0
1394 2835 1
2835 1394 0
1395 2835 1
2835 1395 0
1396 2835 1
2835 1396 0
1397 2835 1
2835 1397 0
1398 2835 1
2835 1398 0
1399 2835 1
2835 1399 0
1400 2835 1
2835 1400 0
1401 2835 1
2835 1401 0
1402 2835 1
2835 1402 0
1403 2835 1
2835 1403 0
1404 2835 1
2835 1404 0
1405 2835 1
2835 1405 0
1406 2835 1
2835 1406 0
1407 2835 1
2835 1407 0
1408 2835 1
2835 1408 0
1409 2835 1
2835 1409 0
1410 2835 1
2835 1410 0
1411 2835 1
2835 1411 0
1412 2835 1
2835 1412 0
1413 2835 1
2835 1413 0
1414 2835 1
2835 1414 0
1415 2835 1
2835 1415 0
1416 2835 1
2835 1416 0
1417 2835 1
2835 1417 0
1418 2835 1
2835 1418 0
1419 2835 1
2835 1419 0
1420 2835 1
2835 1420 0
1421 2835 1
2835 1421 0
1422 2835 1
2835 1422 0
1423 2835 1
2835 1423 0
1424 2835 1
2835 1424 0
1425 2835 1
2835 1425 0
1426 2835 1
2835 1426 0
1427 2835 1
2835 1427 0
1428 2835 1
2835 1428 0
1429 2835 1
2835 1429 0
1430 2835 1
2835 1430 0
1431 2835 1
2835 1431 0
1432 2835 1
2835 1432 0
1433 2835 1
2835 1433 0
1434 2835 1
2835 1434 0
1435 2835 1
2835 1435 0
1436 2835 1
2835 1436 0
1437 2835 1
2835 1437 0
1438 2835 1
2835 1438 0
1439 2835 1
2835 1439 0
1440 2835 1
2835 1440 0
1441 2835 1
2835 1441 0
1442 2835 1
2835 1442 0
1443 2835 1
2835 1443 0
1444 2835 1
2835 1444 0
1445 2835 1
2835 1445 0
1446 2835 1
2835 1446 0
1447 2835 1
2835 1447 0
1448 2835 1
2835 1448 0
1449 2835 1
2835 1449 0
1450 2835 1
2835 1450 0
1451 2835 1
2835 1451 0
1452 2835 1
2835 1452 0
1453 2835 1
2835 1453 0
1454 2835 1
2835 1454 0
1455 2835 1
2835 1455 0
1456 2835 1
2835 1456 0
1457 2835 1
2835 1457 0
1458 2835 1
2835 1458 0
1459 2835 1
2835 1459 0
1460 2835 1
2835 1460 0
1461 2835 1
2835 1461 0
1462 2835 1
2835 1462 0
1463 2835 1
2835 1463 0
1464 2835 1
2835 1464 0
1465 2835 1
2835 1465 0
1466 2835 1
2835 1466 0
1467 2835 1
2835 1467 0
1468 2835 1
2835 1468 0
1469 2835 1
2835 1469 0
1470 2835 1
2835 1470 0
1471 2835 1
2835 1471 0
1472 2835 1
2835 1472 0
1473 2835 1
2835 1473 0
1474 2835 1
2835 1474 0
1475 2835 1
2835 1475 0
1476 2835 1
2835 1476 0
1477 2835 1
2835 1477 0
1478 2835 1
2835 1478 0
1479 2835 1
2835 1479 0
1480 2835 1
2835 1480 0
1481 2835 1
2835 1481 0
1482 2835 1
2835 1482 0
1483 2835 1
2835 1483 0
1484 2835 1
2835 1484 0
1485 2835 1
2835 1485 0
1486 2835 1
2835 1486 0
1487 2835 1
2835 1487 0
1488 2835 1
2835 1488 0
1489 2835 1
2835 1489 0
1490 2835 1
2835 1490 0
1491 2835 1
2835 1491 0
1492 2835 1
2835 1492 0
1493 2835 1
2835 1493 0
1494 2835 1
2835 1494 0
1495 2835 1
2835 1495 0
1496 2835 1
2835 1496 0
1497 2835 1
2835 1497 0
1498 2835 1
2835 1498 0
1499 2835 1
2835 1499 0
1500 2835 1
2835 1500 0
1501 2835 1
2835 1501 0
1502 2835 1
2835 1502 0
1503 2835 1
2835 1503 0
1504 2835 1
2835 1504 0
1505 2835 1
2835 1505 0
1506 2835 1
2835 1506 0
1507 2835 1
2835 1507 0
1508 2835 1
2835 1508 0
1509 2835 1
2835 1509 0
1510 2835 1
2835 1510 0
1511 2835 1
2835 1511 0
1512 2835 1
2835 1512 0
1513 2835 1
2835 1513 0
1514 2835 1
2835 1514 0
1515 2835 1
2835 1515 0
1516 2835 1
2835 1516 0
1517 2835 1
2835 1517 0
1518 2835 1
2835 1518 0
1519 2835 1
2835 1519 0
1520 2835 1
2835 1520 0
1521 2835 1
2835 1521 0
1522 2835 1
2835 1522 0
1523 2835 1
2835 1523 0
1524 2835 1
2835 1524 0
1525 2835 1
2835 1525 0
1526 2835 1
2835 1526 0
1527 2835 1
2835 1527 0
1528 2835 1
2835 1528 0
1529 2835 1
2835 1529 0
1530 2835 1
2835 1530 0
1531 2835 1
2835 1531 0
1532 2835 1
2835 1532 0
1533 2835 1
2835 1533 0
1534 2835 1
2835 1534 0
1535 2835 1
2835 1535 0
1536 2835 1
2835 1536 0
1537 2835 1
2835 1537 0
1538 2835 1
2835 1538 0
1539 2835 1
2835 1539 0
1540 2835 1
2835 1540 0
1541 2835 1
2835 1541 0
1542 2835 1
2835 1542 0
1543 2835 1
2835 1543 0
1544 2835 1
2835 1544 0
1545 2835 1
2835 1545 0
1546 2835 1
2835 1546 0
1547 2835 1
2835 1547 0
1548 2835 1
2835 1548 0
1549 2835 1
2835 1549 0
1550 2835 1
2835 1550 0
1551 2835 1
2835 1551 0
1552 2835 1
2835 1552 0
1553 2835 1
2835 1553 0
1554 2835 1
2835 1554 0
1555 2835 1
2835 1555 0
1556 2835 1
2835 1556 0
1557 2835 1
2835 1557 0
1558 2835 1
2835 1558 0
1559 2835 1
2835 1559 0
1560 2835 1
2835 1560 0
1561 2835 1
2835 1561 0
1562 2835 1
2835 1562 0
1563 2835 1
2835 1563 0
1564 2835 1
2835 1564 0
1565 2835 1
2835 1565 0
1566 2835 1
2835 1566 0
1567 2835 1
2835 1567 0
1568 2835 1
2835 1568 0
1569 2835 1
2835 1569 0
1570 2835 1
2835 1570 0
1571 2835 1
2835 1571 0
1572 2835 1
2835 1572 0
1573 2835 1
2835 1573 0
1574 2835 1
2835 1574 0
1575 2835 1
2835 1575 0
1576 2835 1
2835 1576 0
1577 2835 1
2835 1577 0
1578 2835 1
2835 1578 0
1579 2835 1
2835 1579 0
1580 2835 1
2835 1580 0
1581 2835 1
2835 1581 0
1582 2835 1
2835 1582 0
1583 2835 1
2835 1583 0
1584 2835 1
2835 1584 0
1585 2835 1
2835 1585 0
1586 2835 1
2835 1586 0
1587 2835 1
2835 1587 0
1588 2835 1
2835 1588 0
1589 2835 1
2835 1589 0
1590 2835 1
2835 1590 0
1591 2835 1
2835 1591 0
1592 2835 1
2835 1592 0
1593 2835 1
2835 1593 0
1594 2835 1
2835 1594 0
1595 2835 1
2835 1595 0
1596 2835 1
2835 1596 0
1597 2835 1
2835 1597 0
1598 2835 1
2835 1598 0
1599 2835 1
2835 1599 0
1600 2835 1
2835 1600 0
1601 2835 1
2835 1601 0
1602 2835 1
2835 1602 0
1603 2835 1
2835 1603 0
1604 2835 1
2835 1604 0
1605 2835 1
2835 1605 0
1606 2835 1
2835 1606 0
1607 2835 1
2835 1607 0
1608 2835 1
2835 1608 0
1609 2835 1
2835 1609 0
1610 2835 1
2835 1610 0
1611 2835 1
2835 1611 0
1612 2835 1
2835 1612 0
1613 2835 1
2835 1613 0
1614 2835 1
2835 1614 0
1615 2835 1
2835 1615 0
1616 2835 1
2835 1616 0
1617 2835 1
2835 1617 0
1618 2835 1
2835 1618 0
1619 2835 1
2835 1619 0
1620 2835 1
2835 1620 0
1621 2835 1
2835 1621 0
1622 2835 1
2835 1622 0
1623 2835 1
2835 1623 0
1624 2835 1
2835 1624 0
1625 2835 1
2835 1625 0
1626 2835 1
2835 1626 0
1627 2835 1
2835 1627 0
1628 2835 1
2835 1628 0
1629 2835 1
2835 1629 0
1630 2835 1
2835 1630 0
1631 2835 1
2835 1631 0
1632 2835 1
2835 1632 0
1633 2835 1
2835 1633 0
1634 2835 1
2835 1634 0
1635 2835 1
2835 1635 0
1636 2835 1
2835 1636 0
1637 2835 1
2835 1637 0
1638 2835 1
2835 1638 0
1639 2835 1
2835 1639 0
1640 2835 1
2835 1640 0
1641 2835 1
2835 1641 0
1642 2835 1
2835 1642 0
1643 2835 1
2835 1643 0
1644 2835 1
2835 1644 0
1645 2835 1
2835 1645 0
1646 2835 1
2835 1646 0
1647 2835 1
2835 1647 0
1648 2835 1
2835 1648 0
1649 2835 1
2835 1649 0
1650 2835 1
2835 1650 0
1651 2835 1
2835 1651 0
1652 2835 1
2835 1652 0
1653 2835 1
2835 1653 0
1654 2835 1
2835 1654 0
1655 2835 1
2835 1655 0
1656 2835 1
2835 1656 0
1657 2835 1
2835 1657 0
1658 2835 1
2835 1658 0
1659 2835 1
2835 1659 0
1660 2835 1
2835 1660 0
1661 2835 1
2835 1661 0
1662 2835 1
2835 1662 0
1663 2835 1
2835 1663 0
1664 2835 1
2835 1664 0
1665 2835 1
2835 1665 0
1666 2835 1
2835 1666 0
1667 2835 1
2835 1667 0
1668 2835 1
2835 1668 0
1669 2835 1
2835 1669 0
1670 2835 1
2835 1670 0
1671 2835 1
2835 1671 0
1672 2835 1
2835 1672 0
1673 2835 1
2835 1673 0
1674 2835 1
2835 1674 0
1675 2835 1
2835 1675 0
1676 2835 1
2835 1676 0
1677 2835 1
2835 1677 0
1678 2835 1
2835 1678 0
1679 2835 1
2835 1679 0
1680 2835 1
2835 1680 0
1681 2835 1
2835 1681 0
1682 2835 1
2835 1682 0
1683 2835 1
2835 1683 0
1684 2835 1
2835 1684 0
1685 2835 1
2835 1685 0
1686 2835 1
2835 1686 0
1687 2835 1
2835 1687 0
1688 2835 1
2835 1688 0
1689 2835 1
2835 1689 0
1690 2835 1
2835 1690 0
1691 2835 1
2835 1691 0
1692 2835 1
2835 1692 0
1693 2835 1
2835 1693 0
1694 2835 1
2835 1694 0
1695 2835 1
2835 1695 0
1696 2835 1
2835 1696 0
1697 2835 1
2835 1697 0
1698 2835 1
2835 1698 0
1699 2835 1
2835 1699 0
1700 2835 1
2835 1700 0
1701 2835 1
2835 1701 0
1702 2835 1
2835 1702 0
1703 2835 1
2835 1703 0
1704 2835 1
2835 1704 0
1705 2835 1
2835 1705 0
1706 2835 1
2835 1706 0
1707 2835 1
2835 1707 0
1708 2835 1
2835 1708 0
1709 2835 1
2835 1709 0
1710 2835 1
2835 1710 0
1711 2835 1
2835 1711 0
1712 2835 1
2835 1712 0
1713 2835 1
2835 1713 0
1714 2835 1
2835 1714 0
1715 2835 1
2835 1715 0
1716 2835 1
2835 1716 0
1717 2835 1
2835 1717 0
1718 2835 1
2835 1718 0
1719 2835 1
2835 1719 0
1720 2835 1
2835 1720 0
1721 2835 1
2835 1721 0
1722 2835 1
2835 1722 0
1723 2835 1
2835 1723 0
1724 2835 1
2835 1724 0
1725 2835 1
2835 1725 0
1726 2835 1
2835 1726 0
1727 2835 1
2835 1727 0
1728 2835 1
2835 1728 0
1729 2835 1
2835 1729 0
1730 2835 1
2835 1730 0
1731 2835 1
2835 1731 0
1732 2835 1
2835 1732 0
1733 2835 1
2835 1733 0
1734 2835 1
2835 1734 0
1735 2835 1
2835 1735 0
1736 2835 1
2835 1736 0
1737 2835 1
2835 1737 0
1738 2835 1
2835 1738 0
1739 2835 1
2835 1739 0
1740 2835 1
2835 1740 0
1741 2835 1
2835 1741 0
1742 2835 1
2835 1742 0
1743 2835 1
2835 1743 0
1744 2835 1
2835 1744 0
1745 2835 1
2835 1745 0
1746 2835 1
2835 1746 0
1747 2835 1
2835 1747 0
1748 2835 1
2835 1748 0
1749 2835 1
2835 1749 0
1750 2835 1
2835 1750 0
1751 2835 1
2835 1751 0
1752 2835 1
2835 1752 0
1753 2835 1
2835 1753 0
1754 2835 1
2835 1754 0
1755 2835 1
2835 1755 0
1756 2835 1
2835 1756 0
1757 2835 1
2835 1757 0
1758 2835 1
2835 1758 0
1759 2835 1
2835 1759 0
1760 2835 1
2835 1760 0
1761 2835 1
2835 1761 0
1762 2835 1
2835 1762 0
1763 2835 1
2835 1763 0
1764 2835 1
2835 1764 0
1765 2835 1
2835 1765 0
1766 2835 1
2835 1766 0
1767 2835 1
2835 1767 0
1768 2835 1
2835 1768 0
1769 2835 1
2835 1769 0
1770 2835 1
2835 1770 0
1771 2835 1
2835 1771 0
1772 2835 1
2835 1772 0
1773 2835 1
2835 1773 0
1774 2835 1
2835 1774 0
1775 2835 1
2835 1775 0
1776 2835 1
2835 1776 0
1777 2835 1
2835 1777 0
1778 2835 1
2835 1778 0
1779 2835 1
2835 1779 0
1780 2835 1
2835 1780 0
1781 2835 1
2835 1781 0
1782 2835 1
2835 1782 0
1783 2835 1
2835 1783 0
1784 2835 1
2835 1784 0
1785 2835 1
2835 1785 0
1786 2835 1
2835 1786 0
1787 2835 1
2835 1787 0
1788 2835 1
2835 1788 0
1789 2835 1
2835 1789 0
1790 2835 1
2835 1790 0
1791 2835 1
2835 1791 0
1792 2835 1
2835 1792 0
1793 2835 1
2835 1793 0
1794 2835 1
2835 1794 0
1795 2835 1
2835 1795 0
1796 2835 1
2835 1796 0
1797 2835 1
2835 1797 0
1798 2835 1
2835 1798 0
1799 2835 1
2835 1799 0
1800 2835 1
2835 1800 0
1801 2835 1
2835 1801 0
1802 2835 1
2835 1802 0
1803 2835 1
2835 1803 0
1804 2835 1
2835 1804 0
1805 2835 1
2835 1805 0
1806 2835 1
2835 1806 0
1807 2835 1
2835 1807 0
1808 2835 1
2835 1808 0
1809 2835 1
2835 1809 0
1810 2835 1
2835 1810 0
1811 2835 1
2835 1811 0
1812 2835 1
2835 1812 0
1813 2835 1
2835 1813 0
1814 2835 1
2835 1814 0
1815 2835 1
2835 1815 0
1816 2835 1
2835 1816 0
1817 2835 1
2835 1817 0
1818 2835 1
2835 1818 0
1819 2835 1
2835 1819 0
1820 2835 1
2835 1820 0
1821 2835 1
2835 1821 0
1822 2835 1
2835 1822 0
1823 2835 1
2835 1823 0
1824 2835 1
2835 1824 0
1825 2835 1
2835 1825 0
1826 2835 1
2835 1826 0
1827 2835 1
2835 1827 0
1828 2835 1
2835 1828 0
1829 2835 1
2835 1829 0
1830 2835 1
2835 1830 0
1831 2835 1
2835 1831 0
1832 2835 1
2835 1832 0
1833 2835 1
2835 1833 0
1834 2835 1
2835 1834 0
1835 2835 1
2835 1835 0
1836 2835 1
2835 1836 0
1837 2835 1
2835 1837 0
1838 2835 1
2835 1838 0
1839 2835 1
2835 1839 0
1840 2835 1
2835 1840 0
1841 2835 1
2835 1841 0
1842 2835 1
2835 1842 0
1843 2835 1
2835 1843 0
1844 2835 1
2835 1844 0
1845 2835 1
2835 1845 0
1846 2835 1
2835 1846 0
1847 2835 1
2835 1847 0
1848 2835 1
2835 1848 0
1849 2835 1
2835 1849 0
1850 2835 1
2835 1850 0
1851 2835 1
2835 1851 0
1852 2835 1
2835 1852 0
1853 2835 1
2835 1853 0
1854 2835 1
2835 1854 0
1855 2835 1
2835 1855 0
1856 2835 21
2835 1856 0
1857 2835 21
2835 1857 0
1858 2835 21
2835 1858 0
1859 2835 21
2835 1859 0
1860 2835 21
2835 1860 0
1861 2835 21
2835 1861 0
1862 2835 21
2835 1862 0
1863 2835 21
2835 1863 0
1864 2835 21
2835 1864 0
1865 2835 21
2835 1865 0
1866 2835 21
2835 1866 0
1867 2835 21
2835 1867 0
1868 2835 21
2835 1868 0
1869 2835 21
2835 1869 0
1870 2835 21
2835 1870 0
1871 2835 21
2835 1871 0
1872 2835 21
2835 1872 0
1873 2835 21
2835 1873 0
1874 2835 21
2835 1874 0
1875 2835 21
2835 1875 0
1876 2835 21
2835 1876 0
1877 2835 21
2835 1877 0
1878 2835 21
2835 1878 0
1879 2835 21
2835 1879 0
1880 2835 21
2835 1880 0
1881 2835 21
2835 1881 0
1882 2835 21
2835 1882 0
1883 2835 21
2835 1883 0
1884 2835 21
2835 1884 0
1885 2835 21
2835 1885 0
1886 2835 21
2835 1886 0
1887 2835 21
2835 1887 0
1888 2835 21
2835 1888 0
1889 2835 21
2835 1889 0
1890 2835 21
2835 1890 0
1891 2835 21
2835 1891 0
1892 2835 21
2835 1892 0
1893 2835 21
2835 1893 0
1894 2835 21
2835 1894 0
1895 2835 21
2835 1895 0
1896 2835 21
2835 1896 0
1897 2835 21
2835 1897 0
1898 2835 21
2835 1898 0
1899 2835 21
2835 1899 0
1900 2835 21
2835 1900 0
1901 2835 21
2835 1901 0
1902 2835 21
2835 1902 0
1903 2835 21
2835 1903 0
1904 2835 21
2835 1904 0
1905 2835 21
2835 1905 0
1906 2835 21
2835 1906 0
1907 2835 21
2835 1907 0
1908 2835 21
2835 1908 0
1909 2835 21
2835 1909 0
1910 2835 21
2835 1910 0
1911 2835 21
2835 1911 0
1912 2835 21
2835 1912 0
1913 2835 21
2835 1913 0
1914 2835 21
2835 1914 0
1915 2835 21
2835 1915 0
1916 2835 21
2835 1916 0
1917 2835 21
2835 1917 0
1918 2835 21
2835 1918 0
1919 2835 21
2835 1919 0
1920 2835 21
2835 1920 0
1921 2835 21
2835 1921 0
1922 2835 21
2835 1922 0
1923 2835 21
2835 1923 0
1924 2835 21
2835 1924 0
1925 2835 21
2835 1925 0
1926 2835 21
2835 1926 0
1927 2835 21
2835 1927 0
1928 2835 21
2835 1928 0
1929 2835 21
2835 1929 0
1930 2835 21
2835 1930 0
1931 2835 21
2835 1931 0
1932 2835 21
2835 1932 0
1933 2835 21
2835 1933 0
1934 2835 21
2835 1934 0
1935 2835 21
2835 1935 0
1936 2835 21
2835 1936 0
1937 2835 21
2835 1937 0
1938 2835 21
2835 1938 0
1939 2835 21
2835 1939 0
1940 2835 21
2835 1940 0
1941 2835 21
2835 1941 0
1942 2835 21
2835 1942 0
1943 2835 21
2835 1943 0
1944 2835 21
2835 1944 0
1945 2835 21
2835 1945 0
1946 2835 21
2835 1946 0
1947 2835 21
2835 1947 0
1948 2835 21
2835 1948 0
1949 2835 21
2835 1949 0
1950 2835 21
2835 1950 0
1951 2835 21
2835 1951 0
1952 2835 21
2835 1952 0
1953 2835 21
2835 1953 0
1954 2835 21
2835 1954 0
1955 2835 21
2835 1955 0
1956 2835 21
2835 1956 0
1957 2835 21
2835 1957 0
1958 2835 21
2835 1958 0
1959 2835 21
2835 1959 0
1960 2835 21
2835 1960 0
1961 2835 21
2835 1961 0
1962 2835 21
2835 1962 0
1963 2835 21
2835 1963 0
1964 2835 21
2835 1964 0
1965 2835 21
2835 1965 0
1966 2835 21
2835 1966 0
1967 2835 21
2835 1967 0
1968 2835 21
2835 1968 0
1969 2835 21
2835 1969 0
1970 2835 21
2835 1970 0
1971 2835 21
2835 1971 0
1972 2835 21
2835 1972 0
1973 2835 21
2835 1973 0
1974 2835 21
2835 1974 0
1975 2835 21
2835 1975 0
1976 2835 21
2835 1976 0
1977 2835 21
2835 1977 0
1978 2835 21
2835 1978 0
1979 2835 21
2835 1979 0
1980 2835 21
2835 1980 0
1981 2835 21
2835 1981 0
1982 2835 21
2835 1982 0
1983 2835 21
2835 1983 0
1984 2835 21
2835 1984 0
1985 2835 21
2835 1985 0
1986 2835 21
2835 1986 0
1987 2835 21
2835 1987 0
1988 2835 21
2835 1988 0
1989 2835 21
2835 1989 0
1990 2835 21
2835 1990 0
1991 2835 21
2835 1991 0
1992 2835 21
2835 1992 0
1993 2835 21
2835 1993 0
1994 2835 21
2835 1994 0
1995 2835 21
2835 1995 0
1996 2835 21
2835 1996 0
1997 2835 21
2835 1997 0
1998 2835 21
2835 1998 0
1999 2835 21
2835 1999 0
2000 2835 21
2835 2000 0
2001 2835 21
2835 2001 0
2002 2835 21
2835 2002 0
2003 2835 21
2835 2003 0
2004 2835 21
2835 2004 0
2005 2835 21
2835 2005 0
2006 2835 21
2835 2006 0
2007 2835 21
2835 2007 0
2008 2835 21
2835 2008 0
2009 2835 21
2835 2009 0
2010 2835 21
2835 2010 0
2011 2835 21
2835 2011 0
2012 2835 21
2835 2012 0
2013 2835 21
2835 2013 0
2014 2835 21
2835 2014 0
2015 2835 21
2835 2015 0
2016 2835 21
2835 2016 0
2017 2835 21
2835 2017 0
2018 2835 21
2835 2018 0
2019 2835 21
2835 2019 0
2020 2835 21
2835 2020 0
2021 2835 21
2835 2021 0
2022 2835 21
2835 2022 0
2023 2835 21
2835 2023 0
2024 2835 21
2835 2024 0
2025 2835 21
2835 2025 0
2026 2835 21
2835 2026 0
2027 2835 21
2835 2027 0
2028 2835 21
2835 2028 0
2029 2835 21
2835 2029 0
2030 2835 21
2835 2030 0
2031 2835 21
2835 2031 0
2032 2835 21
2835 2032 0
2033 2835 21
2835 2033 0
2034 2835 21
2835 2034 0
2035 2835 21
2835 2035 0
2036 2835 21
2835 2036 0
2037 2835 21
2835 2037 0
2038 2835 21
2835 2038 0
2039 2835 21
2835 2039 0
2040 2835 21
2835 2040 0
2041 2835 21
2835 2041 0
2042 2835 21
2835 2042 0
2043 2835 21
2835 2043 0
2044 2835 21
2835 2044 0
2045 2835 21
2835 2045 0
2046 2835 21
2835 2046 0
2047 2835 21
2835 2047 0
2048 2835 21
2835 2048 0
2049 2835 21
2835 2049 0
2050 2835 21
2835 2050 0
2051 2835 21
2835 2051 0
2052 2835 21
2835 2052 0
2053 2835 21
2835 2053 0
2054 2835 21
2835 2054 0
2055 2835 21
2835 2055 0
2056 2835 21
2835 2056 0
2057 2835 21
2835 2057 0
2058 2835 21
2835 2058 0
2059 2835 21
2835 2059 0
2060 2835 21
2835 2060 0
2061 2835 21
2835 2061 0
2062 2835 21
2835 2062 0
2063 2835 21
2835 2063 0
2064 2835 21
2835 2064 0
2065 2835 21
2835 2065 0
2066 2835 21
2835 2066 0
2067 2835 21
2835 2067 0
2068 2835 21
2835 2068 0
2069 2835 21
2835 2069 0
2070 2835 21
2835 2070 0
2071 2835 21
2835 2071 0
2072 2835 21
2835 2072 0
2073 2835 21
2835 2073 0
2074 2835 21
2835 2074 0
2075 2835 21
2835 2075 0
2076 2835 21
2835 2076 0
2077 2835 21
2835 2077 0
2078 2835 21
2835 2078 0
2079 2835 21
2835 2079 0
2080 2835 21
2835 2080 0
2081 2835 21
2835 2081 0
2082 2835 21
2835 2082 0
2083 2835 21
2835 2083 0
2084 2835 21
2835 2084 0
2085 2835 21
2835 2085 0
2086 2835 21
2835 2086 0
2087 2835 21
2835 2087 0
2088 2835 21
2835 2088 0
2089 2835 21
2835 2089 0
2090 2835 21
2835 2090 0
2091 2835 21
2835 2091 0
2092 2835 21
2835 2092 0
2093 2835 21
2835 2093 0
2094 2835 21
2835 2094 0
2095 2835 21
2835 2095 0
2096 2835 21
2835 2096 0
2097 2835 21
2835 2097 0
2098 2835 21
2835 2098 0
2099 2835 21
2835 2099 0
2100 2835 21
2835 2100 0
2101 2835 21
2835 2101 0
2102 2835 21
2835 2102 0
2103 2835 21
2835 2103 0
2104 2835 21
2835 2104 0
2105 2835 21
2835 2105 0
2106 2835 21
2835 2106 0
2107 2835 21
2835 2107 0
2108 2835 21
2835 2108 0
2109 2835 21
2835 2109 0
2110 2835 21
2835 2110 0
2111 2835 21
2835 2111 0
2112 2835 21
2835 2112 0
2113 2835 21
2835 2113 0
2114 2835 21
2835 2114 0
2115 2835 21
2835 2115 0
2116 2835 21
2835 2116 0
2117 2835 21
2835 2117 0
2118 2835 21
2835 2118 0
2119 2835 21
2835 2119 0
2120 2835 21
2835 2120 0
2121 2835 21
2835 2121 0
2122 2835 21
2835 2122 0
2123 2835 21
2835 2123 0
2124 2835 21
2835 2124 0
2125 2835 21
2835 2125 0
2126 2835 21
2835 2126 0
2127 2835 21
2835 2127 0
2128 2835 21
2835 2128 0
2129 2835 21
2835 2129 0
2130 2835 21
2835 2130 0
2131 2835 21
2835 2131 0
2132 2835 21
2835 2132 0
2133 2835 21
2835 2133 0
2134 2835 21
2835 2134 0
2135 2835 21
2835 2135 0
2136 2835 21
2835 2136 0
2137 2835 21
2835 2137 0
2138 2835 21
2835 2138 0
2139 2835 21
2835 2139 0
2140 2835 21
2835 2140 0
2141 2835 21
2835 2141 0
2142 2835 21
2835 2142 0
2143 2835 21
2835 2143 0
2144 2835 21
2835 2144 0
2145 2835 21
2835 2145 0
2146 2835 21
2835 2146 0
2147 2835 21
2835 2147 0
2148 2835 21
2835 2148 0
2149 2835 21
2835 2149 0
2150 2835 21
2835 2150 0
2151 2835 21
2835 2151 0
2152 2835 21
2835 2152 0
2153 2835 21
2835 2153 0
2154 2835 21
2835 2154 0
2155 2835 21
2835 2155 0
2156 2835 21
2835 2156 0
2157 2835 21
2835 2157 0
2158 2835 21
2835 2158 0
2159 2835 21
2835 2159 0
2160 2835 21
2835 2160 0
2161 2835 21
2835 2161 0
2162 2835 21
2835 2162 0
2163 2835 21
2835 2163 0
2164 2835 21
2835 2164 0
2165 2835 21
2835 2165 0
2166 2835 21
2835 2166 0
2167 2835 21
2835 2167 0
2168 2835 21
2835 2168 0
2169 2835 21
2835 2169 0
2170 2835 21
2835 2170 0
2171 2835 21
2835 2171 0
2172 2835 21
2835 2172 0
2173 2835 21
2835 2173 0
2174 2835 21
2835 2174 0
2175 2835 21
2835 2175 0
2176 2835 21
2835 2176 0
2177 2835 21
2835 2177 0
2178 2835 21
2835 2178 0
2179 2835 21
2835 2179 0
2180 2835 21
2835 2180 0
2181 2835 21
2835 2181 0
2182 2835 21
2835 2182 0
2183 2835 21
2835 2183 0
2184 2835 21
2835 2184 0
2185 2835 21
2835 2185 0
2186 2835 21
2835 2186 0
2187 2835 21
2835 2187 0
2188 2835 21
2835 2188 0
2189 2835 21
2835 2189 0
2190 2835 21
2835 2190 0
2191 2835 21
2835 2191 0
2192 2835 21
2835 2192 0
2193 2835 21
2835 2193 0
2194 2835 21
2835 2194 0
2195 2835 21
2835 2195 0
2196 2835 21
2835 2196 0
2197 2835 21
2835 2197 0
2198 2835 21
2835 2198 0
2199 2835 21
2835 2199 0
2200 2835 21
2835 2200 0
2201 2835 21
2835 2201 0
2202 2835 21
2835 2202 0
2203 2835 21
2835 2203 0
2204 2835 21
2835 2204 0
2205 2835 21
2835 2205 0
2206 2835 21
2835 2206 0
2207 2835 21
2835 2207 0
2208 2835 21
2835 2208 0
2209 2835 21
2835 2209 0
2210 2835 21
2835 2210 0
2211 2835 21
2835 2211 0
2212 2835 21
2835 2212 0
2213 2835 21
2835 2213 0
2214 2835 21
2835 2214 0
2215 2835 21
2835 2215 0
2216 2835 21
2835 2216 0
2217 2835 21
2835 2217 0
2218 2835 21
2835 2218 0
2219 2835 21
2835 2219 0
2220 2835 21
2835 2220 0
2221 2835 21
2835 2221 0
2222 2835 21
2835 2222 0
2223 2835 21
2835 2223 0
2224 2835 21
2835 2224 0
2225 2835 21
2835 2225 0
2226 2835 21
2835 2226 0
2227 2835 21
2835 2227 0
2228 2835 21
2835 2228 0
2229 2835 21
2835 2229 0
2230 2835 21
2835 2230 0
2231 2835 21
2835 2231 0
2232 2835 21
2835 2232 0
2233 2835 21
2835 2233 0
2234 2835 21
2835 2234 0
2235 2835 21
2835 2235 0
2236 2835 21
2835 2236 0
2237 2835 21
2835 2237 0
2238 2835 21
2835 2238 0
2239 2835 21
2835 2239 0
2240 2835 21
2835 2240 0
2241 2835 21
2835 2241 0
2242 2835 21
2835 2242 0
2243 2835 21
2835 2243 0
2244 2835 21
2835 2244 0
2245 2835 21
2835 2245 0
2246 2835 21
2835 2246 0
2247 2835 21
2835 2247 0
2248 2835 21
2835 2248 0
2249 2835 21
2835 2249 0
2250 2835 21
2835 2250 0
2251 2835 21
2835 2251 0
2252 2835 21
2835 2252 0
2253 2835 21
2835 2253 0
2254 2835 21
2835 2254 0
2255 2835 21
2835 2255 0
2256 2835 21
2835 2256 0
2257 2835 21
2835 2257 0
2258 2835 21
2835 2258 0
2259 2835 21
2835 2259 0
2260 2835 21
2835 2260 0
2261 2835 21
2835 2261 0
2262 2835 21
2835 2262 0
2263 2835 21
2835 2263 0
2264 2835 21
2835 2264 0
2265 2835 21
2835 2265 0
2266 2835 21
2835 2266 0
2267 2835 21
2835 2267 0
2268 2835 21
2835 2268 0
2269 2835 21
2835 2269 0
2270 2835 21
2835 2270 0
2271 2835 21
2835 2271 0
2272 2835 21
2835 2272 0
2273 2835 21
2835 2273 0
2274 2835 21
2835 2274 0
2275 2835 21
2835 2275 0
2276 2835 21
2835 2276 0
2277 2835 21
2835 2277 0
2278 2835 21
2835 2278 0
2279 2835 21
2835 2279 0
2280 2835 21
2835 2280 0
2281 2835 21
2835 2281 0
2282 2835 21
2835 2282 0
2283 2835 21
2835 2283 0
2284 2835 21
2835 2284 0
2285 2835 21
2835 2285 0
2286 2835 21
2835 2286 0
2287 2835 21
2835 2287 0
2288 2835 21
2835 2288 0
2289 2835 21
2835 2289 0
2290 2835 21
2835 2290 0
2291 2835 21
2835 2291 0
2292 2835 21
2835 2292 0
2293 2835 21
2835 2293 0
2294 2835 21
2835 2294 0
2295 2835 21
2835 2295 0
2296 2835 21
2835 2296 0
2297 2835 21
2835 2297 0
2298 2835 21
2835 2298 0
2299 2835 21
2835 2299 0
2300 2835 21
2835 2300 0
2301 2835 21
2835 2301 0
2302 2835 21
2835 2302 0
2303 2835 21
2835 2303 0
2304 2835 21
2835 2304 0
2305 2835 21
2835 2305 0
2306 2835 21
2835 2306 0
2307 2835 21
2835 2307 0
2308 2835 21
2835 2308 0
2309 2835 21
2835 2309 0
2310 2835 21
2835 2310 0
2311 2835 21
2835 2311 0
2312 2835 21
2835 2312 0
2313 2835 21
2835 2313 0
2314 2835 21
2835 2314 0
2315 2835 21
2835 2315 0
2316 2835 21
2835 2316 0
2317 2835 21
2835 2317 0
2318 2835 21
2835 2318 0
2319 2835 21
2835 2319 0
2320 2835 21
2835 2320 0
2321 2835 21
2835 2321 0
2322 2835 21
2835 2322 0
2323 2835 21
2835 2323 0
2324 2835 21
2835 2324 0
2325 2835 21
2835 2325 0
2326 2835 21
2835 2326 0
2327 2835 21
2835 2327 0
2328 2835 21
2835 2328 0
2329 2835 21
2835 2329 0
2330 2835 21
2835 2330 0
2331 2835 21
2835 2331 0
2332 2835 21
2835 2332 0
2333 2835 21
2835 2333 0
2334 2835 21
2835 2334 0
2335 2835 21
2835 2335 0
2336 2835 21
2835 2336 0
2337 2835 21
2835 2337 0
2338 2835 21
2835 2338 0
2339 2835 21
2835 2339 0
2340 2835 21
2835 2340 0
2341 2835 21
2835 2341 0
2342 2835 21
2835 2342 0
2343 2835 21
2835 2343 0
2344 2835 21
2835 2344 0
2345 2835 21
2835 2345 0
2346 2835 21
2835 2346 0
2347 2835 21
2835 2347 0
2348 2835 21
2835 2348 0
2349 2835 21
2835 2349 0
2350 2835 21
2835 2350 0
2351 2835 21
2835 2351 0
2352 2835 21
2835 2352 0
2353 2835 21
2835 2353 0
2354 2835 21
2835 2354 0
2355 2835 21
2835 2355 0
2356 2835 21
2835 2356 0
2357 2835 21
2835 2357 0
2358 2835 21
2835 2358 0
2359 2835 21
2835 2359 0
2360 2835 21
2835 2360 0
2361 2835 21
2835 2361 0
2362 2835 21
2835 2362 0
2363 2835 21
2835 2363 0
2364 2835 21
2835 2364 0
2365 2835 21
2835 2365 0
2366 2835 21
2835 2366 0
2367 2835 21
2835 2367 0
2368 2835 21
2835 2368 0
2369 2835 21
2835 2369 0
2370 2835 21
2835 2370 0
2371 2835 21
2835 2371 0
2372 2835 21
2835 2372 0
2373 2835 21
2835 2373 0
2374 2835 21
2835 2374 0
2375 2835 21
2835 2375 0
2376 2835 21
2835 2376 0
2377 2835 21
2835 2377 0
2378 2835 21
2835 2378 0
2379 2835 21
2835 2379 0
2380 2835 21
2835 2380 0
2381 2835 21
2835 2381 0
2382 2835 21
2835 2382 0
2383 2835 21
2835 2383 0
2384 2835 21
2835 2384 0
2385 2835 21
2835 2385 0
2386 2835 21
2835 2386 0
2387 2835 21
2835 2387 0
2388 2835 21
2835 2388 0
2389 2835 21
2835 2389 0
2390 2835 21
2835 2390 0
2391 2835 21
2835 2391 0
2392 2835 21
2835 2392 0
2393 2835 21
2835 2393 0
2394 2835 21
2835 2394 0
2395 2835 21
2835 2395 0
2396 2835 21
2835 2396 0
2397 2835 21
2835 2397 0
2398 2835 21
2835 2398 0
2399 2835 21
2835 2399 0
2400 2835 21
2835 2400 0
2401 2835 21
2835 2401 0
2402 2835 21
2835 2402 0
2403 2835 21
2835 2403 0
2404 2835 21
2835 2404 0
2405 2835 21
2835 2405 0
2406 2835 21
2835 2406 0
2407 2835 21
2835 2407 0
2408 2835 21
2835 2408 0
2409 2835 21
2835 2409 0
2410 2835 21
2835 2410 0
2411 2835 21
2835 2411 0
2412 2835 21
2835 2412 0
2413 2835 21
2835 2413 0
2414 2835 21
2835 2414 0
2415 2835 21
2835 2415 0
2416 2835 21
2835 2416 0
2417 2835 21
2835 2417 0
2418 2835 21
2835 2418 0
2419 2835 21
2835 2419 0
2420 2835 21
2835 2420 0
2421 2835 21
2835 2421 0
2422 2835 21
2835 2422 0
2423 2835 21
2835 2423 0
2424 2835 21
2835 2424 0
2425 2835 21
2835 2425 0
2426 2835 21
2835 2426 0
2427 2835 21
2835 2427 0
2428 2835 21
2835 2428 0
2429 2835 21
2835 2429 0
2430 2835 21
2835 2430 0
2431 2835 21
2835 2431 0
2432 2835 21
2835 2432 0
2433 2835 21
2835 2433 0
2434 2835 21
2835 2434 0
2435 2835 21
2835 2435 0
2436 2835 21
2835 2436 0
2437 2835 21
2835 2437 0
2438 2835 21
2835 2438 0
2439 2835 21
2835 2439 0
2440 2835 21
2835 2440 0
2441 2835 21
2835 2441 0
2442 2835 21
2835 2442 0
2443 2835 21
2835 2443 0
2444 2835 21
2835 2444 0
2445 2835 21
2835 2445 0
2446 2835 21
2835 2446 0
2447 2835 21
2835 2447 0
2448 2835 21
2835 2448 0
2449 2835 21
2835 2449 0
2450 2835 21
2835 2450 0
2451 2835 21
2835 2451 0
2452 2835 21
2835 2452 0
2453 2835 21
2835 2453 0
2454 2835 21
2835 2454 0
2455 2835 21
2835 2455 0
2456 2835 21
2835 2456 0
2457 2835 21
2835 2457 0
2458 2835 21
2835 2458 0
2459 2835 21
2835 2459 0
2460 2835 21
2835 2460 0
2461 2835 21
2835 2461 0
2462 2835 21
2835 2462 0
2463 2835 21
2835 2463 0
2464 2835 21
2835 2464 0
2465 2835 21
2835 2465 0
2466 2835 21
2835 2466 0
2467 2835 21
2835 2467 0
2468 2835 21
2835 2468 0
2469 2835 21
2835 2469 0
2470 2835 21
2835 2470 0
2471 2835 21
2835 2471 0
2472 2835 21
2835 2472 0
2473 2835 21
2835 2473 0
2474 2835 21
2835 2474 0
2475 2835 21
2835 2475 0
2476 2835 21
2835 2476 0
2477 2835 21
2835 2477 0
2478 2835 21
2835 2478 0
2479 2835 21
2835 2479 0
2480 2835 21
2835 2480 0
2481 2835 21
2835 2481 0
2482 2835 21
2835 2482 0
2483 2835 21
2835 2483 0
2484 2835 21
2835 2484 0
2485 2835 21
2835 2485 0
2486 2835 21
2835 2486 0
2487 2835 21
2835 2487 0
2488 2835 21
2835 2488 0
2489 2835 21
2835 2489 0
2490 2835 21
2835 2490 0
2491 2835 21
2835 2491 0
2492 2835 21
2835 2492 0
2493 2835 21
2835 2493 0
2494 2835 21
2835 2494 0
2495 2835 21
2835 2495 0
2496 2835 21
2835 2496 0
2497 2835 21
2835 2497 0
2498 2835 21
2835 2498 0
2499 2835 21
2835 2499 0
2500 2835 21
2835 2500 0
2501 2835 21
2835 2501 0
2502 2835 21
2835 2502 0
2503 2835 21
2835 2503 0
2504 2835 21
2835 2504 0
2505 2835 21
2835 2505 0
2506 2835 21
2835 2506 0
2507 2835 21
2835 2507 0
2508 2835 21
2835 2508 0
2509 2835 21
2835 2509 0
2510 2835 21
2835 2510 0
2511 2835 21
2835 2511 0
2512 2835 21
2835 2512 0
2513 2835 21
2835 2513 0
2514 2835 21
2835 2514 0
2515 2835 21
2835 2515 0
2516 2835 21
2835 2516 0
2517 2835 21
2835 2517 0
2518 2835 21
2835 2518 0
2519 2835 21
2835 2519 0
2520 2835 21
2835 2520 0
2521 2835 21
2835 2521 0
2522 2835 21
2835 2522 0
2523 2835 21
2835 2523 0
2524 2835 21
2835 2524 0
2525 2835 21
2835 2525 0
2526 2835 21
2835 2526 0
2527 2835 21
2835 2527 0
2528 2835 21
2835 2528 0
2529 2835 21
2835 2529 0
2530 2835 21
2835 2530 0
2531 2835 21
2835 2531 0
2532 2835 21
2835 2532 0
2533 2835 21
2835 2533 0
2534 2835 21
2835 2534 0
2535 2835 21
2835 2535 0
2536 2835 21
2835 2536 0
2537 2835 21
2835 2537 0
2538 2835 21
2835 2538 0
2539 2835 21
2835 2539 0
2540 2835 21
2835 2540 0
2541 2835 21
2835 2541 0
2542 2835 21
2835 2542 0
2543 2835 21
2835 2543 0
2544 2835 21
2835 2544 0
2545 2835 21
2835 2545 0
2546 2835 21
2835 2546 0
2547 2835 21
2835 2547 0
2548 2835 21
2835 2548 0
2549 2835 21
2835 2549 0
2550 2835 21
2835 2550 0
2551 2835 21
2835 2551 0
2552 2835 21
2835 2552 0
2553 2835 21
2835 2553 0
2554 2835 21
2835 2554 0
2555 2835 21
2835 2555 0
2556 2835 21
2835 2556 0
2557 2835 21
2835 2557 0
2558 2835 21
2835 2558 0
2559 2835 21
2835 2559 0
2560 2835 21
2835 2560 0
2561 2835 21
2835 2561 0
2562 2835 21
2835 2562 0
2563 2835 21
2835 2563 0
2564 2835 21
2835 2564 0
2565 2835 21
2835 2565 0
2566 2835 21
2835 2566 0
2567 2835 21
2835 2567 0
2568 2835 21
2835 2568 0
2569 2835 21
2835 2569 0
2570 2835 21
2835 2570 0
2571 2835 21
2835 2571 0
2572 2835 21
2835 2572 0
2573 2835 21
2835 2573 0
2574 2835 21
2835 2574 0
2575 2835 21
2835 2575 0
2576 2835 21
2835 2576 0
2577 2835 21
2835 2577 0
2578 2835 21
2835 2578 0
2579 2835 21
2835 2579 0
2580 2835 21
2835 2580 0
2581 2835 21
2835 2581 0
2582 2835 21
2835 2582 0
2583 2835 21
2835 2583 0
2584 2835 21
2835 2584 0
2585 2835 21
2835 2585 0
2586 2835 21
2835 2586 0
2587 2835 21
2835 2587 0
2588 2835 21
2835 2588 0
2589 2835 21
2835 2589 0
2590 2835 21
2835 2590 0
2591 2835 21
2835 2591 0
2592 2835 21
2835 2592 0
2593 2835 21
2835 2593 0
2594 2835 21
2835 2594 0
2595 2835 21
2835 2595 0
2596 2835 21
2835 2596 0
2597 2835 21
2835 2597 0
2598 2835 21
2835 2598 0
2599 2835 21
2835 2599 0
2600 2835 21
2835 2600 0
2601 2835 21
2835 2601 0
2602 2835 21
2835 2602 0
2603 2835 21
2835 2603 0
2604 2835 21
2835 2604 0
2605 2835 21
2835 2605 0
2606 2835 21
2835 2606 0
2607 2835 21
2835 2607 0
2608 2835 21
2835 2608 0
2609 2835 21
2835 2609 0
2610 2835 21
2835 2610 0
2611 2835 21
2835 2611 0
2612 2835 21
2835 2612 0
2613 2835 21
2835 2613 0
2614 2835 21
2835 2614 0
2615 2835 21
2835 2615 0
2616 2835 21
2835 2616 0
2617 2835 21
2835 2617 0
2618 2835 21
2835 2618 0
2619 2835 21
2835 2619 0
2620 2835 21
2835 2620 0
2621 2835 21
2835 2621 0
2622 2835 21
2835 2622 0
2623 2835 21
2835 2623 0
2624 2835 21
2835 2624 0
2625 2835 21
2835 2625 0
2626 2835 21
2835 2626 0
2627 2835 21
2835 2627 0
2628 2835 21
2835 2628 0
2629 2835 21
2835 2629 0
2630 2835 21
2835 2630 0
2631 2835 21
2835 2631 0
2632 2835 21
2835 2632 0
2633 2835 21
2835 2633 0
2634 2835 21
2835 2634 0
2635 2835 21
2835 2635 0
2636 2835 21
2835 2636 0
2637 2835 21
2835 2637 0
2638 2835 21
2835 2638 0
2639 2835 21
2835 2639 0
2640 2835 21
2835 2640 0
2641 2835 21
2835 2641 0
2642 2835 21
2835 2642 0
2643 2835 21
2835 2643 0
2644 2835 21
2835 2644 0
2645 2835 21
2835 2645 0
2646 2835 21
2835 2646 0
2647 2835 21
2835 2647 0
2648 2835 21
2835 2648 0
2649 2835 21
2835 2649 0
2650 2835 21
2835 2650 0
2651 2835 21
2835 2651 0
2652 2835 21
2835 2652 0
2653 2835 21
2835 2653 0
2654 2835 21
2835 2654 0
2655 2835 21
2835 2655 0
2656 2835 21
2835 2656 0
2657 2835 21
2835 2657 0
2658 2835 21
2835 2658 0
2659 2835 21
2835 2659 0
2660 2835 21
2835 2660 0
2661 2835 21
2835 2661 0
2662 2835 21
2835 2662 0
2663 2835 21
2835 2663 0
2664 2835 21
2835 2664 0
2665 2835 21
2835 2665 0
2666 2835 21
2835 2666 0
2667 2835 21
2835 2667 0
2668 2835 21
2835 2668 0
2669 2835 21
2835 2669 0
2670 2835 21
2835 2670 0
2671 2835 21
2835 2671 0
2672 2835 21
2835 2672 0
2673 2835 21
2835 2673 0
2674 2835 21
2835 2674 0
2675 2835 21
2835 2675 0
2676 2835 21
2835 2676 0
2677 2835 21
2835 2677 0
2678 2835 21
2835 2678 0
2679 2835 21
2835 2679 0
2680 2835 21
2835 2680 0
2681 2835 21
2835 2681 0
2682 2835 21
2835 2682 0
2683 2835 21
2835 2683 0
2684 2835 21
2835 2684 0
2685 2835 21
2835 2685 0
2686 2835 21
2835 2686 0
2687 2835 21
2835 2687 0
2688 2835 21
2835 2688 0
2689 2835 21
2835 2689 0
2690 2835 21
2835 2690 0
2691 2835 21
2835 2691 0
2692 2835 21
2835 2692 0
2693 2835 21
2835 2693 0
2694 2835 21
2835 2694 0
2695 2835 21
2835 2695 0
2696 2835 21
2835 2696 0
2697 2835 21
2835 2697 0
2698 2835 21
2835 2698 0
2699 2835 21
2835 2699 0
2700 2835 21
2835 2700 0
2701 2835 21
2835 2701 0
2702 2835 21
2835 2702 0
2703 2835 21
2835 2703 0
2704 2835 21
2835 2704 0
2705 2835 21
2835 2705 0
2706 2835 21
2835 2706 0
2707 2835 21
2835 2707 0
2708 2835 21
2835 2708 0
2709 2835 21
2835 2709 0
2710 2835 21
2835 2710 0
2711 2835 21
2835 2711 0
2712 2835 21
2835 2712 0
2713 2835 21
2835 2713 0
2714 2835 21
2835 2714 0
2715 2835 21
2835 2715 0
2716 2835 21
2835 2716 0
2717 2835 21
2835 2717 0
2718 2835 21
2835 2718 0
2719 2835 21
2835 2719 0
2720 2835 21
2835 2720 0
2721 2835 21
2835 2721 0
2722 2835 21
2835 2722 0
2723 2835 21
2835 2723 0
2724 2835 21
2835 2724 0
2725 2835 21
2835 2725 0
2726 2835 21
2835 2726 0
2727 2835 21
2835 2727 0
2728 2835 21
2835 2728 0
2729 2835 21
2835 2729 0
2730 2835 21
2835 2730 0
2731 2835 21
2835 2731 0
2732 2835 21
2835 2732 0
2733 2835 21
2835 2733 0
2734 2835 21
2835 2734 0
2735 2835 21
2835 2735 0
2736 2835 21
2835 2736 0
2737 2835 21
2835 2737 0
2738 2835 21
2835 2738 0
2739 2835 21
2835 2739 0
2740 2835 21
2835 2740 0
2741 2835 21
2835 2741 0
2742 2835 21
2835 2742 0
2743 2835 21
2835 2743 0
2744 2835 21
2835 2744 0
2745 2835 21
2835 2745 0
2746 2835 21
2835 2746 0
2747 2835 21
2835 2747 0
2748 2835 21
2835 2748 0
2749 2835 21
2835 2749 0
2750 2835 21
2835 2750 0
2751 2835 21
2835 2751 0
2752 2835 21
2835 2752 0
2753 2835 21
2835 2753 0
2754 2835 21
2835 2754 0
2755 2835 21
2835 2755 0
2756 2835 21
2835 2756 0
2757 2835 21
2835 2757 0
2758 2835 21
2835 2758 0
2759 2835 21
2835 2759 0
2760 2835 21
2835 2760 0
2761 2835 21
2835 2761 0
2762 2835 21
2835 2762 0
2763 2835 21
2835 2763 0
2764 2835 21
2835 2764 0
2765 2835 21
2835 2765 0
2766 2835 21
2835 2766 0
2767 2835 21
2835 2767 0
2768 2835 21
2835 2768 0
2769 2835 21
2835 2769 0
2770 2835 21
2835 2770 0
2771 2835 21
2835 2771 0
2772 2835 21
2835 2772 0
2773 2835 21
2835 2773 0
2774 2835 21
2835 2774 0
2775 2835 21
2835 2775 0
2776 2835 21
2835 2776 0
2777 2835 21
2835 2777 0
2778 2835 21
2835 2778 0
2779 2835 21
2835 2779 0
2780 2835 21
2835 2780 0
2781 2835 21
2835 2781 0
2782 2835 21
2835 2782 0
2783 2835 21
2835 2783 0
2784 2835 21
2835 2784 0
2785 2835 21
2835 2785 0
2786 2835 21
2835 2786 0
2787 2835 21
2835 2787 0
2788 2835 21
2835 2788 0
2789 2835 21
2835 2789 0
2790 2835 21
2835 2790 0
2791 2835 21
2835 2791 0
2792 2835 21
2835 2792 0
2793 2835 21
2835 2793 0
2794 2835 21
2835 2794 0
2795 2835 21
2835 2795 0
2796 2835 21
2835 2796 0
2797 2835 21
2835 2797 0
2798 2835 21
2835 2798 0
2799 2835 21
2835 2799 0
2800 2835 21
2835 2800 0
2801 2835 21
2835 2801 0
2802 2835 21
2835 2802 0
2803 2835 21
2835 2803 0
2804 2835 21
2835 2804 0
2805 2835 21
2835 2805 0
2806 2835 21
2835 2806 0
2807 2835 21
2835 2807 0
2808 2835 21
2835 2808 0
2809 2835 21
2835 2809 0
2810 2835 21
2835 2810 0
2811 2835 21
2835 2811 0
2812 2835 21
2835 2812 0
2813 2835 21
2835 2813 0
2814 2835 21
2835 2814 0
2815 2835 21
2835 2815 0
2816 2835 21
2835 2816 0
2817 2835 21
2835 2817 0
2818 2835 21
2835 2818 0
2819 2835 21
2835 2819 0
2820 2835 21
2835 2820 0
2821 2835 21
2835 2821 0
2822 2835 21
2835 2822 0
2823 2835 21
2835 2823 0
2824 2835 21
2835 2824 0
2825 2835 21
2835 2825 0
2826 2835 21
2835 2826 0
2827 2835 21
2835 2827 0
2828 2835 21
2835 2828 0
2829 2835 21
2835 2829 0
2830 2835 21
2835 2830 0
2831 2835 21
2835 2831 0
2832 2835 21
2835 2832 0
2833 2835 21
2835 2833 0
2834 2835 21
2835 2834 0
