1648 1647 46 3294
1 1648 1
1648 1 0
2 1648 1
1648 2 0
3 1648 1
1648 3 0
4 1648 1
1648 4 0
5 1648 1
1648 5 0
6 1648 1
1648 6 0
7 1648 1
1648 7 0
8 1648 1
1648 8 0
9 1648 1
1648 9 0
10 1648 1
1648 10 0
11 1648 1
1648 11 0
12 1648 1
1648 12 0
13 1648 1
1648 13 0
14 1648 1
1648 14 0
15 1648 1
1648 15 0
16 1648 1
1648 16 0
17 1648 1
1648 17 0
18 1648 1
1648 18 0
19 1648 1
1648 19 0
20 1648 1
1648 20 0
21 1648 1
1648 21 0
22 1648 1
1648 22 0
23 1648 1
1648 23 0
24 1648 1
1648 24 0
25 1648 1
1648 25 0
26 1648 1
1648 26 0
27 1648 1
1648 27 0
28 1648 1
1648 28 0
29 1648 1
1648 29 0
30 1648 1
1648 30 0
31 1648 1
1648 31 0
32 1648 1
1648 32 0
33 1648 1
1648 33 0
34 1648 1
1648 34 0
35 1648 1
1648 35 0
36 1648 1
1648 36 0
37 1648 1
1648 37 0
38 1648 1
1648 38 0
39 1648 1
1648 39 0
40 1648 1
1648 40 0
41 1648 1
1648 41 0
42 1648 1
1648 42 0
43 1648 1
1648 43 0
44 1648 1
1648 44 0
45 1648 1
1648 45 0
46 1648 1
1648 46 0
47 1648 1
1648 47 0
48 1648 1
1648 48 0
49 1648 1
1648 49 0
50 1648 1
1648 50 0
51 1648 1
1648 51 0
52 1648 1
1648 52 0
53 1648 1
1648 53 0
54 1648 1
1648 54 0
55 1648 1
1648 55 0
56 1648 1
1648 56 0
57 1648 1
1648 57 0
58 1648 1
1648 58 0
59 1648 1
1648 59 0
60 1648 1
1648 60 0
61 1648 1
1648 61 0
62 1648 1
1648 62 0
63 1648 1
1648 63 0
64 1648 1
1648 64 0
65 1648 1
1648 65 0
66 1648 1
1648 66 0
67 1648 1
1648 67 0
68 1648 1
1648 68 0
69 1648 1
1648 69 0
70 1648 1
1648 70 0
71 1648 1
1648 71 0
72 1648 1
1648 72 0
73 1648 1
1648 73 0
74 1648 1
1648 74 0
75 1648 1
1648 75 0
76 1648 1
1648 76 0
77 1648 1
1648 77 0
78 1648 1
1648 78 0
79 1648 1
1648 79 0
80 1648 1
1648 80 0
81 1648 1
1648 81 0
82 1648 1
1648 82 0
83 1648 1
1648 83 0
84 1648 1
1648 84 0
85 1648 1
1648 85 0
86 1648 1
1648 86 0
87 1648 1
1648 87 0
88 1648 1
1648 88 0
89 1648 1
1648 89 0
90 1648 1
1648 90 0
91 1648 1
1648 91 0
92 1648 1
1648 92 0
93 1648 1
1648 93 0
94 1648 1
1648 94 0
95 1648 1
1648 95 0
96 1648 1
1648 96 0
97 1648 1
1648 97 0
98 1648 1
1648 98 0
99 1648 1
1648 99 0
100 1648 1
1648 100 0
101 1648 1
1648 101 0
102 1648 1
1648 102 0
103 1648 1
1648 103 0
104 1648 1
1648 104 0
105 1648 1
1648 105 0
106 1648 1
1648 106 0
107 1648 1
1648 107 0
108 1648 1
1648 108 0
109 1648 1
1648 109 0
110 1648 1
1648 110 0
111 1648 1
1648 111 0
112 1648 1
1648 112 0
113 1648 1
1648 113 0
114 1648 1
1648 114 0
115 1648 1
1648 115 0
116 1648 1
1648 116 0
117 1648 1
1648 117 0
118 1648 1
1648 118 0
119 1648 1
1648 119 0
120 1648 1
1648 120 0
121 1648 1
1648 121 0
122 1648 1
1648 122 0
123 1648 1
1648 123 0
124 1648 1
1648 124 0
125 1648 1
1648 125 0
126 1648 1
1648 126 0
127 1648 1
1648 127 0
128 1648 1
1648 128 0
129 1648 1
1648 129 0
130 1648 1
1648 130 0
131 1648 1
1648 131 0
132 1648 1
1648 132 0
133 1648 1
1648 133 0
134 1648 1
1648 134 0
135 1648 1
1648 135 0
136 1648 1
1648 136 0
137 1648 1
1648 137 0
138 1648 1
1648 138 0
139 1648 1
1648 139 0
140 1648 1
1648 140 0
141 1648 1
1648 141 0
142 1648 1
1648 142 0
143 1648 1
1648 143 0
144 1648 1
1648 144 0
145 1648 1
1648 145 0
146 1648 1
1648 146 0
147 1648 1
1648 147 0
148 1648 1
1648 148 0
149 1648 1
1648 149 0
150 1648 1
1648 150 0
151 1648 1
1648 151 0
152 1648 1
1648 152 0
153 1648 1
1648 153 0
154 1648 1
1648 154 0
155 1648 1
1648 155 0
156 1648 1
1648 156 0
157 1648 1
1648 157 0
158 1648 1
1648 158 0
159 1648 1
1648 159 0
160 1648 1
1648 160 0
161 1648 1
1648 161 0
162 1648 1
1648 162 0
163 1648 1
1648 163 0
164 1648 1
1648 164 0
165 1648 1
1648 165 0
166 1648 1
1648 166 0
167 1648 1
1648 167 0
168 1648 1
1648 168 0
169 1648 1
1648 169 0
170 1648 1
1648 170 0
171 1648 1
1648 171 0
172 1648 1
1648 172 0
173 1648 1
1648 173 0
174 1648 1
1648 174 0
175 1648 1
1648 175 0
176 1648 1
1648 176 0
177 1648 1
1648 177 0
178 1648 1
1648 178 0
179 1648 1
1648 179 0
180 1648 1
1648 180 0
181 1648 1
1648 181 0
182 1648 1
1648 182 0
183 1648 1
1648 183 0
184 1648 1
1648 184 0
185 1648 1
1648 185 0
186 1648 1
1648 186 0
187 1648 1
1648 187 0
188 1648 1
1648 188 0
189 1648 1
1648 189 0
190 1648 1
1648 190 0
191 1648 1
1648 191 0
192 1648 1
1648 192 0
193 1648 1
1648 193 0
194 1648 1
1648 194 0
195 1648 1
1648 195 0
196 1648 1
1648 196 0
197 1648 1
1648 197 0
198 1648 1
1648 198 0
199 1648 1
1648 199 0
200 1648 1
1648 200 0
201 1648 1
1648 201 0
202 1648 1
1648 202 0
203 1648 1
1648 203 0
204 1648 1
1648 204 0
205 1648 1
1648 205 0
206 1648 1
1648 206 0
207 1648 1
1648 207 0
208 1648 1
1648 208 0
209 1648 1
1648 209 0
210 1648 1
1648 210 0
211 1648 1
1648 211 0
212 1648 1
1648 212 0
213 1648 1
1648 213 0
214 1648 1
1648 214 0
215 1648 1
1648 215 0
216 1648 1
1648 216 0
217 1648 1
1648 217 0
218 1648 1
1648 218 0
219 1648 1
1648 219 0
220 1648 1
1648 220 0
221 1648 1
1648 221 0
222 1648 1
1648 222 0
223 1648 1
1648 223 0
224 1648 1
1648 224 0
225 1648 1
1648 225 0
226 1648 1
1648 226 0
227 1648 1
1648 227 0
228 1648 1
1648 228 0
229 1648 1
1648 229 0
230 1648 1
1648 230 0
231 1648 1
1648 231 0
232 1648 1
1648 232 0
233 1648 1
1648 233 0
234 1648 1
1648 234 0
235 1648 1
1648 235 0
236 1648 1
1648 236 0
237 1648 1
1648 237 0
238 1648 1
1648 238 0
239 1648 1
1648 239 0
240 1648 1
1648 240 0
241 1648 1
1648 241 0
242 1648 1
1648 242 0
243 1648 1
1648 243 0
244 1648 1
1648 244 0
245 1648 1
1648 245 0
246 1648 1
1648 246 0
247 1648 1
1648 247 0
248 1648 1
1648 248 0
249 1648 1
1648 249 0
250 1648 1
1648 250 0
251 1648 1
1648 251 0
252 1648 1
1648 252 0
253 1648 1
1648 253 0
254 1648 1
1648 254 0
255 1648 1
1648 255 0
256 1648 1
1648 256 0
257 1648 1
1648 257 0
258 1648 1
1648 258 0
259 1648 1
1648 259 0
260 1648 1
1648 260 0
261 1648 1
1648 261 0
262 1648 1
1648 262 0
263 1648 1
1648 263 0
264 1648 1
1648 264 0
265 1648 1
1648 265 0
266 1648 1
1648 266 0
267 1648 1
1648 267 0
268 1648 1
1648 268 0
269 1648 1
1648 269 0
270 1648 1
1648 270 0
271 1648 1
1648 271 0
272 1648 1
1648 272 0
273 1648 1
1648 273 0
274 1648 1
1648 274 0
275 1648 1
1648 275 0
276 1648 1
1648 276 0
277 1648 1
1648 277 0
278 1648 1
1648 278 0
279 1648 1
1648 279 0
280 1648 1
1648 280 0
281 1648 1
1648 281 0
282 1648 1
1648 282 0
283 1648 1
1648 283 0
284 1648 1
1648 284 0
285 1648 1
1648 285 0
286 1648 1
1648 286 0
287 1648 1
1648 287 0
288 1648 1
1648 288 0
289 1648 1
1648 289 0
290 1648 1
1648 290 0
291 1648 1
1648 291 0
292 1648 1
1648 292 0
293 1648 1
1648 293 0
294 1648 1
1648 294 0
295 1648 1
1648 295 0
296 1648 1
1648 296 0
297 1648 1
1648 297 0
298 1648 1
1648 298 0
299 1648 1
1648 299 0
300 1648 1
1648 300 0
301 1648 1
1648 301 0
302 1648 1
1648 302 0
303 1648 1
1648 303 0
304 1648 1
1648 304 0
305 1648 1
1648 305 0
306 1648 1
1648 306 0
307 1648 1
1648 307 0
308 1648 1
1648 308 0
309 1648 1
1648 309 0
310 1648 1
1648 310 0
311 1648 1
1648 311 0
312 1648 1
1648 312 0
313 1648 1
1648 313 0
314 1648 1
1648 314 0
315 1648 1
1648 315 0
316 1648 1
1648 316 0
317 1648 1
1648 317 0
318 1648 1
1648 318 0
319 1648 1
1648 319 0
320 1648 1
1648 320 0
321 1648 1
1648 321 0
322 1648 1
1648 322 0
323 1648 1
1648 323 0
324 1648 1
1648 324 0
325 1648 1
1648 325 0
326 1648 1
1648 326 0
327 1648 1
1648 327 0
328 1648 1
1648 328 0
329 1648 1
1648 329 0
330 1648 1
1648 330 0
331 1648 1
1648 331 0
332 1648 1
1648 332 0
333 1648 1
1648 333 0
334 1648 1
1648 334 0
335 1648 1
1648 335 0
336 1648 1
1648 336 0
337 1648 1
1648 337 0
338 1648 1
1648 338 0
339 1648 1
1648 339 0
340 1648 1
1648 340 0
341 1648 1
1648 341 0
342 1648 1
1648 342 0
343 1648 1
1648 343 0
344 1648 1
1648 344 0
345 1648 1
1648 345 0
346 1648 1
1648 346 0
347 1648 1
1648 347 0
348 1648 1
1648 348 0
349 1648 1
1648 349 0
350 1648 1
1648 350 0
351 1648 1
1648 351 0
352 1648 1
1648 352 0
353 1648 1
1648 353 0
354 1648 1
1648 354 0
355 1648 1
1648 355 0
356 1648 1
1648 356 0
357 1648 1
1648 357 0
358 1648 1
1648 358 0
359 1648 1
1648 359 0
360 1648 1
1648 360 0
361 1648 1
1648 361 0
362 1648 1
1648 362 0
363 1648 1
1648 363 0
364 1648 1
1648 364 0
365 1648 1
1648 365 0
366 1648 1
1648 366 0
367 1648 1
1648 367 0
368 1648 1
1648 368 0
369 1648 1
1648 369 0
370 1648 1
1648 370 0
371 1648 1
1648 371 0
372 1648 1
1648 372 0
373 1648 1
1648 373 0
374 1648 1
1648 374 0
375 1648 1
1648 375 0
376 1648 1
1648 376 0
377 1648 1
1648 377 0
378 1648 1
1648 378 0
379 1648 1
1648 379 0
380 1648 1
1648 380 0
381 1648 1
1648 381 0
382 1648 1
1648 382 0
383 1648 1
1648 383 0
384 1648 1
1648 384 0
385 1648 1
1648 385 0
386 1648 1
1648 386 0
387 1648 1
1648 387 0
388 1648 1
1648 388 0
389 1648 1
1648 389 0
390 1648 1
1648 390 0
391 1648 1
1648 391 0
392 1648 1
1648 392 0
393 1648 1
1648 393 0
394 1648 1
1648 394 0
395 1648 1
1648 395 0
396 1648 1
1648 396 0
397 1648 1
1648 397 0
398 1648 1
1648 398 0
399 1648 1
1648 399 0
400 1648 1
1648 400 0
401 1648 1
1648 401 0
402 1648 1
1648 402 0
403 1648 1
1648 403 0
404 1648 1
1648 404 0
405 1648 1
1648 405 0
406 1648 1
1648 406 0
407 1648 1
1648 407 0
408 1648 1
1648 408 0
409 1648 1
1648 409 0
410 1648 1
1648 410 0
411 1648 1
1648 411 0
412 1648 1
1648 412 0
413 1648 1
1648 413 0
414 1648 1
1648 414 0
415 1648 1
1648 415 0
416 1648 1
1648 416 0
417 1648 1
1648 417 0
418 1648 1
1648 418 0
419 1648 1
1648 419 0
420 1648 1
1648 420 0
421 1648 1
1648 421 0
422 1648 1
1648 422 0
423 1648 1
1648 423 0
424 1648 1
1648 424 0
425 1648 1
1648 425 0
426 1648 1
1648 426 0
427 1648 1
1648 427 0
428 1648 1
1648 428 0
429 1648 1
1648 429 0
430 1648 1
1648 430 0
431 1648 1
1648 431 0
432 1648 1
1648 432 0
433 1648 1
1648 433 0
434 1648 1
1648 434 0
435 1648 1
1648 435 0
436 1648 1
1648 436 0
437 1648 1
1648 437 0
438 1648 1
1648 438 0
439 1648 1
1648 439 0
440 1648 1
1648 440 0
441 1648 1
1648 441 0
442 1648 1
1648 442 0
443 1648 1
1648 443 0
444 1648 1
1648 444 0
445 1648 1
1648 445 0
446 1648 1
1648 446 0
447 1648 1
1648 447 0
448 1648 1
1648 448 0
449 1648 1
1648 449 0
450 1648 1
1648 450 0
451 1648 1
1648 451 0
452 1648 1
1648 452 0
453 1648 1
1648 453 0
454 1648 1
1648 454 0
455 1648 1
1648 455 0
456 1648 1
1648 456 0
457 1648 1
1648 457 0
458 1648 1
1648 458 0
459 1648 1
1648 459 0
460 1648 1
1648 460 0
461 1648 1
1648 461 0
462 1648 1
1648 462 0
463 1648 1
1648 463 0
464 1648 1
1648 464 0
465 1648 1
1648 465 0
466 1648 1
1648 466 0
467 1648 1
1648 467 0
468 1648 1
1648 468 0
469 1648 1
1648 469 0
470 1648 1
1648 470 0
471 1648 1
1648 471 0
472 1648 1
1648 472 0
473 1648 1
1648 473 0
474 1648 1
1648 474 0
475 1648 1
1648 475 0
476 1648 1
1648 476 0
477 1648 1
1648 477 0
478 1648 1
1648 478 0
479 1648 1
1648 479 0
480 1648 1
1648 480 0
481 1648 1
1648 481 0
482 1648 1
1648 482 0
483 1648 1
1648 483 0
484 1648 1
1648 484 0
485 1648 1
1648 485 0
486 1648 1
1648 486 0
487 1648 1
1648 487 0
488 1648 1
1648 488 0
489 1648 1
1648 489 0
490 1648 1
1648 490 0
491 1648 1
1648 491 0
492 1648 1
1648 492 0
493 1648 1
1648 493 0
494 1648 1
1648 494 0
495 1648 1
1648 495 0
496 1648 1
1648 496 0
497 1648 1
1648 497 0
498 1648 1
1648 498 0
499 1648 1
1648 499 0
500 1648 1
1648 500 0
501 1648 1
1648 501 0
502 1648 1
1648 502 0
503 1648 1
1648 503 0
504 1648 1
1648 504 0
505 1648 1
1648 505 0
506 1648 1
1648 506 0
507 1648 1
1648 507 0
508 1648 1
1648 508 0
509 1648 1
1648 509 0
510 1648 1
1648 510 0
511 1648 1
1648 511 0
512 1648 1
1648 512 0
513 1648 1
1648 513 0
514 1648 1
1648 514 0
515 1648 1
1648 515 0
516 1648 1
1648 516 0
517 1648 1
1648 517 0
518 1648 1
1648 518 0
519 1648 1
1648 519 0
520 1648 1
1648 520 0
521 1648 1
1648 521 0
522 1648 1
1648 522 0
523 1648 1
1648 523 0
524 1648 1
1648 524 0
525 1648 1
1648 525 0
526 1648 1
1648 526 0
527 1648 1
1648 527 0
528 1648 1
1648 528 0
529 1648 1
1648 529 0
530 1648 1
1648 530 0
531 1648 1
1648 531 0
532 1648 1
1648 532 0
533 1648 1
1648 533 0
534 1648 1
1648 534 0
535 1648 1
1648 535 0
536 1648 1
1648 536 0
537 1648 1
1648 537 0
538 1648 1
1648 538 0
539 1648 1
1648 539 0
540 1648 1
1648 540 0
541 1648 1
1648 541 0
542 1648 1
1648 542 0
543 1648 1
1648 543 0
544 1648 1
1648 544 0
545 1648 1
1648 545 0
546 1648 1
1648 546 0
547 1648 1
1648 547 0
548 1648 1
1648 548 0
549 1648 1
1648 549 0
550 1648 1
1648 550 0
551 1648 1
1648 551 0
552 1648 1
1648 552 0
553 1648 1
1648 553 0
554 1648 1
1648 554 0
555 1648 1
1648 555 0
556 1648 1
1648 556 0
557 1648 1
1648 557 0
558 1648 1
1648 558 0
559 1648 1
1648 559 0
560 1648 1
1648 560 0
561 1648 1
1648 561 0
562 1648 1
1648 562 0
563 1648 1
1648 563 0
564 1648 1
1648 564 0
565 1648 1
1648 565 0
566 1648 1
1648 566 0
567 1648 1
1648 567 0
568 1648 1
1648 568 0
569 1648 1
1648 569 0
570 1648 1
1648 570 0
571 1648 1
1648 571 0
572 1648 1
1648 572 0
573 1648 1
1648 573 0
574 1648 1
1648 574 0
575 1648 1
1648 575 0
576 1648 1
1648 576 0
577 1648 1
1648 577 0
578 1648 1
1648 578 0
579 1648 1
1648 579 0
580 1648 1
1648 580 0
581 1648 1
1648 581 0
582 1648 1
1648 582 0
583 1648 1
1648 583 0
584 1648 1
1648 584 0
585 1648 1
1648 585 0
586 1648 1
1648 586 0
587 1648 1
1648 587 0
588 1648 1
1648 588 0
589 1648 1
1648 589 0
590 1648 1
1648 590 0
591 1648 1
1648 591 0
592 1648 1
1648 592 0
593 1648 1
1648 593 0
594 1648 1
1648 594 0
595 1648 1
1648 595 0
596 1648 1
1648 596 0
597 1648 1
1648 597 0
598 1648 1
1648 598 0
599 1648 1
1648 599 0
600 1648 1
1648 600 0
601 1648 1
1648 601 0
602 1648 1
1648 602 0
603 1648 1
1648 603 0
604 1648 1
1648 604 0
605 1648 1
1648 605 0
606 1648 1
1648 606 0
607 1648 1
1648 607 0
608 1648 1
1648 608 0
609 1648 1
1648 609 0
610 1648 1
1648 610 0
611 1648 1
1648 611 0
612 1648 1
1648 612 0
613 1648 1
1648 613 0
614 1648 1
1648 614 0
615 1648 1
1648 615 0
616 1648 1
1648 616 0
617 1648 1
1648 617 0
618 1648 1
1648 618 0
619 1648 1
1648 619 0
620 1648 1
1648 620 0
621 1648 1
1648 621 0
622 1648 1
1648 622 0
623 1648 1
1648 623 0
624 1648 1
1648 624 0
625 1648 1
1648 625 0
626 1648 1
1648 626 0
627 1648 1
1648 627 0
628 1648 1
1648 628 0
629 1648 1
1648 629 0
630 1648 1
1648 630 0
631 1648 1
1648 631 0
632 1648 1
1648 632 0
633 1648 1
1648 633 0
634 1648 1
1648 634 0
635 1648 1
1648 635 0
636 1648 1
1648 636 0
637 1648 1
1648 637 0
638 1648 1
1648 638 0
639 1648 1
1648 639 0
640 1648 1
1648 640 0
641 1648 1
1648 641 0
642 1648 1
1648 642 0
643 1648 1
1648 643 0
644 1648 1
1648 644 0
645 1648 1
1648 645 0
646 1648 1
1648 646 0
647 1648 1
1648 647 0
648 1648 1
1648 648 0
649 1648 1
1648 649 0
650 1648 1
1648 650 0
651 1648 1
1648 651 0
652 1648 1
1648 652 0
653 1648 1
1648 653 0
654 1648 1
1648 654 0
655 1648 1
1648 655 0
656 1648 1
1648 656 0
657 1648 1
1648 657 0
658 1648 1
1648 658 0
659 1648 1
1648 659 0
660 1648 1
1648 660 0
661 1648 1
1648 661 0
662 1648 1
1648 662 0
663 1648 1
1648 663 0
664 1648 1
1648 664 0
665 1648 1
1648 665 0
666 1648 1
1648 666 0
667 1648 1
1648 667 0
668 1648 1
1648 668 0
669 1648 1
1648 669 0
670 1648 1
1648 670 0
671 1648 1
1648 671 0
672 1648 1
1648 672 0
673 1648 1
1648 673 0
674 1648 1
1648 674 0
675 1648 1
1648 675 0
676 1648 1
1648 676 0
677 1648 1
1648 677 0
678 1648 1
1648 678 0
679 1648 1
1648 679 0
680 1648 1
1648 680 0
681 1648 1
1648 681 0
682 1648 1
1648 682 0
683 1648 1
1648 683 0
684 1648 1
1648 684 0
685 1648 1
1648 685 0
686 1648 1
1648 686 0
687 1648 1
1648 687 0
688 1648 1
1648 688 0
689 1648 1
1648 689 0
690 1648 1
1648 690 0
691 1648 1
1648 691 0
692 1648 1
1648 692 0
693 1648 1
1648 693 0
694 1648 1
1648 694 0
695 1648 1
1648 695 0
696 1648 1
1648 696 0
697 1648 1
1648 697 0
698 1648 1
1648 698 0
699 1648 1
1648 699 0
700 1648 1
1648 700 0
701 1648 1
1648 701 0
702 1648 1
1648 702 0
703 1648 1
1648 703 0
704 1648 1
1648 704 0
705 1648 1
1648 705 0
706 1648 1
1648 706 0
707 1648 1
1648 707 0
708 1648 1
1648 708 0
709 1648 1
1648 709 0
710 1648 1
1648 710 0
711 1648 1
1648 711 0
712 1648 1
1648 712 0
713 1648 1
1648 713 0
714 1648 1
1648 714 0
715 1648 1
1648 715 0
716 1648 1
1648 716 0
717 1648 1
1648 717 0
718 1648 1
1648 718 0
719 1648 1
1648 719 0
720 1648 1
1648 720 0
721 1648 1
1648 721 0
722 1648 1
1648 722 0
723 1648 1
1648 723 0
724 1648 1
1648 724 0
725 1648 1
1648 725 0
726 1648 1
1648 726 0
727 1648 1
1648 727 0
728 1648 1
1648 728 0
729 1648 1
1648 729 0
730 1648 1
1648 730 0
731 1648 1
1648 731 0
732 1648 1
1648 732 0
733 1648 1
1648 733 0
734 1648 1
1648 734 0
735 1648 1
1648 735 0
736 1648 1
1648 736 0
737 1648 1
1648 737 0
738 1648 1
1648 738 0
739 1648 1
1648 739 0
740 1648 1
1648 740 0
741 1648 1
1648 741 0
742 1648 1
1648 742 0
743 1648 1
1648 743 0
744 1648 1
1648 744 0
745 1648 1
1648 745 0
746 1648 1
1648 746 0
747 1648 1
1648 747 0
748 1648 1
1648 748 0
749 1648 1
1648 749 0
750 1648 1
1648 750 0
751 1648 1
1648 751 0
752 1648 1
1648 752 0
753 1648 1
1648 753 0
754 1648 1
1648 754 0
755 1648 1
1648 755 0
756 1648 1
1648 756 0
757 1648 1
1648 757 0
758 1648 1
1648 758 0
759 1648 1
1648 759 0
760 1648 1
1648 760 0
761 1648 1
1648 761 0
762 1648 1
1648 762 0
763 1648 1
1648 763 0
764 1648 1
1648 764 0
765 1648 1
1648 765 0
766 1648 1
1648 766 0
767 1648 1
1648 767 0
768 1648 1
1648 768 0
769 1648 1
1648 769 0
770 1648 1
1648 770 0
771 1648 1
1648 771 0
772 1648 1
1648 772 0
773 1648 1
1648 773 0
774 1648 1
1648 774 0
775 1648 1
1648 775 0
776 1648 1
1648 776 0
777 1648 1
1648 777 0
778 1648 1
1648 778 0
779 1648 1
1648 779 0
780 1648 1
1648 780 0
781 1648 1
1648 781 0
782 1648 1
1648 782 0
783 1648 1
1648 783 0
784 1648 1
1648 784 0
785 1648 1
1648 785 0
786 1648 1
1648 786 0
787 1648 1
1648 787 0
788 1648 1
1648 788 0
789 1648 1
1648 789 0
790 1648 1
1648 790 0
791 1648 1
1648 791 0
792 1648 1
1648 792 0
793 1648 1
1648 793 0
794 1648 1
1648 794 0
795 1648 1
1648 795 0
796 1648 1
1648 796 0
797 1648 1
1648 797 0
798 1648 1
1648 798 0
799 1648 1
1648 799 0
800 1648 1
1648 800 0
801 1648 1
1648 801 0
802 1648 1
1648 802 0
803 1648 1
1648 803 0
804 1648 1
1648 804 0
805 1648 1
1648 805 0
806 1648 1
1648 806 0
807 1648 1
1648 807 0
808 1648 1
1648 808 0
809 1648 1
1648 809 0
810 1648 1
1648 810 0
811 1648 1
1648 811 0
812 1648 1
1648 812 0
813 1648 1
1648 813 0
814 1648 1
1648 814 0
815 1648 1
1648 815 0
816 1648 1
1648 816 0
817 1648 1
1648 817 0
818 1648 1
1648 818 0
819 1648 1
1648 819 0
820 1648 1
1648 820 0
821 1648 1
1648 821 0
822 1648 1
1648 822 0
823 1648 1
1648 823 0
824 1648 1
1648 824 0
825 1648 1
1648 825 0
826 1648 1
1648 826 0
827 1648 1
1648 827 0
828 1648 1
1648 828 0
829 1648 1
1648 829 0
830 1648 1
1648 830 0
831 1648 1
1648 831 0
832 1648 1
1648 832 0
833 1648 1
1648 833 0
834 1648 1
1648 834 0
835 1648 1
1648 835 0
836 1648 1
1648 836 0
837 1648 1
1648 837 0
838 1648 1
1648 838 0
839 1648 1
1648 839 0
840 1648 1
1648 840 0
841 1648 1
1648 841 0
842 1648 1
1648 842 0
843 1648 1
1648 843 0
844 1648 1
1648 844 0
845 1648 1
1648 845 0
846 1648 1
1648 846 0
847 1648 1
1648 847 0
848 1648 1
1648 848 0
849 1648 1
1648 849 0
850 1648 1
1648 850 0
851 1648 1
1648 851 0
852 1648 1
1648 852 0
853 1648 1
1648 853 0
854 1648 1
1648 854 0
855 1648 1
1648 855 0
856 1648 1
1648 856 0
857 1648 1
1648 857 0
858 1648 1
1648 858 0
859 1648 1
1648 859 0
860 1648 1
1648 860 0
861 1648 1
1648 861 0
862 1648 1
1648 862 0
863 1648 1
1648 863 0
864 1648 1
1648 864 0
865 1648 1
1648 865 0
866 1648 1
1648 866 0
867 1648 1
1648 867 0
868 1648 1
1648 868 0
869 1648 1
1648 869 0
870 1648 1
1648 870 0
871 1648 1
1648 871 0
872 1648 1
1648 872 0
873 1648 1
1648 873 0
874 1648 1
1648 874 0
875 1648 1
1648 875 0
876 1648 1
1648 876 0
877 1648 1
1648 877 0
878 1648 1
1648 878 0
879 1648 1
1648 879 0
880 1648 1
1648 880 0
881 1648 1
1648 881 0
882 1648 1
1648 882 0
883 1648 1
1648 883 0
884 1648 1
1648 884 0
885 1648 1
1648 885 0
886 1648 1
1648 886 0
887 1648 1
1648 887 0
888 1648 1
1648 888 0
889 1648 1
1648 889 0
890 1648 1
1648 890 0
891 1648 1
1648 891 0
892 1648 1
1648 892 0
893 1648 1
1648 893 0
894 1648 1
1648 894 0
895 1648 1
1648 895 0
896 1648 1
1648 896 0
897 1648 1
1648 897 0
898 1648 1
1648 898 0
899 1648 1
1648 899 0
900 1648 1
1648 900 0
901 1648 1
1648 901 0
902 1648 1
1648 902 0
903 1648 1
1648 903 0
904 1648 1
1648 904 0
905 1648 1
1648 905 0
906 1648 1
1648 906 0
907 1648 1
1648 907 0
908 1648 1
1648 908 0
909 1648 1
1648 909 0
910 1648 1
1648 910 0
911 1648 1
1648 911 0
912 1648 1
1648 912 0
913 1648 1
1648 913 0
914 1648 1
1648 914 0
915 1648 1
1648 915 0
916 1648 1
1648 916 0
917 1648 1
1648 917 0
918 1648 1
1648 918 0
919 1648 1
1648 919 0
920 1648 1
1648 920 0
921 1648 1
1648 921 0
922 1648 1
1648 922 0
923 1648 1
1648 923 0
924 1648 1
1648 924 0
925 1648 1
1648 925 0
926 1648 1
1648 926 0
927 1648 1
1648 927 0
928 1648 1
1648 928 0
929 1648 1
1648 929 0
930 1648 1
1648 930 0
931 1648 1
1648 931 0
932 1648 1
1648 932 0
933 1648 1
1648 933 0
934 1648 1
1648 934 0
935 1648 1
1648 935 0
936 1648 1
1648 936 0
937 1648 1
1648 937 0
938 1648 1
1648 938 0
939 1648 1
1648 939 0
940 1648 1
1648 940 0
941 1648 1
1648 941 0
942 1648 1
1648 942 0
943 1648 1
1648 943 0
944 1648 1
1648 944 0
945 1648 1
1648 945 0
946 1648 1
1648 946 0
947 1648 1
1648 947 0
948 1648 8
1648 948 0
949 1648 8
1648 949 0
950 1648 8
1648 950 0
951 1648 8
1648 951 0
952 1648 8
1648 952 0
953 1648 8
1648 953 0
954 1648 8
1648 954 0
955 1648 8
1648 955 0
956 1648 8
1648 956 0
957 1648 8
1648 957 0
958 1648 8
1648 958 0
959 1648 8
1648 959 0
960 1648 8
1648 960 0
961 1648 8
1648 961 0
962 1648 8
1648 962 0
963 1648 8
1648 963 0
964 1648 8
1648 964 0
965 1648 8
1648 965 0
966 1648 8
1648 966 0
967 1648 8
1648 967 0
968 1648 8
1648 968 0
969 1648 8
1648 969 0
970 1648 8
1648 970 0
971 1648 8
1648 971 0
972 1648 8
1648 972 0
973 1648 8
1648 973 0
974 1648 8
1648 974 0
975 1648 8
1648 975 0
976 1648 8
1648 976 0
977 1648 8
1648 977 0
978 1648 8
1648 978 0
979 1648 8
1648 979 0
980 1648 8
1648 980 0
981 1648 8
1648 981 0
982 1648 8
1648 982 0
983 1648 8
1648 983 0
984 1648 8
1648 984 0
985 1648 8
1648 985 0
986 1648 8
1648 986 0
987 1648 8
1648 987 0
988 1648 8
1648 988 0
989 1648 8
1648 989 0
990 1648 8
1648 990 0
991 1648 8
1648 991 0
992 1648 8
1648 992 0
993 1648 8
1648 993 0
994 1648 8
1648 994 0
995 1648 8
1648 995 0
996 1648 8
1648 996 0
997 1648 8
1648 997 0
998 1648 8
1648 998 0
999 1648 8
1648 999 0
1000 1648 8
1648 1000 0
1001 1648 8
1648 1001 0
1002 1648 8
1648 1002 0
1003 1648 8
1648 1003 0
1004 1648 8
1648 1004 0
1005 1648 8
1648 1005 0
1006 1648 8
1648 1006 0
1007 1648 8
1648 1007 0
1008 1648 8
1648 1008 0
1009 1648 8
1648 1009 0
1010 1648 8
1648 1010 0
1011 1648 8
1648 1011 0
1012 1648 8
1648 1012 0
1013 1648 8
1648 1013 0
1014 1648 8
1648 1014 0
1015 1648 8
1648 1015 0
1016 1648 8
1648 1016 0
1017 1648 8
1648 1017 0
1018 1648 8
1648 1018 0
1019 1648 8
1648 1019 0
1020 1648 8
1648 1020 0
1021 1648 8
1648 1021 0
1022 1648 8
1648 1022 0
1023 1648 8
1648 1023 0
1024 1648 8
1648 1024 0
1025 1648 8
1648 1025 0
1026 1648 8
1648 1026 0
1027 1648 8
1648 1027 0
1028 1648 8
1648 1028 0
1029 1648 8
1648 1029 0
1030 1648 8
1648 1030 0
1031 1648 8
1648 1031 0
1032 1648 8
1648 1032 0
1033 1648 8
1648 1033 0
1034 1648 8
1648 1034 0
1035 1648 8
1648 1035 0
1036 1648 8
1648 1036 0
1037 1648 8
1648 1037 0
1038 1648 8
1648 1038 0
1039 1648 8
1648 1039 0
1040 1648 8
1648 1040 0
1041 1648 8
1648 1041 0
1042 1648 8
1648 1042 0
1043 1648 8
1648 1043 0
1044 1648 8
1648 1044 0
1045 1648 8
1648 1045 0
1046 1648 8
1648 1046 0
1047 1648 8
1648 1047 0
1048 1648 8
1648 1048 0
1049 1648 8
1648 1049 0
1050 1648 8
1648 1050 0
1051 1648 8
1648 1051 0
1052 1648 8
1648 1052 0
1053 1648 8
1648 1053 0
1054 1648 8
1648 1054 0
1055 1648 8
1648 1055 0
1056 1648 8
1648 1056 0
1057 1648 8
1648 1057 0
1058 1648 8
1648 1058 0
1059 1648 8
1648 1059 0
1060 1648 8
1648 1060 0
1061 1648 8
1648 1061 0
1062 1648 8
1648 1062 0
1063 1648 8
1648 1063 0
1064 1648 8
1648 1064 0
1065 1648 8
1648 1065 0
1066 1648 8
1648 1066 0
1067 1648 8
1648 1067 0
1068 1648 8
1648 1068 0
1069 1648 8
1648 1069 0
1070 1648 8
1648 1070 0
1071 1648 8
1648 1071 0
1072 1648 8
1648 1072 0
1073 1648 8
1648 1073 0
1074 1648 8
1648 1074 0
1075 1648 8
1648 1075 0
1076 1648 8
1648 1076 0
1077 1648 8
1648 1077 0
1078 1648 8
1648 1078 0
1079 1648 8
1648 1079 0
1080 1648 8
1648 1080 0
1081 1648 8
1648 1081 0
1082 1648 8
1648 1082 0
1083 1648 8
1648 1083 0
1084 1648 8
1648 1084 0
1085 1648 8
1648 1085 0
1086 1648 8
1648 1086 0
1087 1648 8
1648 1087 0
1088 1648 8
1648 1088 0
1089 1648 8
1648 1089 0
1090 1648 8
1648 1090 0
1091 1648 8
1648 1091 0
1092 1648 8
1648 1092 0
1093 1648 8
1648 1093 0
1094 1648 8
1648 1094 0
1095 1648 8
1648 1095 0
1096 1648 8
1648 1096 0
1097 1648 8
1648 1097 0
1098 1648 8
1648 1098 0
1099 1648 8
1648 1099 0
1100 1648 8
1648 1100 0
1101 1648 8
1648 1101 0
1102 1648 8
1648 1102 0
1103 1648 8
1648 1103 0
1104 1648 8
1648 1104 0
1105 1648 8
1648 1105 0
1106 1648 8
1648 1106 0
1107 1648 8
1648 1107 0
1108 1648 8
1648 1108 0
1109 1648 8
1648 1109 0
1110 1648 8
1648 1110 0
1111 1648 8
1648 1111 0
1112 1648 8
1648 1112 0
1113 1648 8
1648 1113 0
1114 1648 8
1648 1114 0
1115 1648 8
1648 1115 0
1116 1648 8
1648 1116 0
1117 1648 8
1648 1117 0
1118 1648 8
1648 1118 0
1119 1648 8
1648 1119 0
1120 1648 8
1648 1120 0
1121 1648 8
1648 1121 0
1122 1648 8
1648 1122 0
1123 1648 8
1648 1123 0
1124 1648 8
1648 1124 0
1125 1648 8
1648 1125 0
1126 1648 8
1648 1126 0
1127 1648 8
1648 1127 0
1128 1648 8
1648 1128 0
1129 1648 8
1648 1129 0
1130 1648 8
1648 1130 0
1131 1648 8
1648 1131 0
1132 1648 8
1648 1132 0
1133 1648 8
1648 1133 0
1134 1648 8
1648 1134 0
1135 1648 8
1648 1135 0
1136 1648 8
1648 1136 0
1137 1648 8
1648 1137 0
1138 1648 8
1648 1138 0
1139 1648 8
1648 1139 0
1140 1648 8
1648 1140 0
1141 1648 8
1648 1141 0
1142 1648 8
1648 1142 0
1143 1648 8
1648 1143 0
1144 1648 8
1648 1144 0
1145 1648 8
1648 1145 0
1146 1648 8
1648 1146 0
1147 1648 8
1648 1147 0
1148 1648 8
1648 1148 0
1149 1648 8
1648 1149 0
1150 1648 8
1648 1150 0
1151 1648 8
1648 1151 0
1152 1648 8
1648 1152 0
1153 1648 8
1648 1153 0
1154 1648 8
1648 1154 0
1155 1648 8
1648 1155 0
1156 1648 8
1648 1156 0
1157 1648 8
1648 1157 0
1158 1648 8
1648 1158 0
1159 1648 8
1648 1159 0
1160 1648 8
1648 1160 0
1161 1648 8
1648 1161 0
1162 1648 8
1648 1162 0
1163 1648 8
1648 1163 0
1164 1648 8
1648 1164 0
1165 1648 8
1648 1165 0
1166 1648 8
1648 1166 0
1167 1648 8
1648 1167 0
1168 1648 8
1648 1168 0
1169 1648 8
1648 1169 0
1170 1648 8
1648 1170 0
1171 1648 8
1648 1171 0
1172 1648 8
1648 1172 0
1173 1648 8
1648 1173 0
1174 1648 8
1648 1174 0
1175 1648 8
1648 1175 0
1176 1648 8
1648 1176 0
1177 1648 8
1648 1177 0
1178 1648 8
1648 1178 0
1179 1648 8
1648 1179 0
1180 1648 8
1648 1180 0
1181 1648 8
1648 1181 0
1182 1648 8
1648 1182 0
1183 1648 8
1648 1183 0
1184 1648 8
1648 1184 0
1185 1648 8
1648 1185 0
1186 1648 8
1648 1186 0
1187 1648 8
1648 1187 0
1188 1648 8
1648 1188 0
1189 1648 8
1648 1189 0
1190 1648 8
1648 1190 0
1191 1648 8
1648 1191 0
1192 1648 8
1648 1192 0
1193 1648 8
1648 1193 0
1194 1648 8
1648 1194 0
1195 1648 8
1648 1195 0
1196 1648 8
1648 1196 0
1197 1648 8
1648 1197 0
1198 1648 8
1648 1198 0
1199 1648 8
1648 1199 0
1200 1648 8
1648 1200 0
1201 1648 8
1648 1201 0
1202 1648 8
1648 1202 0
1203 1648 8
1648 1203 0
1204 1648 8
1648 1204 0
1205 1648 8
1648 1205 0
1206 1648 8
1648 1206 0
1207 1648 8
1648 1207 0
1208 1648 8
1648 1208 0
1209 1648 8
1648 1209 0
1210 1648 8
1648 1210 0
1211 1648 8
1648 1211 0
1212 1648 8
1648 1212 0
1213 1648 8
1648 1213 0
1214 1648 8
1648 1214 0
1215 1648 8
1648 1215 0
1216 1648 8
1648 1216 0
1217 1648 8
1648 1217 0
1218 1648 8
1648 1218 0
1219 1648 8
1648 1219 0
1220 1648 8
1648 1220 0
1221 1648 8
1648 1221 0
1222 1648 8
1648 1222 0
1223 1648 8
1648 1223 0
1224 1648 8
1648 1224 0
1225 1648 8
1648 1225 0
1226 1648 8
1648 1226 0
1227 1648 8
1648 1227 0
1228 1648 8
1648 1228 0
1229 1648 8
1648 1229 0
1230 1648 8
1648 1230 0
1231 1648 8
1648 1231 0
1232 1648 8
1648 1232 0
1233 1648 8
1648 1233 0
1234 1648 8
1648 1234 0
1235 1648 8
1648 1235 0
1236 1648 8
1648 1236 0
1237 1648 8
1648 1237 0
1238 1648 8
1648 1238 0
1239 1648 8
1648 1239 0
1240 1648 8
1648 1240 0
1241 1648 8
1648 1241 0
1242 1648 8
1648 1242 0
1243 1648 8
1648 1243 0
1244 1648 8
1648 1244 0
1245 1648 8
1648 1245 0
1246 1648 8
1648 1246 0
1247 1648 8
1648 1247 0
1248 1648 8
1648 1248 0
1249 1648 8
1648 1249 0
1250 1648 8
1648 1250 0
1251 1648 8
1648 1251 0
1252 1648 8
1648 1252 0
1253 1648 8
1648 1253 0
1254 1648 8
1648 1254 0
1255 1648 8
1648 1255 0
1256 1648 8
1648 1256 0
1257 1648 8
1648 1257 0
1258 1648 8
1648 1258 0
1259 1648 8
1648 1259 0
1260 1648 8
1648 1260 0
1261 1648 8
1648 1261 0
1262 1648 8
1648 1262 0
1263 1648 8
1648 1263 0
1264 1648 8
1648 1264 0
1265 1648 8
1648 1265 0
1266 1648 8
1648 1266 0
1267 1648 8
1648 1267 0
1268 1648 8
1648 1268 0
1269 1648 8
1648 1269 0
1270 1648 8
1648 1270 0
1271 1648 8
1648 1271 0
1272 1648 8
1648 1272 0
1273 1648 8
1648 1273 0
1274 1648 8
1648 1274 0
1275 1648 8
1648 1275 0
1276 1648 8
1648 1276 0
1277 1648 8
1648 1277 0
1278 1648 8
1648 1278 0
1279 1648 8
1648 1279 0
1280 1648 8
1648 1280 0
1281 1648 8
1648 1281 0
1282 1648 8
1648 1282 0
1283 1648 8
1648 1283 0
1284 1648 8
1648 1284 0
1285 1648 8
1648 1285 0
1286 1648 8
1648 1286 0
1287 1648 8
1648 1287 0
1288 1648 8
1648 1288 0
1289 1648 8
1648 1289 0
1290 1648 8
1648 1290 0
1291 1648 8
1648 1291 0
1292 1648 8
1648 1292 0
1293 1648 8
1648 1293 0
1294 1648 8
1648 1294 0
1295 1648 8
1648 1295 0
1296 1648 8
1648 1296 0
1297 1648 8
1648 1297 0
1298 1648 8
1648 1298 0
1299 1648 8
1648 1299 0
1300 1648 8
1648 1300 0
1301 1648 8
1648 1301 0
1302 1648 8
1648 1302 0
1303 1648 8
1648 1303 0
1304 1648 8
1648 1304 0
1305 1648 8
1648 1305 0
1306 1648 8
1648 1306 0
1307 1648 8
1648 1307 0
1308 1648 8
1648 1308 0
1309 1648 8
1648 1309 0
1310 1648 8
1648 1310 0
1311 1648 8
1648 1311 0
1312 1648 8
1648 1312 0
1313 1648 8
1648 1313 0
1314 1648 8
1648 1314 0
1315 1648 8
1648 1315 0
1316 1648 8
1648 1316 0
1317 1648 8
1648 1317 0
1318 1648 8
1648 1318 0
1319 1648 8
1648 1319 0
1320 1648 8
1648 1320 0
1321 1648 8
1648 1321 0
1322 1648 8
1648 1322 0
1323 1648 8
1648 1323 0
1324 1648 8
1648 1324 0
1325 1648 8
1648 1325 0
1326 1648 8
1648 1326 0
1327 1648 8
1648 1327 0
1328 1648 8
1648 1328 0
1329 1648 8
1648 1329 0
1330 1648 8
1648 1330 0
1331 1648 8
1648 1331 0
1332 1648 8
1648 1332 0
1333 1648 8
1648 1333 0
1334 1648 8
1648 1334 0
1335 1648 8
1648 1335 0
1336 1648 8
1648 1336 0
1337 1648 8
1648 1337 0
1338 1648 8
1648 1338 0
1339 1648 8
1648 1339 0
1340 1648 8
1648 1340 0
1341 1648 8
1648 1341 0
1342 1648 8
1648 1342 0
1343 1648 8
1648 1343 0
1344 1648 8
1648 1344 0
1345 1648 8
1648 1345 0
1346 1648 8
1648 1346 0
1347 1648 8
1648 1347 0
1348 1648 8
1648 1348 0
1349 1648 8
1648 1349 0
1350 1648 8
1648 1350 0
1351 1648 8
1648 1351 0
1352 1648 8
1648 1352 0
1353 1648 8
1648 1353 0
1354 1648 8
1648 1354 0
1355 1648 8
1648 1355 0
1356 1648 8
1648 1356 0
1357 1648 8
1648 1357 0
1358 1648 8
1648 1358 0
1359 1648 8
1648 1359 0
1360 1648 8
1648 1360 0
1361 1648 8
1648 1361 0
1362 1648 8
1648 1362 0
1363 1648 8
1648 1363 0
1364 1648 8
1648 1364 0
1365 1648 8
1648 1365 0
1366 1648 8
1648 1366 0
1367 1648 8
1648 1367 0
1368 1648 8
1648 1368 0
1369 1648 8
1648 1369 0
1370 1648 8
1648 1370 0
1371 1648 8
1648 1371 0
1372 1648 8
1648 1372 0
1373 1648 8
1648 1373 0
1374 1648 8
1648 1374 0
1375 1648 8
1648 1375 0
1376 1648 8
1648 1376 0
1377 1648 8
1648 1377 0
1378 1648 8
1648 1378 0
1379 1648 8
1648 1379 0
1380 1648 8
1648 1380 0
1381 1648 8
1648 1381 0
1382 1648 8
1648 1382 0
1383 1648 8
1648 1383 0
1384 1648 8
1648 1384 0
1385 1648 8
1648 1385 0
1386 1648 8
1648 1386 0
1387 1648 8
1648 1387 0
1388 1648 8
1648 1388 0
1389 1648 8
1648 1389 0
1390 1648 8
1648 1390 0
1391 1648 8
1648 1391 0
1392 1648 8
1648 1392 0
1393 1648 8
1648 1393 0
1394 1648 8
1648 1394 0
1395 1648 8
1648 1395 0
1396 1648 8
1648 1396 0
1397 1648 8
1648 1397 0
1398 1648 8
1648 1398 0
1399 1648 8
1648 1399 0
1400 1648 8
1648 1400 0
1401 1648 8
1648 1401 0
1402 1648 8
1648 1402 0
1403 1648 8
1648 1403 0
1404 1648 8
1648 1404 0
1405 1648 8
1648 1405 0
1406 1648 8
1648 1406 0
1407 1648 8
1648 1407 0
1408 1648 8
1648 1408 0
1409 1648 8
1648 1409 0
1410 1648 8
1648 1410 0
1411 1648 8
1648 1411 0
1412 1648 8
1648 1412 0
1413 1648 8
1648 1413 0
1414 1648 8
1648 1414 0
1415 1648 8
1648 1415 0
1416 1648 8
1648 1416 0
1417 1648 8
1648 1417 0
1418 1648 8
1648 1418 0
1419 1648 8
1648 1419 0
1420 1648 8
1648 1420 0
1421 1648 8
1648 1421 0
1422 1648 8
1648 1422 0
1423 1648 8
1648 1423 0
1424 1648 8
1648 1424 0
1425 1648 8
1648 1425 0
1426 1648 8
1648 1426 0
1427 1648 8
1648 1427 0
1428 1648 8
1648 1428 0
1429 1648 8
1648 1429 0
1430 1648 8
1648 1430 0
1431 1648 8
1648 1431 0
1432 1648 8
1648 1432 0
1433 1648 8
1648 1433 0
1434 1648 8
1648 1434 0
1435 1648 8
1648 1435 0
1436 1648 8
1648 1436 0
1437 1648 8
1648 1437 0
1438 1648 8
1648 1438 0
1439 1648 8
1648 1439 0
1440 1648 8
1648 1440 0
1441 1648 8
1648 1441 0
1442 1648 8
1648 1442 0
1443 1648 8
1648 1443 0
1444 1648 8
1648 1444 0
1445 1648 8
1648 1445 0
1446 1648 8
1648 1446 0
1447 1648 8
1648 1447 0
1448 1648 8
1648 1448 0
1449 1648 8
1648 1449 0
1450 1648 8
1648 1450 0
1451 1648 8
1648 1451 0
1452 1648 8
1648 1452 0
1453 1648 8
1648 1453 0
1454 1648 8
1648 1454 0
1455 1648 8
1648 1455 0
1456 1648 8
1648 1456 0
1457 1648 8
1648 1457 0
1458 1648 8
1648 1458 0
1459 1648 8
1648 1459 0
1460 1648 8
1648 1460 0
1461 1648 8
1648 1461 0
1462 1648 8
1648 1462 0
1463 1648 8
1648 1463 0
1464 1648 8
1648 1464 0
1465 1648 8
1648 1465 0
1466 1648 8
1648 1466 0
1467 1648 8
1648 1467 0
1468 1648 8
1648 1468 0
1469 1648 8
1648 1469 0
1470 1648 8
1648 1470 0
1471 1648 8
1648 1471 0
1472 1648 8
1648 1472 0
1473 1648 8
1648 1473 0
1474 1648 8
1648 1474 0
1475 1648 8
1648 1475 0
1476 1648 8
1648 1476 0
1477 1648 8
1648 1477 0
1478 1648 8
1648 1478 0
1479 1648 8
1648 1479 0
1480 1648 8
1648 1480 0
1481 1648 8
1648 1481 0
1482 1648 8
1648 1482 0
1483 1648 8
1648 1483 0
1484 1648 8
1648 1484 0
1485 1648 8
1648 1485 0
1486 1648 8
1648 1486 0
1487 1648 8
1648 1487 0
1488 1648 8
1648 1488 0
1489 1648 8
1648 1489 0
1490 1648 8
1648 1490 0
1491 1648 8
1648 1491 0
1492 1648 8
1648 1492 0
1493 1648 8
1648 1493 0
1494 1648 8
1648 1494 0
1495 1648 8
1648 1495 0
1496 1648 8
1648 1496 0
1497 1648 8
1648 1497 0
1498 1648 8
1648 1498 0
1499 1648 8
1648 1499 0
1500 1648 8
1648 1500 0
1501 1648 8
1648 1501 0
1502 1648 8
1648 1502 0
1503 1648 8
1648 1503 0
1504 1648 8
1648 1504 0
1505 1648 8
1648 1505 0
1506 1648 8
1648 1506 0
1507 1648 8
1648 1507 0
1508 1648 8
1648 1508 0
1509 1648 8
1648 1509 0
1510 1648 8
1648 1510 0
1511 1648 8
1648 1511 0
1512 1648 8
1648 1512 0
1513 1648 8
1648 1513 0
1514 1648 8
1648 1514 0
1515 1648 8
1648 1515 0
1516 1648 8
1648 1516 0
1517 1648 8
1648 1517 0
1518 1648 8
1648 1518 0
1519 1648 8
1648 1519 0
1520 1648 8
1648 1520 0
1521 1648 8
1648 1521 0
1522 1648 8
1648 1522 0
1523 1648 8
1648 1523 0
1524 1648 8
1648 1524 0
1525 1648 8
1648 1525 0
1526 1648 8
1648 1526 0
1527 1648 8
1648 1527 0
1528 1648 8
1648 1528 0
1529 1648 8
1648 1529 0
1530 1648 8
1648 1530 0
1531 1648 8
1648 1531 0
1532 1648 8
1648 1532 0
1533 1648 8
1648 1533 0
1534 1648 8
1648 1534 0
1535 1648 8
1648 1535 0
1536 1648 8
1648 1536 0
1537 1648 8
1648 1537 0
1538 1648 8
1648 1538 0
1539 1648 8
1648 1539 0
1540 1648 8
1648 1540 0
1541 1648 8
1648 1541 0
1542 1648 8
1648 1542 0
1543 1648 8
1648 1543 0
1544 1648 8
1648 1544 0
1545 1648 8
1648 1545 0
1546 1648 8
1648 1546 0
1547 1648 8
1648 1547 0
1548 1648 8
1648 1548 0
1549 1648 8
1648 1549 0
1550 1648 8
1648 1550 0
1551 1648 8
1648 1551 0
1552 1648 8
1648 1552 0
1553 1648 8
1648 1553 0
1554 1648 8
1648 1554 0
1555 1648 8
1648 1555 0
1556 1648 8
1648 1556 0
1557 1648 8
1648 1557 0
1558 1648 8
1648 1558 0
1559 1648 8
1648 1559 0
1560 1648 8
1648 1560 0
1561 1648 8
1648 1561 0
1562 1648 8
1648 1562 0
1563 1648 8
1648 1563 0
1564 1648 8
1648 1564 0
1565 1648 8
1648 1565 0
1566 1648 8
1648 1566 0
1567 1648 8
1648 1567 0
1568 1648 8
1648 1568 0
1569 1648 8
1648 1569 0
1570 1648 8
1648 1570 0
1571 1648 8
1648 1571 0
1572 1648 8
1648 1572 0
1573 1648 8
1648 1573 0
1574 1648 8
1648 1574 0
1575 1648 8
1648 1575 0
1576 1648 8
1648 1576 0
1577 1648 8
1648 1577 0
1578 1648 8
1648 1578 0
1579 1648 8
1648 1579 0
1580 1648 8
1648 1580 0
1581 1648 8
1648 1581 0
1582 1648 8
1648 1582 0
1583 1648 8
1648 1583 0
1584 1648 8
1648 1584 0
1585 1648 8
1648 1585 0
1586 1648 8
1648 1586 0
1587 1648 8
1648 1587 0
1588 1648 8
1648 1588 0
1589 1648 8
1648 1589 0
1590 1648 8
1648 1590 0
1591 1648 8
1648 1591 0
1592 1648 8
1648 1592 0
1593 1648 8
1648 1593 0
1594 1648 8
1648 1594 0
1595 1648 8
1648 1595 0
1596 1648 8
1648 1596 0
1597 1648 8
1648 1597 0
1598 1648 8
1648 1598 0
1599 1648 8
1648 1599 0
1600 1648 8
1648 1600 0
1601 1648 8
1648 1601 0
1602 1648 8
1648 1602 0
1603 1648 8
1648 1603 0
1604 1648 8
1648 1604 0
1605 1648 8
1648 1605 0
1606 1648 8
1648 1606 0
1607 1648 8
1648 1607 0
1608 1648 8
1648 1608 0
1609 1648 8
1648 1609 0
1610 1648 8
1648 1610 0
1611 1648 8
1648 1611 0
1612 1648 8
1648 1612 0
1613 1648 8
1648 1613 0
1614 1648 8
1648 1614 0
1615 1648 8
1648 1615 0
1616 1648 8
1648 1616 0
1617 1648 8
1648 1617 0
1618 1648 8
1648 1618 0
1619 1648 8
1648 1619 0
1620 1648 8
1648 1620 0
1621 1648 8
1648 1621 0
1622 1648 8
1648 1622 0
1623 1648 8
1648 1623 0
1624 1648 8
1648 1624 0
1625 1648 8
1648 1625 0
1626 1648 8
1648 1626 0
1627 1648 8
1648 1627 0
1628 1648 8
1648 1628 0
1629 1648 8
1648 1629 0
1630 1648 8
1648 1630 0
1631 1648 8
1648 1631 0
1632 1648 8
1648 1632 0
1633 1648 8
1648 1633 0
1634 1648 8
1648 1634 0
1635 1648 8
1648 1635 0
1636 1648 8
1648 1636 0
1637 1648 8
1648 1637 0
1638 1648 8
1648 1638 0
1639 1648 8
1648 1639 0
1640 1648 8
1648 1640 0
1641 1648 8
1648 1641 0
1642 1648 8
1648 1642 0
1643 1648 8
1648 1643 0
1644 1648 8
1648 1644 0
1645 1648 8
1648 1645 0
1646 1648 8
1648 1646 0
1647 1648 8
1648 1647 0
