1867 1866 83 3732
1 1867 1
1867 1 0
2 1867 1
1867 2 0
3 1867 1
1867 3 0
4 1867 1
1867 4 0
5 1867 1
1867 5 0
6 1867 1
1867 6 0
7 1867 1
1867 7 0
8 1867 1
1867 8 0
9 1867 1
1867 9 0
10 1867 1
1867 10 0
11 1867 1
1867 11 0
12 1867 1
1867 12 0
13 1867 1
1867 13 0
14 1867 1
1867 14 0
15 1867 1
1867 15 0
16 1867 1
1867 16 0
17 1867 1
1867 17 0
18 1867 1
1867 18 0
19 1867 1
1867 19 0
20 1867 1
1867 20 0
21 1867 1
1867 21 0
22 1867 1
1867 22 0
23 1867 1
1867 23 0
24 1867 1
1867 24 0
25 1867 1
1867 25 0
26 1867 1
1867 26 0
27 1867 1
1867 27 0
28 1867 1
1867 28 0
29 1867 1
1867 29 0
30 1867 1
1867 30 0
31 1867 1
1867 31 0
32 1867 1
1867 32 0
33 1867 1
1867 33 0
34 1867 1
1867 34 0
35 1867 1
1867 35 0
36 1867 1
1867 36 0
37 1867 1
1867 37 0
38 1867 1
1867 38 0
39 1867 1
1867 39 0
40 1867 1
1867 40 0
41 1867 1
1867 41 0
42 1867 1
1867 42 0
43 1867 1
1867 43 0
44 1867 1
1867 44 0
45 1867 1
1867 45 0
46 1867 1
1867 46 0
47 1867 1
1867 47 0
48 1867 1
1867 48 0
49 1867 1
1867 49 0
50 1867 1
1867 50 0
51 1867 1
1867 51 0
52 1867 1
1867 52 0
53 1867 1
1867 53 0
54 1867 1
1867 54 0
55 1867 1
1867 55 0
56 1867 1
1867 56 0
57 1867 1
1867 57 0
58 1867 1
1867 58 0
59 1867 1
1867 59 0
60 1867 1
1867 60 0
61 1867 1
1867 61 0
62 1867 1
1867 62 0
63 1867 1
1867 63 0
64 1867 1
1867 64 0
65 1867 1
1867 65 0
66 1867 1
1867 66 0
67 1867 1
1867 67 0
68 1867 1
1867 68 0
69 1867 1
1867 69 0
70 1867 1
1867 70 0
71 1867 1
1867 71 0
72 1867 1
1867 72 0
73 1867 1
1867 73 0
74 1867 1
1867 74 0
75 1867 1
1867 75 0
76 1867 1
1867 76 0
77 1867 1
1867 77 0
78 1867 1
1867 78 0
79 1867 1
1867 79 0
80 1867 1
1867 80 0
81 1867 1
1867 81 0
82 1867 1
1867 82 0
83 1867 1
1867 83 0
84 1867 1
1867 84 0
85 1867 1
1867 85 0
86 1867 1
1867 86 0
87 1867 1
1867 87 0
88 1867 1
1867 88 0
89 1867 1
1867 89 0
90 1867 1
1867 90 0
91 1867 1
1867 91 0
92 1867 1
1867 92 0
93 1867 1
1867 93 0
94 1867 1
1867 94 0
95 1867 1
1867 95 0
96 1867 1
1867 96 0
97 1867 1
1867 97 0
98 1867 1
1867 98 0
99 1867 1
1867 99 0
100 1867 1
1867 100 0
101 1867 1
1867 101 0
102 1867 1
1867 102 0
103 1867 1
1867 103 0
104 1867 1
1867 104 0
105 1867 1
1867 105 0
106 1867 1
1867 106 0
107 1867 1
1867 107 0
108 1867 1
1867 108 0
109 1867 1
1867 109 0
110 1867 1
1867 110 0
111 1867 1
1867 111 0
112 1867 1
1867 112 0
113 1867 1
1867 113 0
114 1867 1
1867 114 0
115 1867 1
1867 115 0
116 1867 1
1867 116 0
117 1867 1
1867 117 0
118 1867 1
1867 118 0
119 1867 1
1867 119 0
120 1867 1
1867 120 0
121 1867 1
1867 121 0
122 1867 1
1867 122 0
123 1867 1
1867 123 0
124 1867 1
1867 124 0
125 1867 1
1867 125 0
126 1867 1
1867 126 0
127 1867 1
1867 127 0
128 1867 1
1867 128 0
129 1867 1
1867 129 0
130 1867 1
1867 130 0
131 1867 1
1867 131 0
132 1867 1
1867 132 0
133 1867 1
1867 133 0
134 1867 1
1867 134 0
135 1867 1
1867 135 0
136 1867 1
1867 136 0
137 1867 1
1867 137 0
138 1867 1
1867 138 0
139 1867 1
1867 139 0
140 1867 1
1867 140 0
141 1867 1
1867 141 0
142 1867 1
1867 142 0
143 1867 1
1867 143 0
144 1867 1
1867 144 0
145 1867 1
1867 145 0
146 1867 1
1867 146 0
147 1867 1
1867 147 0
148 1867 1
1867 148 0
149 1867 1
1867 149 0
150 1867 1
1867 150 0
151 1867 1
1867 151 0
152 1867 1
1867 152 0
153 1867 1
1867 153 0
154 1867 1
1867 154 0
155 1867 1
1867 155 0
156 1867 1
1867 156 0
157 1867 1
1867 157 0
158 1867 1
1867 158 0
159 1867 1
1867 159 0
160 1867 1
1867 160 0
161 1867 1
1867 161 0
162 1867 1
1867 162 0
163 1867 1
1867 163 0
164 1867 1
1867 164 0
165 1867 1
1867 165 0
166 1867 1
1867 166 0
167 1867 1
1867 167 0
168 1867 1
1867 168 0
169 1867 1
1867 169 0
170 1867 1
1867 170 0
171 1867 1
1867 171 0
172 1867 1
1867 172 0
173 1867 1
1867 173 0
174 1867 1
1867 174 0
175 1867 1
1867 175 0
176 1867 1
1867 176 0
177 1867 1
1867 177 0
178 1867 1
1867 178 0
179 1867 1
1867 179 0
180 1867 1
1867 180 0
181 1867 1
1867 181 0
182 1867 1
1867 182 0
183 1867 1
1867 183 0
184 1867 1
1867 184 0
185 1867 1
1867 185 0
186 1867 1
1867 186 0
187 1867 1
1867 187 0
188 1867 1
1867 188 0
189 1867 1
1867 189 0
190 1867 1
1867 190 0
191 1867 1
1867 191 0
192 1867 1
1867 192 0
193 1867 1
1867 193 0
194 1867 1
1867 194 0
195 1867 1
1867 195 0
196 1867 1
1867 196 0
197 1867 1
1867 197 0
198 1867 1
1867 198 0
199 1867 1
1867 199 0
200 1867 1
1867 200 0
201 1867 1
1867 201 0
202 1867 1
1867 202 0
203 1867 1
1867 203 0
204 1867 1
1867 204 0
205 1867 1
1867 205 0
206 1867 1
1867 206 0
207 1867 1
1867 207 0
208 1867 1
1867 208 0
209 1867 1
1867 209 0
210 1867 1
1867 210 0
211 1867 1
1867 211 0
212 1867 1
1867 212 0
213 1867 1
1867 213 0
214 1867 1
1867 214 0
215 1867 1
1867 215 0
216 1867 1
1867 216 0
217 1867 1
1867 217 0
218 1867 1
1867 218 0
219 1867 1
1867 219 0
220 1867 1
1867 220 0
221 1867 1
1867 221 0
222 1867 1
1867 222 0
223 1867 1
1867 223 0
224 1867 1
1867 224 0
225 1867 1
1867 225 0
226 1867 1
1867 226 0
227 1867 1
1867 227 0
228 1867 1
1867 228 0
229 1867 1
1867 229 0
230 1867 1
1867 230 0
231 1867 1
1867 231 0
232 1867 1
1867 232 0
233 1867 1
1867 233 0
234 1867 1
1867 234 0
235 1867 1
1867 235 0
236 1867 1
1867 236 0
237 1867 1
1867 237 0
238 1867 1
1867 238 0
239 1867 1
1867 239 0
240 1867 1
1867 240 0
241 1867 1
1867 241 0
242 1867 1
1867 242 0
243 1867 1
1867 243 0
244 1867 1
1867 244 0
245 1867 1
1867 245 0
246 1867 1
1867 246 0
247 1867 1
1867 247 0
248 1867 1
1867 248 0
249 1867 1
1867 249 0
250 1867 1
1867 250 0
251 1867 1
1867 251 0
252 1867 1
1867 252 0
253 1867 1
1867 253 0
254 1867 1
1867 254 0
255 1867 1
1867 255 0
256 1867 1
1867 256 0
257 1867 1
1867 257 0
258 1867 1
1867 258 0
259 1867 1
1867 259 0
260 1867 1
1867 260 0
261 1867 1
1867 261 0
262 1867 1
1867 262 0
263 1867 1
1867 263 0
264 1867 1
1867 264 0
265 1867 1
1867 265 0
266 1867 1
1867 266 0
267 1867 1
1867 267 0
268 1867 1
1867 268 0
269 1867 1
1867 269 0
270 1867 1
1867 270 0
271 1867 1
1867 271 0
272 1867 1
1867 272 0
273 1867 1
1867 273 0
274 1867 1
1867 274 0
275 1867 1
1867 275 0
276 1867 1
1867 276 0
277 1867 1
1867 277 0
278 1867 1
1867 278 0
279 1867 1
1867 279 0
280 1867 1
1867 280 0
281 1867 1
1867 281 0
282 1867 1
1867 282 0
283 1867 1
1867 283 0
284 1867 1
1867 284 0
285 1867 1
1867 285 0
286 1867 1
1867 286 0
287 1867 1
1867 287 0
288 1867 1
1867 288 0
289 1867 1
1867 289 0
290 1867 1
1867 290 0
291 1867 1
1867 291 0
292 1867 1
1867 292 0
293 1867 1
1867 293 0
294 1867 1
1867 294 0
295 1867 1
1867 295 0
296 1867 1
1867 296 0
297 1867 1
1867 297 0
298 1867 1
1867 298 0
299 1867 1
1867 299 0
300 1867 1
1867 300 0
301 1867 1
1867 301 0
302 1867 1
1867 302 0
303 1867 1
1867 303 0
304 1867 1
1867 304 0
305 1867 1
1867 305 0
306 1867 1
1867 306 0
307 1867 1
1867 307 0
308 1867 1
1867 308 0
309 1867 1
1867 309 0
310 1867 1
1867 310 0
311 1867 1
1867 311 0
312 1867 1
1867 312 0
313 1867 1
1867 313 0
314 1867 1
1867 314 0
315 1867 1
1867 315 0
316 1867 1
1867 316 0
317 1867 1
1867 317 0
318 1867 1
1867 318 0
319 1867 1
1867 319 0
320 1867 1
1867 320 0
321 1867 1
1867 321 0
322 1867 1
1867 322 0
323 1867 1
1867 323 0
324 1867 1
1867 324 0
325 1867 1
1867 325 0
326 1867 1
1867 326 0
327 1867 1
1867 327 0
328 1867 1
1867 328 0
329 1867 1
1867 329 0
330 1867 1
1867 330 0
331 1867 1
1867 331 0
332 1867 1
1867 332 0
333 1867 1
1867 333 0
334 1867 1
1867 334 0
335 1867 1
1867 335 0
336 1867 1
1867 336 0
337 1867 1
1867 337 0
338 1867 1
1867 338 0
339 1867 1
1867 339 0
340 1867 1
1867 340 0
341 1867 1
1867 341 0
342 1867 1
1867 342 0
343 1867 1
1867 343 0
344 1867 1
1867 344 0
345 1867 1
1867 345 0
346 1867 1
1867 346 0
347 1867 1
1867 347 0
348 1867 1
1867 348 0
349 1867 1
1867 349 0
350 1867 1
1867 350 0
351 1867 1
1867 351 0
352 1867 1
1867 352 0
353 1867 1
1867 353 0
354 1867 1
1867 354 0
355 1867 1
1867 355 0
356 1867 1
1867 356 0
357 1867 1
1867 357 0
358 1867 1
1867 358 0
359 1867 1
1867 359 0
360 1867 1
1867 360 0
361 1867 1
1867 361 0
362 1867 1
1867 362 0
363 1867 1
1867 363 0
364 1867 1
1867 364 0
365 1867 1
1867 365 0
366 1867 1
1867 366 0
367 1867 1
1867 367 0
368 1867 1
1867 368 0
369 1867 1
1867 369 0
370 1867 1
1867 370 0
371 1867 1
1867 371 0
372 1867 1
1867 372 0
373 1867 1
1867 373 0
374 1867 1
1867 374 0
375 1867 1
1867 375 0
376 1867 1
1867 376 0
377 1867 1
1867 377 0
378 1867 1
1867 378 0
379 1867 1
1867 379 0
380 1867 1
1867 380 0
381 1867 1
1867 381 0
382 1867 1
1867 382 0
383 1867 1
1867 383 0
384 1867 1
1867 384 0
385 1867 1
1867 385 0
386 1867 1
1867 386 0
387 1867 1
1867 387 0
388 1867 1
1867 388 0
389 1867 1
1867 389 0
390 1867 1
1867 390 0
391 1867 1
1867 391 0
392 1867 1
1867 392 0
393 1867 1
1867 393 0
394 1867 1
1867 394 0
395 1867 1
1867 395 0
396 1867 1
1867 396 0
397 1867 1
1867 397 0
398 1867 1
1867 398 0
399 1867 1
1867 399 0
400 1867 1
1867 400 0
401 1867 1
1867 401 0
402 1867 1
1867 402 0
403 1867 1
1867 403 0
404 1867 1
1867 404 0
405 1867 1
1867 405 0
406 1867 1
1867 406 0
407 1867 1
1867 407 0
408 1867 1
1867 408 0
409 1867 1
1867 409 0
410 1867 1
1867 410 0
411 1867 1
1867 411 0
412 1867 1
1867 412 0
413 1867 1
1867 413 0
414 1867 1
1867 414 0
415 1867 1
1867 415 0
416 1867 1
1867 416 0
417 1867 1
1867 417 0
418 1867 1
1867 418 0
419 1867 1
1867 419 0
420 1867 1
1867 420 0
421 1867 1
1867 421 0
422 1867 1
1867 422 0
423 1867 1
1867 423 0
424 1867 1
1867 424 0
425 1867 1
1867 425 0
426 1867 1
1867 426 0
427 1867 1
1867 427 0
428 1867 1
1867 428 0
429 1867 1
1867 429 0
430 1867 1
1867 430 0
431 1867 1
1867 431 0
432 1867 1
1867 432 0
433 1867 1
1867 433 0
434 1867 1
1867 434 0
435 1867 1
1867 435 0
436 1867 1
1867 436 0
437 1867 1
1867 437 0
438 1867 1
1867 438 0
439 1867 1
1867 439 0
440 1867 1
1867 440 0
441 1867 1
1867 441 0
442 1867 1
1867 442 0
443 1867 1
1867 443 0
444 1867 1
1867 444 0
445 1867 1
1867 445 0
446 1867 1
1867 446 0
447 1867 1
1867 447 0
448 1867 1
1867 448 0
449 1867 1
1867 449 0
450 1867 1
1867 450 0
451 1867 1
1867 451 0
452 1867 1
1867 452 0
453 1867 1
1867 453 0
454 1867 1
1867 454 0
455 1867 1
1867 455 0
456 1867 1
1867 456 0
457 1867 1
1867 457 0
458 1867 1
1867 458 0
459 1867 1
1867 459 0
460 1867 1
1867 460 0
461 1867 1
1867 461 0
462 1867 1
1867 462 0
463 1867 1
1867 463 0
464 1867 1
1867 464 0
465 1867 1
1867 465 0
466 1867 1
1867 466 0
467 1867 1
1867 467 0
468 1867 1
1867 468 0
469 1867 1
1867 469 0
470 1867 1
1867 470 0
471 1867 1
1867 471 0
472 1867 1
1867 472 0
473 1867 1
1867 473 0
474 1867 1
1867 474 0
475 1867 1
1867 475 0
476 1867 1
1867 476 0
477 1867 1
1867 477 0
478 1867 1
1867 478 0
479 1867 1
1867 479 0
480 1867 1
1867 480 0
481 1867 1
1867 481 0
482 1867 1
1867 482 0
483 1867 1
1867 483 0
484 1867 1
1867 484 0
485 1867 1
1867 485 0
486 1867 1
1867 486 0
487 1867 1
1867 487 0
488 1867 1
1867 488 0
489 1867 1
1867 489 0
490 1867 1
1867 490 0
491 1867 1
1867 491 0
492 1867 1
1867 492 0
493 1867 1
1867 493 0
494 1867 1
1867 494 0
495 1867 1
1867 495 0
496 1867 1
1867 496 0
497 1867 1
1867 497 0
498 1867 1
1867 498 0
499 1867 1
1867 499 0
500 1867 1
1867 500 0
501 1867 1
1867 501 0
502 1867 1
1867 502 0
503 1867 1
1867 503 0
504 1867 1
1867 504 0
505 1867 1
1867 505 0
506 1867 1
1867 506 0
507 1867 1
1867 507 0
508 1867 1
1867 508 0
509 1867 1
1867 509 0
510 1867 1
1867 510 0
511 1867 1
1867 511 0
512 1867 1
1867 512 0
513 1867 1
1867 513 0
514 1867 1
1867 514 0
515 1867 1
1867 515 0
516 1867 1
1867 516 0
517 1867 1
1867 517 0
518 1867 1
1867 518 0
519 1867 1
1867 519 0
520 1867 1
1867 520 0
521 1867 1
1867 521 0
522 1867 1
1867 522 0
523 1867 1
1867 523 0
524 1867 1
1867 524 0
525 1867 1
1867 525 0
526 1867 1
1867 526 0
527 1867 1
1867 527 0
528 1867 1
1867 528 0
529 1867 1
1867 529 0
530 1867 1
1867 530 0
531 1867 1
1867 531 0
532 1867 1
1867 532 0
533 1867 1
1867 533 0
534 1867 1
1867 534 0
535 1867 1
1867 535 0
536 1867 1
1867 536 0
537 1867 1
1867 537 0
538 1867 1
1867 538 0
539 1867 1
1867 539 0
540 1867 1
1867 540 0
541 1867 1
1867 541 0
542 1867 1
1867 542 0
543 1867 1
1867 543 0
544 1867 1
1867 544 0
545 1867 1
1867 545 0
546 1867 1
1867 546 0
547 1867 1
1867 547 0
548 1867 1
1867 548 0
549 1867 1
1867 549 0
550 1867 1
1867 550 0
551 1867 1
1867 551 0
552 1867 1
1867 552 0
553 1867 1
1867 553 0
554 1867 1
1867 554 0
555 1867 1
1867 555 0
556 1867 1
1867 556 0
557 1867 1
1867 557 0
558 1867 1
1867 558 0
559 1867 1
1867 559 0
560 1867 1
1867 560 0
561 1867 1
1867 561 0
562 1867 1
1867 562 0
563 1867 1
1867 563 0
564 1867 1
1867 564 0
565 1867 1
1867 565 0
566 1867 1
1867 566 0
567 1867 1
1867 567 0
568 1867 1
1867 568 0
569 1867 1
1867 569 0
570 1867 1
1867 570 0
571 1867 1
1867 571 0
572 1867 1
1867 572 0
573 1867 1
1867 573 0
574 1867 1
1867 574 0
575 1867 1
1867 575 0
576 1867 1
1867 576 0
577 1867 1
1867 577 0
578 1867 1
1867 578 0
579 1867 1
1867 579 0
580 1867 1
1867 580 0
581 1867 1
1867 581 0
582 1867 1
1867 582 0
583 1867 1
1867 583 0
584 1867 1
1867 584 0
585 1867 1
1867 585 0
586 1867 1
1867 586 0
587 1867 1
1867 587 0
588 1867 1
1867 588 0
589 1867 1
1867 589 0
590 1867 1
1867 590 0
591 1867 1
1867 591 0
592 1867 1
1867 592 0
593 1867 1
1867 593 0
594 1867 1
1867 594 0
595 1867 1
1867 595 0
596 1867 1
1867 596 0
597 1867 1
1867 597 0
598 1867 1
1867 598 0
599 1867 1
1867 599 0
600 1867 1
1867 600 0
601 1867 1
1867 601 0
602 1867 1
1867 602 0
603 1867 1
1867 603 0
604 1867 1
1867 604 0
605 1867 1
1867 605 0
606 1867 1
1867 606 0
607 1867 1
1867 607 0
608 1867 1
1867 608 0
609 1867 1
1867 609 0
610 1867 1
1867 610 0
611 1867 1
1867 611 0
612 1867 1
1867 612 0
613 1867 1
1867 613 0
614 1867 1
1867 614 0
615 1867 1
1867 615 0
616 1867 1
1867 616 0
617 1867 1
1867 617 0
618 1867 1
1867 618 0
619 1867 1
1867 619 0
620 1867 1
1867 620 0
621 1867 1
1867 621 0
622 1867 1
1867 622 0
623 1867 1
1867 623 0
624 1867 1
1867 624 0
625 1867 1
1867 625 0
626 1867 1
1867 626 0
627 1867 1
1867 627 0
628 1867 1
1867 628 0
629 1867 1
1867 629 0
630 1867 1
1867 630 0
631 1867 1
1867 631 0
632 1867 1
1867 632 0
633 1867 1
1867 633 0
634 1867 1
1867 634 0
635 1867 1
1867 635 0
636 1867 1
1867 636 0
637 1867 1
1867 637 0
638 1867 1
1867 638 0
639 1867 1
1867 639 0
640 1867 1
1867 640 0
641 1867 1
1867 641 0
642 1867 1
1867 642 0
643 1867 1
1867 643 0
644 1867 1
1867 644 0
645 1867 1
1867 645 0
646 1867 1
1867 646 0
647 1867 1
1867 647 0
648 1867 1
1867 648 0
649 1867 1
1867 649 0
650 1867 1
1867 650 0
651 1867 1
1867 651 0
652 1867 1
1867 652 0
653 1867 1
1867 653 0
654 1867 1
1867 654 0
655 1867 1
1867 655 0
656 1867 1
1867 656 0
657 1867 1
1867 657 0
658 1867 1
1867 658 0
659 1867 1
1867 659 0
660 1867 1
1867 660 0
661 1867 1
1867 661 0
662 1867 1
1867 662 0
663 1867 1
1867 663 0
664 1867 1
1867 664 0
665 1867 1
1867 665 0
666 1867 1
1867 666 0
667 1867 1
1867 667 0
668 1867 1
1867 668 0
669 1867 1
1867 669 0
670 1867 1
1867 670 0
671 1867 1
1867 671 0
672 1867 1
1867 672 0
673 1867 1
1867 673 0
674 1867 1
1867 674 0
675 1867 1
1867 675 0
676 1867 1
1867 676 0
677 1867 1
1867 677 0
678 1867 1
1867 678 0
679 1867 1
1867 679 0
680 1867 1
1867 680 0
681 1867 1
1867 681 0
682 1867 1
1867 682 0
683 1867 1
1867 683 0
684 1867 1
1867 684 0
685 1867 1
1867 685 0
686 1867 1
1867 686 0
687 1867 1
1867 687 0
688 1867 1
1867 688 0
689 1867 1
1867 689 0
690 1867 1
1867 690 0
691 1867 1
1867 691 0
692 1867 1
1867 692 0
693 1867 1
1867 693 0
694 1867 1
1867 694 0
695 1867 1
1867 695 0
696 1867 1
1867 696 0
697 1867 1
1867 697 0
698 1867 1
1867 698 0
699 1867 1
1867 699 0
700 1867 1
1867 700 0
701 1867 1
1867 701 0
702 1867 1
1867 702 0
703 1867 1
1867 703 0
704 1867 1
1867 704 0
705 1867 1
1867 705 0
706 1867 1
1867 706 0
707 1867 1
1867 707 0
708 1867 1
1867 708 0
709 1867 1
1867 709 0
710 1867 1
1867 710 0
711 1867 1
1867 711 0
712 1867 1
1867 712 0
713 1867 1
1867 713 0
714 1867 1
1867 714 0
715 1867 1
1867 715 0
716 1867 1
1867 716 0
717 1867 1
1867 717 0
718 1867 1
1867 718 0
719 1867 1
1867 719 0
720 1867 1
1867 720 0
721 1867 1
1867 721 0
722 1867 1
1867 722 0
723 1867 1
1867 723 0
724 1867 1
1867 724 0
725 1867 1
1867 725 0
726 1867 1
1867 726 0
727 1867 1
1867 727 0
728 1867 1
1867 728 0
729 1867 1
1867 729 0
730 1867 1
1867 730 0
731 1867 1
1867 731 0
732 1867 1
1867 732 0
733 1867 1
1867 733 0
734 1867 1
1867 734 0
735 1867 1
1867 735 0
736 1867 1
1867 736 0
737 1867 1
1867 737 0
738 1867 1
1867 738 0
739 1867 1
1867 739 0
740 1867 1
1867 740 0
741 1867 1
1867 741 0
742 1867 1
1867 742 0
743 1867 1
1867 743 0
744 1867 1
1867 744 0
745 1867 1
1867 745 0
746 1867 1
1867 746 0
747 1867 1
1867 747 0
748 1867 1
1867 748 0
749 1867 1
1867 749 0
750 1867 1
1867 750 0
751 1867 1
1867 751 0
752 1867 1
1867 752 0
753 1867 1
1867 753 0
754 1867 1
1867 754 0
755 1867 1
1867 755 0
756 1867 1
1867 756 0
757 1867 1
1867 757 0
758 1867 1
1867 758 0
759 1867 1
1867 759 0
760 1867 1
1867 760 0
761 1867 1
1867 761 0
762 1867 1
1867 762 0
763 1867 1
1867 763 0
764 1867 1
1867 764 0
765 1867 1
1867 765 0
766 1867 1
1867 766 0
767 1867 1
1867 767 0
768 1867 1
1867 768 0
769 1867 1
1867 769 0
770 1867 1
1867 770 0
771 1867 1
1867 771 0
772 1867 1
1867 772 0
773 1867 1
1867 773 0
774 1867 1
1867 774 0
775 1867 1
1867 775 0
776 1867 1
1867 776 0
777 1867 1
1867 777 0
778 1867 1
1867 778 0
779 1867 1
1867 779 0
780 1867 1
1867 780 0
781 1867 1
1867 781 0
782 1867 1
1867 782 0
783 1867 1
1867 783 0
784 1867 1
1867 784 0
785 1867 1
1867 785 0
786 1867 1
1867 786 0
787 1867 1
1867 787 0
788 1867 1
1867 788 0
789 1867 1
1867 789 0
790 1867 1
1867 790 0
791 1867 1
1867 791 0
792 1867 1
1867 792 0
793 1867 1
1867 793 0
794 1867 1
1867 794 0
795 1867 1
1867 795 0
796 1867 1
1867 796 0
797 1867 1
1867 797 0
798 1867 1
1867 798 0
799 1867 1
1867 799 0
800 1867 1
1867 800 0
801 1867 1
1867 801 0
802 1867 1
1867 802 0
803 1867 1
1867 803 0
804 1867 1
1867 804 0
805 1867 1
1867 805 0
806 1867 1
1867 806 0
807 1867 1
1867 807 0
808 1867 1
1867 808 0
809 1867 1
1867 809 0
810 1867 1
1867 810 0
811 1867 1
1867 811 0
812 1867 1
1867 812 0
813 1867 1
1867 813 0
814 1867 1
1867 814 0
815 1867 1
1867 815 0
816 1867 1
1867 816 0
817 1867 1
1867 817 0
818 1867 1
1867 818 0
819 1867 1
1867 819 0
820 1867 1
1867 820 0
821 1867 1
1867 821 0
822 1867 1
1867 822 0
823 1867 1
1867 823 0
824 1867 1
1867 824 0
825 1867 1
1867 825 0
826 1867 1
1867 826 0
827 1867 1
1867 827 0
828 1867 1
1867 828 0
829 1867 1
1867 829 0
830 1867 1
1867 830 0
831 1867 1
1867 831 0
832 1867 1
1867 832 0
833 1867 1
1867 833 0
834 1867 1
1867 834 0
835 1867 1
1867 835 0
836 1867 1
1867 836 0
837 1867 1
1867 837 0
838 1867 1
1867 838 0
839 1867 1
1867 839 0
840 1867 1
1867 840 0
841 1867 1
1867 841 0
842 1867 1
1867 842 0
843 1867 1
1867 843 0
844 1867 1
1867 844 0
845 1867 1
1867 845 0
846 1867 1
1867 846 0
847 1867 1
1867 847 0
848 1867 1
1867 848 0
849 1867 1
1867 849 0
850 1867 1
1867 850 0
851 1867 1
1867 851 0
852 1867 1
1867 852 0
853 1867 1
1867 853 0
854 1867 1
1867 854 0
855 1867 1
1867 855 0
856 1867 1
1867 856 0
857 1867 1
1867 857 0
858 1867 1
1867 858 0
859 1867 1
1867 859 0
860 1867 1
1867 860 0
861 1867 1
1867 861 0
862 1867 1
1867 862 0
863 1867 1
1867 863 0
864 1867 1
1867 864 0
865 1867 1
1867 865 0
866 1867 1
1867 866 0
867 1867 1
1867 867 0
868 1867 1
1867 868 0
869 1867 1
1867 869 0
870 1867 1
1867 870 0
871 1867 1
1867 871 0
872 1867 1
1867 872 0
873 1867 1
1867 873 0
874 1867 1
1867 874 0
875 1867 1
1867 875 0
876 1867 1
1867 876 0
877 1867 1
1867 877 0
878 1867 1
1867 878 0
879 1867 1
1867 879 0
880 1867 1
1867 880 0
881 1867 1
1867 881 0
882 1867 1
1867 882 0
883 1867 1
1867 883 0
884 1867 1
1867 884 0
885 1867 1
1867 885 0
886 1867 1
1867 886 0
887 1867 1
1867 887 0
888 1867 1
1867 888 0
889 1867 1
1867 889 0
890 1867 1
1867 890 0
891 1867 1
1867 891 0
892 1867 1
1867 892 0
893 1867 1
1867 893 0
894 1867 1
1867 894 0
895 1867 1
1867 895 0
896 1867 1
1867 896 0
897 1867 1
1867 897 0
898 1867 1
1867 898 0
899 1867 1
1867 899 0
900 1867 1
1867 900 0
901 1867 1
1867 901 0
902 1867 1
1867 902 0
903 1867 1
1867 903 0
904 1867 1
1867 904 0
905 1867 1
1867 905 0
906 1867 1
1867 906 0
907 1867 1
1867 907 0
908 1867 1
1867 908 0
909 1867 1
1867 909 0
910 1867 1
1867 910 0
911 1867 1
1867 911 0
912 1867 1
1867 912 0
913 1867 1
1867 913 0
914 1867 1
1867 914 0
915 1867 1
1867 915 0
916 1867 1
1867 916 0
917 1867 1
1867 917 0
918 1867 1
1867 918 0
919 1867 1
1867 919 0
920 1867 1
1867 920 0
921 1867 1
1867 921 0
922 1867 1
1867 922 0
923 1867 1
1867 923 0
924 1867 1
1867 924 0
925 1867 1
1867 925 0
926 1867 1
1867 926 0
927 1867 1
1867 927 0
928 1867 1
1867 928 0
929 1867 1
1867 929 0
930 1867 1
1867 930 0
931 1867 1
1867 931 0
932 1867 1
1867 932 0
933 1867 1
1867 933 0
934 1867 1
1867 934 0
935 1867 1
1867 935 0
936 1867 1
1867 936 0
937 1867 1
1867 937 0
938 1867 1
1867 938 0
939 1867 1
1867 939 0
940 1867 1
1867 940 0
941 1867 1
1867 941 0
942 1867 1
1867 942 0
943 1867 1
1867 943 0
944 1867 1
1867 944 0
945 1867 1
1867 945 0
946 1867 1
1867 946 0
947 1867 1
1867 947 0
948 1867 1
1867 948 0
949 1867 1
1867 949 0
950 1867 1
1867 950 0
951 1867 1
1867 951 0
952 1867 1
1867 952 0
953 1867 1
1867 953 0
954 1867 1
1867 954 0
955 1867 1
1867 955 0
956 1867 1
1867 956 0
957 1867 1
1867 957 0
958 1867 1
1867 958 0
959 1867 1
1867 959 0
960 1867 1
1867 960 0
961 1867 1
1867 961 0
962 1867 1
1867 962 0
963 1867 1
1867 963 0
964 1867 1
1867 964 0
965 1867 1
1867 965 0
966 1867 1
1867 966 0
967 1867 1
1867 967 0
968 1867 1
1867 968 0
969 1867 1
1867 969 0
970 1867 1
1867 970 0
971 1867 1
1867 971 0
972 1867 1
1867 972 0
973 1867 1
1867 973 0
974 1867 1
1867 974 0
975 1867 1
1867 975 0
976 1867 1
1867 976 0
977 1867 1
1867 977 0
978 1867 1
1867 978 0
979 1867 1
1867 979 0
980 1867 1
1867 980 0
981 1867 1
1867 981 0
982 1867 1
1867 982 0
983 1867 1
1867 983 0
984 1867 1
1867 984 0
985 1867 1
1867 985 0
986 1867 1
1867 986 0
987 1867 1
1867 987 0
988 1867 1
1867 988 0
989 1867 1
1867 989 0
990 1867 1
1867 990 0
991 1867 1
1867 991 0
992 1867 1
1867 992 0
993 1867 1
1867 993 0
994 1867 1
1867 994 0
995 1867 1
1867 995 0
996 1867 1
1867 996 0
997 1867 1
1867 997 0
998 1867 1
1867 998 0
999 1867 1
1867 999 0
1000 1867 1
1867 1000 0
1001 1867 1
1867 1001 0
1002 1867 1
1867 1002 0
1003 1867 1
1867 1003 0
1004 1867 1
1867 1004 0
1005 1867 1
1867 1005 0
1006 1867 1
1867 1006 0
1007 1867 1
1867 1007 0
1008 1867 1
1867 1008 0
1009 1867 1
1867 1009 0
1010 1867 1
1867 1010 0
1011 1867 1
1867 1011 0
1012 1867 1
1867 1012 0
1013 1867 1
1867 1013 0
1014 1867 1
1867 1014 0
1015 1867 1
1867 1015 0
1016 1867 1
1867 1016 0
1017 1867 1
1867 1017 0
1018 1867 1
1867 1018 0
1019 1867 1
1867 1019 0
1020 1867 1
1867 1020 0
1021 1867 1
1867 1021 0
1022 1867 1
1867 1022 0
1023 1867 1
1867 1023 0
1024 1867 1
1867 1024 0
1025 1867 1
1867 1025 0
1026 1867 1
1867 1026 0
1027 1867 1
1867 1027 0
1028 1867 1
1867 1028 0
1029 1867 1
1867 1029 0
1030 1867 1
1867 1030 0
1031 1867 1
1867 1031 0
1032 1867 1
1867 1032 0
1033 1867 1
1867 1033 0
1034 1867 1
1867 1034 0
1035 1867 1
1867 1035 0
1036 1867 1
1867 1036 0
1037 1867 1
1867 1037 0
1038 1867 1
1867 1038 0
1039 1867 1
1867 1039 0
1040 1867 1
1867 1040 0
1041 1867 1
1867 1041 0
1042 1867 1
1867 1042 0
1043 1867 1
1867 1043 0
1044 1867 1
1867 1044 0
1045 1867 16
1867 1045 0
1046 1867 16
1867 1046 0
1047 1867 16
1867 1047 0
1048 1867 16
1867 1048 0
1049 1867 16
1867 1049 0
1050 1867 16
1867 1050 0
1051 1867 16
1867 1051 0
1052 1867 16
1867 1052 0
1053 1867 16
1867 1053 0
1054 1867 16
1867 1054 0
1055 1867 16
1867 1055 0
1056 1867 16
1867 1056 0
1057 1867 16
1867 1057 0
1058 1867 16
1867 1058 0
1059 1867 16
1867 1059 0
1060 1867 16
1867 1060 0
1061 1867 16
1867 1061 0
1062 1867 16
1867 1062 0
1063 1867 16
1867 1063 0
1064 1867 16
1867 1064 0
1065 1867 16
1867 1065 0
1066 1867 16
1867 1066 0
1067 1867 16
1867 1067 0
1068 1867 16
1867 1068 0
1069 1867 16
1867 1069 0
1070 1867 16
1867 1070 0
1071 1867 16
1867 1071 0
1072 1867 16
1867 1072 0
1073 1867 16
1867 1073 0
1074 1867 16
1867 1074 0
1075 1867 16
1867 1075 0
1076 1867 16
1867 1076 0
1077 1867 16
1867 1077 0
1078 1867 16
1867 1078 0
1079 1867 16
1867 1079 0
1080 1867 16
1867 1080 0
1081 1867 16
1867 1081 0
1082 1867 16
1867 1082 0
1083 1867 16
1867 1083 0
1084 1867 16
1867 1084 0
1085 1867 16
1867 1085 0
1086 1867 16
1867 1086 0
1087 1867 16
1867 1087 0
1088 1867 16
1867 1088 0
1089 1867 16
1867 1089 0
1090 1867 16
1867 1090 0
1091 1867 16
1867 1091 0
1092 1867 16
1867 1092 0
1093 1867 16
1867 1093 0
1094 1867 16
1867 1094 0
1095 1867 16
1867 1095 0
1096 1867 16
1867 1096 0
1097 1867 16
1867 1097 0
1098 1867 16
1867 1098 0
1099 1867 16
1867 1099 0
1100 1867 16
1867 1100 0
1101 1867 16
1867 1101 0
1102 1867 16
1867 1102 0
1103 1867 16
1867 1103 0
1104 1867 16
1867 1104 0
1105 1867 16
1867 1105 0
1106 1867 16
1867 1106 0
1107 1867 16
1867 1107 0
1108 1867 16
1867 1108 0
1109 1867 16
1867 1109 0
1110 1867 16
1867 1110 0
1111 1867 16
1867 1111 0
1112 1867 16
1867 1112 0
1113 1867 16
1867 1113 0
1114 1867 16
1867 1114 0
1115 1867 16
1867 1115 0
1116 1867 16
1867 1116 0
1117 1867 16
1867 1117 0
1118 1867 16
1867 1118 0
1119 1867 16
1867 1119 0
1120 1867 16
1867 1120 0
1121 1867 16
1867 1121 0
1122 1867 16
1867 1122 0
1123 1867 16
1867 1123 0
1124 1867 16
1867 1124 0
1125 1867 16
1867 1125 0
1126 1867 16
1867 1126 0
1127 1867 16
1867 1127 0
1128 1867 16
1867 1128 0
1129 1867 16
1867 1129 0
1130 1867 16
1867 1130 0
1131 1867 16
1867 1131 0
1132 1867 16
1867 1132 0
1133 1867 16
1867 1133 0
1134 1867 16
1867 1134 0
1135 1867 16
1867 1135 0
1136 1867 16
1867 1136 0
1137 1867 16
1867 1137 0
1138 1867 16
1867 1138 0
1139 1867 16
1867 1139 0
1140 1867 16
1867 1140 0
1141 1867 16
1867 1141 0
1142 1867 16
1867 1142 0
1143 1867 16
1867 1143 0
1144 1867 16
1867 1144 0
1145 1867 16
1867 1145 0
1146 1867 16
1867 1146 0
1147 1867 16
1867 1147 0
1148 1867 16
1867 1148 0
1149 1867 16
1867 1149 0
1150 1867 16
1867 1150 0
1151 1867 16
1867 1151 0
1152 1867 16
1867 1152 0
1153 1867 16
1867 1153 0
1154 1867 16
1867 1154 0
1155 1867 16
1867 1155 0
1156 1867 16
1867 1156 0
1157 1867 16
1867 1157 0
1158 1867 16
1867 1158 0
1159 1867 16
1867 1159 0
1160 1867 16
1867 1160 0
1161 1867 16
1867 1161 0
1162 1867 16
1867 1162 0
1163 1867 16
1867 1163 0
1164 1867 16
1867 1164 0
1165 1867 16
1867 1165 0
1166 1867 16
1867 1166 0
1167 1867 16
1867 1167 0
1168 1867 16
1867 1168 0
1169 1867 16
1867 1169 0
1170 1867 16
1867 1170 0
1171 1867 16
1867 1171 0
1172 1867 16
1867 1172 0
1173 1867 16
1867 1173 0
1174 1867 16
1867 1174 0
1175 1867 16
1867 1175 0
1176 1867 16
1867 1176 0
1177 1867 16
1867 1177 0
1178 1867 16
1867 1178 0
1179 1867 16
1867 1179 0
1180 1867 16
1867 1180 0
1181 1867 16
1867 1181 0
1182 1867 16
1867 1182 0
1183 1867 16
1867 1183 0
1184 1867 16
1867 1184 0
1185 1867 16
1867 1185 0
1186 1867 16
1867 1186 0
1187 1867 16
1867 1187 0
1188 1867 16
1867 1188 0
1189 1867 16
1867 1189 0
1190 1867 16
1867 1190 0
1191 1867 16
1867 1191 0
1192 1867 16
1867 1192 0
1193 1867 16
1867 1193 0
1194 1867 16
1867 1194 0
1195 1867 16
1867 1195 0
1196 1867 16
1867 1196 0
1197 1867 16
1867 1197 0
1198 1867 16
1867 1198 0
1199 1867 16
1867 1199 0
1200 1867 16
1867 1200 0
1201 1867 16
1867 1201 0
1202 1867 16
1867 1202 0
1203 1867 16
1867 1203 0
1204 1867 16
1867 1204 0
1205 1867 16
1867 1205 0
1206 1867 16
1867 1206 0
1207 1867 16
1867 1207 0
1208 1867 16
1867 1208 0
1209 1867 16
1867 1209 0
1210 1867 16
1867 1210 0
1211 1867 16
1867 1211 0
1212 1867 16
1867 1212 0
1213 1867 16
1867 1213 0
1214 1867 16
1867 1214 0
1215 1867 16
1867 1215 0
1216 1867 16
1867 1216 0
1217 1867 16
1867 1217 0
1218 1867 16
1867 1218 0
1219 1867 16
1867 1219 0
1220 1867 16
1867 1220 0
1221 1867 16
1867 1221 0
1222 1867 16
1867 1222 0
1223 1867 16
1867 1223 0
1224 1867 16
1867 1224 0
1225 1867 16
1867 1225 0
1226 1867 16
1867 1226 0
1227 1867 16
1867 1227 0
1228 1867 16
1867 1228 0
1229 1867 16
1867 1229 0
1230 1867 16
1867 1230 0
1231 1867 16
1867 1231 0
1232 1867 16
1867 1232 0
1233 1867 16
1867 1233 0
1234 1867 16
1867 1234 0
1235 1867 16
1867 1235 0
1236 1867 16
1867 1236 0
1237 1867 16
1867 1237 0
1238 1867 16
1867 1238 0
1239 1867 16
1867 1239 0
1240 1867 16
1867 1240 0
1241 1867 16
1867 1241 0
1242 1867 16
1867 1242 0
1243 1867 16
1867 1243 0
1244 1867 16
1867 1244 0
1245 1867 16
1867 1245 0
1246 1867 16
1867 1246 0
1247 1867 16
1867 1247 0
1248 1867 16
1867 1248 0
1249 1867 16
1867 1249 0
1250 1867 16
1867 1250 0
1251 1867 16
1867 1251 0
1252 1867 16
1867 1252 0
1253 1867 16
1867 1253 0
1254 1867 16
1867 1254 0
1255 1867 16
1867 1255 0
1256 1867 16
1867 1256 0
1257 1867 16
1867 1257 0
1258 1867 16
1867 1258 0
1259 1867 16
1867 1259 0
1260 1867 16
1867 1260 0
1261 1867 16
1867 1261 0
1262 1867 16
1867 1262 0
1263 1867 16
1867 1263 0
1264 1867 16
1867 1264 0
1265 1867 16
1867 1265 0
1266 1867 16
1867 1266 0
1267 1867 16
1867 1267 0
1268 1867 16
1867 1268 0
1269 1867 16
1867 1269 0
1270 1867 16
1867 1270 0
1271 1867 16
1867 1271 0
1272 1867 16
1867 1272 0
1273 1867 16
1867 1273 0
1274 1867 16
1867 1274 0
1275 1867 16
1867 1275 0
1276 1867 16
1867 1276 0
1277 1867 16
1867 1277 0
1278 1867 16
1867 1278 0
1279 1867 16
1867 1279 0
1280 1867 16
1867 1280 0
1281 1867 16
1867 1281 0
1282 1867 16
1867 1282 0
1283 1867 16
1867 1283 0
1284 1867 16
1867 1284 0
1285 1867 16
1867 1285 0
1286 1867 16
1867 1286 0
1287 1867 16
1867 1287 0
1288 1867 16
1867 1288 0
1289 1867 16
1867 1289 0
1290 1867 16
1867 1290 0
1291 1867 16
1867 1291 0
1292 1867 16
1867 1292 0
1293 1867 16
1867 1293 0
1294 1867 16
1867 1294 0
1295 1867 16
1867 1295 0
1296 1867 16
1867 1296 0
1297 1867 16
1867 1297 0
1298 1867 16
1867 1298 0
1299 1867 16
1867 1299 0
1300 1867 16
1867 1300 0
1301 1867 16
1867 1301 0
1302 1867 16
1867 1302 0
1303 1867 16
1867 1303 0
1304 1867 16
1867 1304 0
1305 1867 16
1867 1305 0
1306 1867 16
1867 1306 0
1307 1867 16
1867 1307 0
1308 1867 16
1867 1308 0
1309 1867 16
1867 1309 0
1310 1867 16
1867 1310 0
1311 1867 16
1867 1311 0
1312 1867 16
1867 1312 0
1313 1867 16
1867 1313 0
1314 1867 16
1867 1314 0
1315 1867 16
1867 1315 0
1316 1867 16
1867 1316 0
1317 1867 16
1867 1317 0
1318 1867 16
1867 1318 0
1319 1867 16
1867 1319 0
1320 1867 16
1867 1320 0
1321 1867 16
1867 1321 0
1322 1867 16
1867 1322 0
1323 1867 16
1867 1323 0
1324 1867 16
1867 1324 0
1325 1867 16
1867 1325 0
1326 1867 16
1867 1326 0
1327 1867 16
1867 1327 0
1328 1867 16
1867 1328 0
1329 1867 16
1867 1329 0
1330 1867 16
1867 1330 0
1331 1867 16
1867 1331 0
1332 1867 16
1867 1332 0
1333 1867 16
1867 1333 0
1334 1867 16
1867 1334 0
1335 1867 16
1867 1335 0
1336 1867 16
1867 1336 0
1337 1867 16
1867 1337 0
1338 1867 16
1867 1338 0
1339 1867 16
1867 1339 0
1340 1867 16
1867 1340 0
1341 1867 16
1867 1341 0
1342 1867 16
1867 1342 0
1343 1867 16
1867 1343 0
1344 1867 16
1867 1344 0
1345 1867 16
1867 1345 0
1346 1867 16
1867 1346 0
1347 1867 16
1867 1347 0
1348 1867 16
1867 1348 0
1349 1867 16
1867 1349 0
1350 1867 16
1867 1350 0
1351 1867 16
1867 1351 0
1352 1867 16
1867 1352 0
1353 1867 16
1867 1353 0
1354 1867 16
1867 1354 0
1355 1867 16
1867 1355 0
1356 1867 16
1867 1356 0
1357 1867 16
1867 1357 0
1358 1867 16
1867 1358 0
1359 1867 16
1867 1359 0
1360 1867 16
1867 1360 0
1361 1867 16
1867 1361 0
1362 1867 16
1867 1362 0
1363 1867 16
1867 1363 0
1364 1867 16
1867 1364 0
1365 1867 16
1867 1365 0
1366 1867 16
1867 1366 0
1367 1867 16
1867 1367 0
1368 1867 16
1867 1368 0
1369 1867 16
1867 1369 0
1370 1867 16
1867 1370 0
1371 1867 16
1867 1371 0
1372 1867 16
1867 1372 0
1373 1867 16
1867 1373 0
1374 1867 16
1867 1374 0
1375 1867 16
1867 1375 0
1376 1867 16
1867 1376 0
1377 1867 16
1867 1377 0
1378 1867 16
1867 1378 0
1379 1867 16
1867 1379 0
1380 1867 16
1867 1380 0
1381 1867 16
1867 1381 0
1382 1867 16
1867 1382 0
1383 1867 16
1867 1383 0
1384 1867 16
1867 1384 0
1385 1867 16
1867 1385 0
1386 1867 16
1867 1386 0
1387 1867 16
1867 1387 0
1388 1867 16
1867 1388 0
1389 1867 16
1867 1389 0
1390 1867 16
1867 1390 0
1391 1867 16
1867 1391 0
1392 1867 16
1867 1392 0
1393 1867 16
1867 1393 0
1394 1867 16
1867 1394 0
1395 1867 16
1867 1395 0
1396 1867 16
1867 1396 0
1397 1867 16
1867 1397 0
1398 1867 16
1867 1398 0
1399 1867 16
1867 1399 0
1400 1867 16
1867 1400 0
1401 1867 16
1867 1401 0
1402 1867 16
1867 1402 0
1403 1867 16
1867 1403 0
1404 1867 16
1867 1404 0
1405 1867 16
1867 1405 0
1406 1867 16
1867 1406 0
1407 1867 16
1867 1407 0
1408 1867 16
1867 1408 0
1409 1867 16
1867 1409 0
1410 1867 16
1867 1410 0
1411 1867 16
1867 1411 0
1412 1867 16
1867 1412 0
1413 1867 16
1867 1413 0
1414 1867 16
1867 1414 0
1415 1867 16
1867 1415 0
1416 1867 16
1867 1416 0
1417 1867 16
1867 1417 0
1418 1867 16
1867 1418 0
1419 1867 16
1867 1419 0
1420 1867 16
1867 1420 0
1421 1867 16
1867 1421 0
1422 1867 16
1867 1422 0
1423 1867 16
1867 1423 0
1424 1867 16
1867 1424 0
1425 1867 16
1867 1425 0
1426 1867 16
1867 1426 0
1427 1867 16
1867 1427 0
1428 1867 16
1867 1428 0
1429 1867 16
1867 1429 0
1430 1867 16
1867 1430 0
1431 1867 16
1867 1431 0
1432 1867 16
1867 1432 0
1433 1867 16
1867 1433 0
1434 1867 16
1867 1434 0
1435 1867 16
1867 1435 0
1436 1867 16
1867 1436 0
1437 1867 16
1867 1437 0
1438 1867 16
1867 1438 0
1439 1867 16
1867 1439 0
1440 1867 16
1867 1440 0
1441 1867 16
1867 1441 0
1442 1867 16
1867 1442 0
1443 1867 16
1867 1443 0
1444 1867 16
1867 1444 0
1445 1867 16
1867 1445 0
1446 1867 16
1867 1446 0
1447 1867 16
1867 1447 0
1448 1867 16
1867 1448 0
1449 1867 16
1867 1449 0
1450 1867 16
1867 1450 0
1451 1867 16
1867 1451 0
1452 1867 16
1867 1452 0
1453 1867 16
1867 1453 0
1454 1867 16
1867 1454 0
1455 1867 16
1867 1455 0
1456 1867 16
1867 1456 0
1457 1867 16
1867 1457 0
1458 1867 16
1867 1458 0
1459 1867 16
1867 1459 0
1460 1867 16
1867 1460 0
1461 1867 16
1867 1461 0
1462 1867 16
1867 1462 0
1463 1867 16
1867 1463 0
1464 1867 16
1867 1464 0
1465 1867 16
1867 1465 0
1466 1867 16
1867 1466 0
1467 1867 16
1867 1467 0
1468 1867 16
1867 1468 0
1469 1867 16
1867 1469 0
1470 1867 16
1867 1470 0
1471 1867 16
1867 1471 0
1472 1867 16
1867 1472 0
1473 1867 16
1867 1473 0
1474 1867 16
1867 1474 0
1475 1867 16
1867 1475 0
1476 1867 16
1867 1476 0
1477 1867 16
1867 1477 0
1478 1867 16
1867 1478 0
1479 1867 16
1867 1479 0
1480 1867 16
1867 1480 0
1481 1867 16
1867 1481 0
1482 1867 16
1867 1482 0
1483 1867 16
1867 1483 0
1484 1867 16
1867 1484 0
1485 1867 16
1867 1485 0
1486 1867 16
1867 1486 0
1487 1867 16
1867 1487 0
1488 1867 16
1867 1488 0
1489 1867 16
1867 1489 0
1490 1867 16
1867 1490 0
1491 1867 16
1867 1491 0
1492 1867 16
1867 1492 0
1493 1867 16
1867 1493 0
1494 1867 16
1867 1494 0
1495 1867 16
1867 1495 0
1496 1867 16
1867 1496 0
1497 1867 16
1867 1497 0
1498 1867 16
1867 1498 0
1499 1867 16
1867 1499 0
1500 1867 16
1867 1500 0
1501 1867 16
1867 1501 0
1502 1867 16
1867 1502 0
1503 1867 16
1867 1503 0
1504 1867 16
1867 1504 0
1505 1867 16
1867 1505 0
1506 1867 16
1867 1506 0
1507 1867 16
1867 1507 0
1508 1867 16
1867 1508 0
1509 1867 16
1867 1509 0
1510 1867 16
1867 1510 0
1511 1867 16
1867 1511 0
1512 1867 16
1867 1512 0
1513 1867 16
1867 1513 0
1514 1867 16
1867 1514 0
1515 1867 16
1867 1515 0
1516 1867 16
1867 1516 0
1517 1867 16
1867 1517 0
1518 1867 16
1867 1518 0
1519 1867 16
1867 1519 0
1520 1867 16
1867 1520 0
1521 1867 16
1867 1521 0
1522 1867 16
1867 1522 0
1523 1867 16
1867 1523 0
1524 1867 16
1867 1524 0
1525 1867 16
1867 1525 0
1526 1867 16
1867 1526 0
1527 1867 16
1867 1527 0
1528 1867 16
1867 1528 0
1529 1867 16
1867 1529 0
1530 1867 16
1867 1530 0
1531 1867 16
1867 1531 0
1532 1867 16
1867 1532 0
1533 1867 16
1867 1533 0
1534 1867 16
1867 1534 0
1535 1867 16
1867 1535 0
1536 1867 16
1867 1536 0
1537 1867 16
1867 1537 0
1538 1867 16
1867 1538 0
1539 1867 16
1867 1539 0
1540 1867 16
1867 1540 0
1541 1867 16
1867 1541 0
1542 1867 16
1867 1542 0
1543 1867 16
1867 1543 0
1544 1867 16
1867 1544 0
1545 1867 16
1867 1545 0
1546 1867 16
1867 1546 0
1547 1867 16
1867 1547 0
1548 1867 16
1867 1548 0
1549 1867 16
1867 1549 0
1550 1867 16
1867 1550 0
1551 1867 16
1867 1551 0
1552 1867 16
1867 1552 0
1553 1867 16
1867 1553 0
1554 1867 16
1867 1554 0
1555 1867 16
1867 1555 0
1556 1867 16
1867 1556 0
1557 1867 16
1867 1557 0
1558 1867 16
1867 1558 0
1559 1867 16
1867 1559 0
1560 1867 16
1867 1560 0
1561 1867 16
1867 1561 0
1562 1867 16
1867 1562 0
1563 1867 16
1867 1563 0
1564 1867 16
1867 1564 0
1565 1867 16
1867 1565 0
1566 1867 16
1867 1566 0
1567 1867 16
1867 1567 0
1568 1867 16
1867 1568 0
1569 1867 16
1867 1569 0
1570 1867 16
1867 1570 0
1571 1867 16
1867 1571 0
1572 1867 16
1867 1572 0
1573 1867 16
1867 1573 0
1574 1867 16
1867 1574 0
1575 1867 16
1867 1575 0
1576 1867 16
1867 1576 0
1577 1867 16
1867 1577 0
1578 1867 16
1867 1578 0
1579 1867 16
1867 1579 0
1580 1867 16
1867 1580 0
1581 1867 16
1867 1581 0
1582 1867 16
1867 1582 0
1583 1867 16
1867 1583 0
1584 1867 16
1867 1584 0
1585 1867 16
1867 1585 0
1586 1867 16
1867 1586 0
1587 1867 16
1867 1587 0
1588 1867 16
1867 1588 0
1589 1867 16
1867 1589 0
1590 1867 16
1867 1590 0
1591 1867 16
1867 1591 0
1592 1867 16
1867 1592 0
1593 1867 16
1867 1593 0
1594 1867 16
1867 1594 0
1595 1867 16
1867 1595 0
1596 1867 16
1867 1596 0
1597 1867 16
1867 1597 0
1598 1867 16
1867 1598 0
1599 1867 16
1867 1599 0
1600 1867 16
1867 1600 0
1601 1867 16
1867 1601 0
1602 1867 16
1867 1602 0
1603 1867 16
1867 1603 0
1604 1867 16
1867 1604 0
1605 1867 16
1867 1605 0
1606 1867 16
1867 1606 0
1607 1867 16
1867 1607 0
1608 1867 16
1867 1608 0
1609 1867 16
1867 1609 0
1610 1867 16
1867 1610 0
1611 1867 16
1867 1611 0
1612 1867 16
1867 1612 0
1613 1867 16
1867 1613 0
1614 1867 16
1867 1614 0
1615 1867 16
1867 1615 0
1616 1867 16
1867 1616 0
1617 1867 16
1867 1617 0
1618 1867 16
1867 1618 0
1619 1867 16
1867 1619 0
1620 1867 16
1867 1620 0
1621 1867 16
1867 1621 0
1622 1867 16
1867 1622 0
1623 1867 16
1867 1623 0
1624 1867 16
1867 1624 0
1625 1867 16
1867 1625 0
1626 1867 16
1867 1626 0
1627 1867 16
1867 1627 0
1628 1867 16
1867 1628 0
1629 1867 16
1867 1629 0
1630 1867 16
1867 1630 0
1631 1867 16
1867 1631 0
1632 1867 16
1867 1632 0
1633 1867 16
1867 1633 0
1634 1867 16
1867 1634 0
1635 1867 16
1867 1635 0
1636 1867 16
1867 1636 0
1637 1867 16
1867 1637 0
1638 1867 16
1867 1638 0
1639 1867 16
1867 1639 0
1640 1867 16
1867 1640 0
1641 1867 16
1867 1641 0
1642 1867 16
1867 1642 0
1643 1867 16
1867 1643 0
1644 1867 16
1867 1644 0
1645 1867 16
1867 1645 0
1646 1867 16
1867 1646 0
1647 1867 16
1867 1647 0
1648 1867 16
1867 1648 0
1649 1867 16
1867 1649 0
1650 1867 16
1867 1650 0
1651 1867 16
1867 1651 0
1652 1867 16
1867 1652 0
1653 1867 16
1867 1653 0
1654 1867 16
1867 1654 0
1655 1867 16
1867 1655 0
1656 1867 16
1867 1656 0
1657 1867 16
1867 1657 0
1658 1867 16
1867 1658 0
1659 1867 16
1867 1659 0
1660 1867 16
1867 1660 0
1661 1867 16
1867 1661 0
1662 1867 16
1867 1662 0
1663 1867 16
1867 1663 0
1664 1867 16
1867 1664 0
1665 1867 16
1867 1665 0
1666 1867 16
1867 1666 0
1667 1867 16
1867 1667 0
1668 1867 16
1867 1668 0
1669 1867 16
1867 1669 0
1670 1867 16
1867 1670 0
1671 1867 16
1867 1671 0
1672 1867 16
1867 1672 0
1673 1867 16
1867 1673 0
1674 1867 16
1867 1674 0
1675 1867 16
1867 1675 0
1676 1867 16
1867 1676 0
1677 1867 16
1867 1677 0
1678 1867 16
1867 1678 0
1679 1867 16
1867 1679 0
1680 1867 16
1867 1680 0
1681 1867 16
1867 1681 0
1682 1867 16
1867 1682 0
1683 1867 16
1867 1683 0
1684 1867 16
1867 1684 0
1685 1867 16
1867 1685 0
1686 1867 16
1867 1686 0
1687 1867 16
1867 1687 0
1688 1867 16
1867 1688 0
1689 1867 16
1867 1689 0
1690 1867 16
1867 1690 0
1691 1867 16
1867 1691 0
1692 1867 16
1867 1692 0
1693 1867 16
1867 1693 0
1694 1867 16
1867 1694 0
1695 1867 16
1867 1695 0
1696 1867 16
1867 1696 0
1697 1867 16
1867 1697 0
1698 1867 16
1867 1698 0
1699 1867 16
1867 1699 0
1700 1867 16
1867 1700 0
1701 1867 16
1867 1701 0
1702 1867 16
1867 1702 0
1703 1867 16
1867 1703 0
1704 1867 16
1867 1704 0
1705 1867 16
1867 1705 0
1706 1867 16
1867 1706 0
1707 1867 16
1867 1707 0
1708 1867 16
1867 1708 0
1709 1867 16
1867 1709 0
1710 1867 16
1867 1710 0
1711 1867 16
1867 1711 0
1712 1867 16
1867 1712 0
1713 1867 16
1867 1713 0
1714 1867 16
1867 1714 0
1715 1867 16
1867 1715 0
1716 1867 16
1867 1716 0
1717 1867 16
1867 1717 0
1718 1867 16
1867 1718 0
1719 1867 16
1867 1719 0
1720 1867 16
1867 1720 0
1721 1867 16
1867 1721 0
1722 1867 16
1867 1722 0
1723 1867 16
1867 1723 0
1724 1867 16
1867 1724 0
1725 1867 16
1867 1725 0
1726 1867 16
1867 1726 0
1727 1867 16
1867 1727 0
1728 1867 16
1867 1728 0
1729 1867 16
1867 1729 0
1730 1867 16
1867 1730 0
1731 1867 16
1867 1731 0
1732 1867 16
1867 1732 0
1733 1867 16
1867 1733 0
1734 1867 16
1867 1734 0
1735 1867 16
1867 1735 0
1736 1867 16
1867 1736 0
1737 1867 16
1867 1737 0
1738 1867 16
1867 1738 0
1739 1867 16
1867 1739 0
1740 1867 16
1867 1740 0
1741 1867 16
1867 1741 0
1742 1867 16
1867 1742 0
1743 1867 16
1867 1743 0
1744 1867 16
1867 1744 0
1745 1867 16
1867 1745 0
1746 1867 16
1867 1746 0
1747 1867 16
1867 1747 0
1748 1867 16
1867 1748 0
1749 1867 16
1867 1749 0
1750 1867 16
1867 1750 0
1751 1867 16
1867 1751 0
1752 1867 16
1867 1752 0
1753 1867 16
1867 1753 0
1754 1867 16
1867 1754 0
1755 1867 16
1867 1755 0
1756 1867 16
1867 1756 0
1757 1867 16
1867 1757 0
1758 1867 16
1867 1758 0
1759 1867 16
1867 1759 0
1760 1867 16
1867 1760 0
1761 1867 16
1867 1761 0
1762 1867 16
1867 1762 0
1763 1867 16
1867 1763 0
1764 1867 16
1867 1764 0
1765 1867 16
1867 1765 0
1766 1867 16
1867 1766 0
1767 1867 16
1867 1767 0
1768 1867 16
1867 1768 0
1769 1867 16
1867 1769 0
1770 1867 16
1867 1770 0
1771 1867 16
1867 1771 0
1772 1867 16
1867 1772 0
1773 1867 16
1867 1773 0
1774 1867 16
1867 1774 0
1775 1867 16
1867 1775 0
1776 1867 16
1867 1776 0
1777 1867 16
1867 1777 0
1778 1867 16
1867 1778 0
1779 1867 16
1867 1779 0
1780 1867 16
1867 1780 0
1781 1867 16
1867 1781 0
1782 1867 16
1867 1782 0
1783 1867 16
1867 1783 0
1784 1867 16
1867 1784 0
1785 1867 16
1867 1785 0
1786 1867 16
1867 1786 0
1787 1867 16
1867 1787 0
1788 1867 16
1867 1788 0
1789 1867 16
1867 1789 0
1790 1867 16
1867 1790 0
1791 1867 16
1867 1791 0
1792 1867 16
1867 1792 0
1793 1867 16
1867 1793 0
1794 1867 16
1867 1794 0
1795 1867 16
1867 1795 0
1796 1867 16
1867 1796 0
1797 1867 16
1867 1797 0
1798 1867 16
1867 1798 0
1799 1867 16
1867 1799 0
1800 1867 16
1867 1800 0
1801 1867 16
1867 1801 0
1802 1867 16
1867 1802 0
1803 1867 16
1867 1803 0
1804 1867 16
1867 1804 0
1805 1867 16
1867 1805 0
1806 1867 16
1867 1806 0
1807 1867 16
1867 1807 0
1808 1867 16
1867 1808 0
1809 1867 16
1867 1809 0
1810 1867 16
1867 1810 0
1811 1867 16
1867 1811 0
1812 1867 16
1867 1812 0
1813 1867 16
1867 1813 0
1814 1867 16
1867 1814 0
1815 1867 16
1867 1815 0
1816 1867 16
1867 1816 0
1817 1867 16
1867 1817 0
1818 1867 16
1867 1818 0
1819 1867 16
1867 1819 0
1820 1867 16
1867 1820 0
1821 1867 16
1867 1821 0
1822 1867 16
1867 1822 0
1823 1867 16
1867 1823 0
1824 1867 16
1867 1824 0
1825 1867 16
1867 1825 0
1826 1867 16
1867 1826 0
1827 1867 16
1867 1827 0
1828 1867 16
1867 1828 0
1829 1867 16
1867 1829 0
1830 1867 16
1867 1830 0
1831 1867 16
1867 1831 0
1832 1867 16
1867 1832 0
1833 1867 16
1867 1833 0
1834 1867 16
1867 1834 0
1835 1867 16
1867 1835 0
1836 1867 16
1867 1836 0
1837 1867 16
1867 1837 0
1838 1867 16
1867 1838 0
1839 1867 16
1867 1839 0
1840 1867 16
1867 1840 0
1841 1867 16
1867 1841 0
1842 1867 16
1867 1842 0
1843 1867 16
1867 1843 0
1844 1867 16
1867 1844 0
1845 1867 16
1867 1845 0
1846 1867 16
1867 1846 0
1847 1867 16
1867 1847 0
1848 1867 16
1867 1848 0
1849 1867 16
1867 1849 0
1850 1867 16
1867 1850 0
1851 1867 16
1867 1851 0
1852 1867 16
1867 1852 0
1853 1867 16
1867 1853 0
1854 1867 16
1867 1854 0
1855 1867 16
1867 1855 0
1856 1867 16
1867 1856 0
1857 1867 16
1867 1857 0
1858 1867 16
1867 1858 0
1859 1867 16
1867 1859 0
1860 1867 16
1867 1860 0
1861 1867 16
1867 1861 0
1862 1867 16
1867 1862 0
1863 1867 16
1867 1863 0
1864 1867 16
1867 1864 0
1865 1867 16
1867 1865 0
1866 1867 16
1867 1866 0
