3447 3446 174 6892
1 3447 1
3447 1 0
2 3447 1
3447 2 0
3 3447 1
3447 3 0
4 3447 1
3447 4 0
5 3447 1
3447 5 0
6 3447 1
3447 6 0
7 3447 1
3447 7 0
8 3447 1
3447 8 0
9 3447 1
3447 9 0
10 3447 1
3447 10 0
11 3447 1
3447 11 0
12 3447 1
3447 12 0
13 3447 1
3447 13 0
14 3447 1
3447 14 0
15 3447 1
3447 15 0
16 3447 1
3447 16 0
17 3447 1
3447 17 0
18 3447 1
3447 18 0
19 3447 1
3447 19 0
20 3447 1
3447 20 0
21 3447 1
3447 21 0
22 3447 1
3447 22 0
23 3447 1
3447 23 0
24 3447 1
3447 24 0
25 3447 1
3447 25 0
26 3447 1
3447 26 0
27 3447 1
3447 27 0
28 3447 1
3447 28 0
29 3447 1
3447 29 0
30 3447 1
3447 30 0
31 3447 1
3447 31 0
32 3447 1
3447 32 0
33 3447 1
3447 33 0
34 3447 1
3447 34 0
35 3447 1
3447 35 0
36 3447 1
3447 36 0
37 3447 1
3447 37 0
38 3447 1
3447 38 0
39 3447 1
3447 39 0
40 3447 1
3447 40 0
41 3447 1
3447 41 0
42 3447 1
3447 42 0
43 3447 1
3447 43 0
44 3447 1
3447 44 0
45 3447 1
3447 45 0
46 3447 1
3447 46 0
47 3447 1
3447 47 0
48 3447 1
3447 48 0
49 3447 1
3447 49 0
50 3447 1
3447 50 0
51 3447 1
3447 51 0
52 3447 1
3447 52 0
53 3447 1
3447 53 0
54 3447 1
3447 54 0
55 3447 1
3447 55 0
56 3447 1
3447 56 0
57 3447 1
3447 57 0
58 3447 1
3447 58 0
59 3447 1
3447 59 0
60 3447 1
3447 60 0
61 3447 1
3447 61 0
62 3447 1
3447 62 0
63 3447 1
3447 63 0
64 3447 1
3447 64 0
65 3447 1
3447 65 0
66 3447 1
3447 66 0
67 3447 1
3447 67 0
68 3447 1
3447 68 0
69 3447 1
3447 69 0
70 3447 1
3447 70 0
71 3447 1
3447 71 0
72 3447 1
3447 72 0
73 3447 1
3447 73 0
74 3447 1
3447 74 0
75 3447 1
3447 75 0
76 3447 1
3447 76 0
77 3447 1
3447 77 0
78 3447 1
3447 78 0
79 3447 1
3447 79 0
80 3447 1
3447 80 0
81 3447 1
3447 81 0
82 3447 1
3447 82 0
83 3447 1
3447 83 0
84 3447 1
3447 84 0
85 3447 1
3447 85 0
86 3447 1
3447 86 0
87 3447 1
3447 87 0
88 3447 1
3447 88 0
89 3447 1
3447 89 0
90 3447 1
3447 90 0
91 3447 1
3447 91 0
92 3447 1
3447 92 0
93 3447 1
3447 93 0
94 3447 1
3447 94 0
95 3447 1
3447 95 0
96 3447 1
3447 96 0
97 3447 1
3447 97 0
98 3447 1
3447 98 0
99 3447 1
3447 99 0
100 3447 1
3447 100 0
101 3447 1
3447 101 0
102 3447 1
3447 102 0
103 3447 1
3447 103 0
104 3447 1
3447 104 0
105 3447 1
3447 105 0
106 3447 1
3447 106 0
107 3447 1
3447 107 0
108 3447 1
3447 108 0
109 3447 1
3447 109 0
110 3447 1
3447 110 0
111 3447 1
3447 111 0
112 3447 1
3447 112 0
113 3447 1
3447 113 0
114 3447 1
3447 114 0
115 3447 1
3447 115 0
116 3447 1
3447 116 0
117 3447 1
3447 117 0
118 3447 1
3447 118 0
119 3447 1
3447 119 0
120 3447 1
3447 120 0
121 3447 1
3447 121 0
122 3447 1
3447 122 0
123 3447 1
3447 123 0
124 3447 1
3447 124 0
125 3447 1
3447 125 0
126 3447 1
3447 126 0
127 3447 1
3447 127 0
128 3447 1
3447 128 0
129 3447 1
3447 129 0
130 3447 1
3447 130 0
131 3447 1
3447 131 0
132 3447 1
3447 132 0
133 3447 1
3447 133 0
134 3447 1
3447 134 0
135 3447 1
3447 135 0
136 3447 1
3447 136 0
137 3447 1
3447 137 0
138 3447 1
3447 138 0
139 3447 1
3447 139 0
140 3447 1
3447 140 0
141 3447 1
3447 141 0
142 3447 1
3447 142 0
143 3447 1
3447 143 0
144 3447 1
3447 144 0
145 3447 1
3447 145 0
146 3447 1
3447 146 0
147 3447 1
3447 147 0
148 3447 1
3447 148 0
149 3447 1
3447 149 0
150 3447 1
3447 150 0
151 3447 1
3447 151 0
152 3447 1
3447 152 0
153 3447 1
3447 153 0
154 3447 1
3447 154 0
155 3447 1
3447 155 0
156 3447 1
3447 156 0
157 3447 1
3447 157 0
158 3447 1
3447 158 0
159 3447 1
3447 159 0
160 3447 1
3447 160 0
161 3447 1
3447 161 0
162 3447 1
3447 162 0
163 3447 1
3447 163 0
164 3447 1
3447 164 0
165 3447 1
3447 165 0
166 3447 1
3447 166 0
167 3447 1
3447 167 0
168 3447 1
3447 168 0
169 3447 1
3447 169 0
170 3447 1
3447 170 0
171 3447 1
3447 171 0
172 3447 1
3447 172 0
173 3447 1
3447 173 0
174 3447 1
3447 174 0
175 3447 1
3447 175 0
176 3447 1
3447 176 0
177 3447 1
3447 177 0
178 3447 1
3447 178 0
179 3447 1
3447 179 0
180 3447 1
3447 180 0
181 3447 1
3447 181 0
182 3447 1
3447 182 0
183 3447 1
3447 183 0
184 3447 1
3447 184 0
185 3447 1
3447 185 0
186 3447 1
3447 186 0
187 3447 1
3447 187 0
188 3447 1
3447 188 0
189 3447 1
3447 189 0
190 3447 1
3447 190 0
191 3447 1
3447 191 0
192 3447 1
3447 192 0
193 3447 1
3447 193 0
194 3447 1
3447 194 0
195 3447 1
3447 195 0
196 3447 1
3447 196 0
197 3447 1
3447 197 0
198 3447 1
3447 198 0
199 3447 1
3447 199 0
200 3447 1
3447 200 0
201 3447 1
3447 201 0
202 3447 1
3447 202 0
203 3447 1
3447 203 0
204 3447 1
3447 204 0
205 3447 1
3447 205 0
206 3447 1
3447 206 0
207 3447 1
3447 207 0
208 3447 1
3447 208 0
209 3447 1
3447 209 0
210 3447 1
3447 210 0
211 3447 1
3447 211 0
212 3447 1
3447 212 0
213 3447 1
3447 213 0
214 3447 1
3447 214 0
215 3447 1
3447 215 0
216 3447 1
3447 216 0
217 3447 1
3447 217 0
218 3447 1
3447 218 0
219 3447 1
3447 219 0
220 3447 1
3447 220 0
221 3447 1
3447 221 0
222 3447 1
3447 222 0
223 3447 1
3447 223 0
224 3447 1
3447 224 0
225 3447 1
3447 225 0
226 3447 1
3447 226 0
227 3447 1
3447 227 0
228 3447 1
3447 228 0
229 3447 1
3447 229 0
230 3447 1
3447 230 0
231 3447 1
3447 231 0
232 3447 1
3447 232 0
233 3447 1
3447 233 0
234 3447 1
3447 234 0
235 3447 1
3447 235 0
236 3447 1
3447 236 0
237 3447 1
3447 237 0
238 3447 1
3447 238 0
239 3447 1
3447 239 0
240 3447 1
3447 240 0
241 3447 1
3447 241 0
242 3447 1
3447 242 0
243 3447 1
3447 243 0
244 3447 1
3447 244 0
245 3447 1
3447 245 0
246 3447 1
3447 246 0
247 3447 1
3447 247 0
248 3447 1
3447 248 0
249 3447 1
3447 249 0
250 3447 1
3447 250 0
251 3447 1
3447 251 0
252 3447 1
3447 252 0
253 3447 1
3447 253 0
254 3447 1
3447 254 0
255 3447 1
3447 255 0
256 3447 1
3447 256 0
257 3447 1
3447 257 0
258 3447 1
3447 258 0
259 3447 1
3447 259 0
260 3447 1
3447 260 0
261 3447 1
3447 261 0
262 3447 1
3447 262 0
263 3447 1
3447 263 0
264 3447 1
3447 264 0
265 3447 1
3447 265 0
266 3447 1
3447 266 0
267 3447 1
3447 267 0
268 3447 1
3447 268 0
269 3447 1
3447 269 0
270 3447 1
3447 270 0
271 3447 1
3447 271 0
272 3447 1
3447 272 0
273 3447 1
3447 273 0
274 3447 1
3447 274 0
275 3447 1
3447 275 0
276 3447 1
3447 276 0
277 3447 1
3447 277 0
278 3447 1
3447 278 0
279 3447 1
3447 279 0
280 3447 1
3447 280 0
281 3447 1
3447 281 0
282 3447 1
3447 282 0
283 3447 1
3447 283 0
284 3447 1
3447 284 0
285 3447 1
3447 285 0
286 3447 1
3447 286 0
287 3447 1
3447 287 0
288 3447 1
3447 288 0
289 3447 1
3447 289 0
290 3447 1
3447 290 0
291 3447 1
3447 291 0
292 3447 1
3447 292 0
293 3447 1
3447 293 0
294 3447 1
3447 294 0
295 3447 1
3447 295 0
296 3447 1
3447 296 0
297 3447 1
3447 297 0
298 3447 1
3447 298 0
299 3447 1
3447 299 0
300 3447 1
3447 300 0
301 3447 1
3447 301 0
302 3447 1
3447 302 0
303 3447 1
3447 303 0
304 3447 1
3447 304 0
305 3447 1
3447 305 0
306 3447 1
3447 306 0
307 3447 1
3447 307 0
308 3447 1
3447 308 0
309 3447 1
3447 309 0
310 3447 1
3447 310 0
311 3447 1
3447 311 0
312 3447 1
3447 312 0
313 3447 1
3447 313 0
314 3447 1
3447 314 0
315 3447 1
3447 315 0
316 3447 1
3447 316 0
317 3447 1
3447 317 0
318 3447 1
3447 318 0
319 3447 1
3447 319 0
320 3447 1
3447 320 0
321 3447 1
3447 321 0
322 3447 1
3447 322 0
323 3447 1
3447 323 0
324 3447 1
3447 324 0
325 3447 1
3447 325 0
326 3447 1
3447 326 0
327 3447 1
3447 327 0
328 3447 1
3447 328 0
329 3447 1
3447 329 0
330 3447 1
3447 330 0
331 3447 1
3447 331 0
332 3447 1
3447 332 0
333 3447 1
3447 333 0
334 3447 1
3447 334 0
335 3447 1
3447 335 0
336 3447 1
3447 336 0
337 3447 1
3447 337 0
338 3447 1
3447 338 0
339 3447 1
3447 339 0
340 3447 1
3447 340 0
341 3447 1
3447 341 0
342 3447 1
3447 342 0
343 3447 1
3447 343 0
344 3447 1
3447 344 0
345 3447 1
3447 345 0
346 3447 1
3447 346 0
347 3447 1
3447 347 0
348 3447 1
3447 348 0
349 3447 1
3447 349 0
350 3447 1
3447 350 0
351 3447 1
3447 351 0
352 3447 1
3447 352 0
353 3447 1
3447 353 0
354 3447 1
3447 354 0
355 3447 1
3447 355 0
356 3447 1
3447 356 0
357 3447 1
3447 357 0
358 3447 1
3447 358 0
359 3447 1
3447 359 0
360 3447 1
3447 360 0
361 3447 1
3447 361 0
362 3447 1
3447 362 0
363 3447 1
3447 363 0
364 3447 1
3447 364 0
365 3447 1
3447 365 0
366 3447 1
3447 366 0
367 3447 1
3447 367 0
368 3447 1
3447 368 0
369 3447 1
3447 369 0
370 3447 1
3447 370 0
371 3447 1
3447 371 0
372 3447 1
3447 372 0
373 3447 1
3447 373 0
374 3447 1
3447 374 0
375 3447 1
3447 375 0
376 3447 1
3447 376 0
377 3447 1
3447 377 0
378 3447 1
3447 378 0
379 3447 1
3447 379 0
380 3447 1
3447 380 0
381 3447 1
3447 381 0
382 3447 1
3447 382 0
383 3447 1
3447 383 0
384 3447 1
3447 384 0
385 3447 1
3447 385 0
386 3447 1
3447 386 0
387 3447 1
3447 387 0
388 3447 1
3447 388 0
389 3447 1
3447 389 0
390 3447 1
3447 390 0
391 3447 1
3447 391 0
392 3447 1
3447 392 0
393 3447 1
3447 393 0
394 3447 1
3447 394 0
395 3447 1
3447 395 0
396 3447 1
3447 396 0
397 3447 1
3447 397 0
398 3447 1
3447 398 0
399 3447 1
3447 399 0
400 3447 1
3447 400 0
401 3447 1
3447 401 0
402 3447 1
3447 402 0
403 3447 1
3447 403 0
404 3447 1
3447 404 0
405 3447 1
3447 405 0
406 3447 1
3447 406 0
407 3447 1
3447 407 0
408 3447 1
3447 408 0
409 3447 1
3447 409 0
410 3447 1
3447 410 0
411 3447 1
3447 411 0
412 3447 1
3447 412 0
413 3447 1
3447 413 0
414 3447 1
3447 414 0
415 3447 1
3447 415 0
416 3447 1
3447 416 0
417 3447 1
3447 417 0
418 3447 1
3447 418 0
419 3447 1
3447 419 0
420 3447 1
3447 420 0
421 3447 1
3447 421 0
422 3447 1
3447 422 0
423 3447 1
3447 423 0
424 3447 1
3447 424 0
425 3447 1
3447 425 0
426 3447 1
3447 426 0
427 3447 1
3447 427 0
428 3447 1
3447 428 0
429 3447 1
3447 429 0
430 3447 1
3447 430 0
431 3447 1
3447 431 0
432 3447 1
3447 432 0
433 3447 1
3447 433 0
434 3447 1
3447 434 0
435 3447 1
3447 435 0
436 3447 1
3447 436 0
437 3447 1
3447 437 0
438 3447 1
3447 438 0
439 3447 1
3447 439 0
440 3447 1
3447 440 0
441 3447 1
3447 441 0
442 3447 1
3447 442 0
443 3447 1
3447 443 0
444 3447 1
3447 444 0
445 3447 1
3447 445 0
446 3447 1
3447 446 0
447 3447 1
3447 447 0
448 3447 1
3447 448 0
449 3447 1
3447 449 0
450 3447 1
3447 450 0
451 3447 1
3447 451 0
452 3447 1
3447 452 0
453 3447 1
3447 453 0
454 3447 1
3447 454 0
455 3447 1
3447 455 0
456 3447 1
3447 456 0
457 3447 1
3447 457 0
458 3447 1
3447 458 0
459 3447 1
3447 459 0
460 3447 1
3447 460 0
461 3447 1
3447 461 0
462 3447 1
3447 462 0
463 3447 1
3447 463 0
464 3447 1
3447 464 0
465 3447 1
3447 465 0
466 3447 1
3447 466 0
467 3447 1
3447 467 0
468 3447 1
3447 468 0
469 3447 1
3447 469 0
470 3447 1
3447 470 0
471 3447 1
3447 471 0
472 3447 1
3447 472 0
473 3447 1
3447 473 0
474 3447 1
3447 474 0
475 3447 1
3447 475 0
476 3447 1
3447 476 0
477 3447 1
3447 477 0
478 3447 1
3447 478 0
479 3447 1
3447 479 0
480 3447 1
3447 480 0
481 3447 1
3447 481 0
482 3447 1
3447 482 0
483 3447 1
3447 483 0
484 3447 1
3447 484 0
485 3447 1
3447 485 0
486 3447 1
3447 486 0
487 3447 1
3447 487 0
488 3447 1
3447 488 0
489 3447 1
3447 489 0
490 3447 1
3447 490 0
491 3447 1
3447 491 0
492 3447 1
3447 492 0
493 3447 1
3447 493 0
494 3447 1
3447 494 0
495 3447 1
3447 495 0
496 3447 1
3447 496 0
497 3447 1
3447 497 0
498 3447 1
3447 498 0
499 3447 1
3447 499 0
500 3447 1
3447 500 0
501 3447 1
3447 501 0
502 3447 1
3447 502 0
503 3447 1
3447 503 0
504 3447 1
3447 504 0
505 3447 1
3447 505 0
506 3447 1
3447 506 0
507 3447 1
3447 507 0
508 3447 1
3447 508 0
509 3447 1
3447 509 0
510 3447 1
3447 510 0
511 3447 1
3447 511 0
512 3447 1
3447 512 0
513 3447 1
3447 513 0
514 3447 1
3447 514 0
515 3447 1
3447 515 0
516 3447 1
3447 516 0
517 3447 1
3447 517 0
518 3447 1
3447 518 0
519 3447 1
3447 519 0
520 3447 1
3447 520 0
521 3447 1
3447 521 0
522 3447 1
3447 522 0
523 3447 1
3447 523 0
524 3447 1
3447 524 0
525 3447 1
3447 525 0
526 3447 1
3447 526 0
527 3447 1
3447 527 0
528 3447 1
3447 528 0
529 3447 1
3447 529 0
530 3447 1
3447 530 0
531 3447 1
3447 531 0
532 3447 1
3447 532 0
533 3447 1
3447 533 0
534 3447 1
3447 534 0
535 3447 1
3447 535 0
536 3447 1
3447 536 0
537 3447 1
3447 537 0
538 3447 1
3447 538 0
539 3447 1
3447 539 0
540 3447 1
3447 540 0
541 3447 1
3447 541 0
542 3447 1
3447 542 0
543 3447 1
3447 543 0
544 3447 1
3447 544 0
545 3447 1
3447 545 0
546 3447 1
3447 546 0
547 3447 1
3447 547 0
548 3447 1
3447 548 0
549 3447 1
3447 549 0
550 3447 1
3447 550 0
551 3447 1
3447 551 0
552 3447 1
3447 552 0
553 3447 1
3447 553 0
554 3447 1
3447 554 0
555 3447 1
3447 555 0
556 3447 1
3447 556 0
557 3447 1
3447 557 0
558 3447 1
3447 558 0
559 3447 1
3447 559 0
560 3447 1
3447 560 0
561 3447 1
3447 561 0
562 3447 1
3447 562 0
563 3447 1
3447 563 0
564 3447 1
3447 564 0
565 3447 1
3447 565 0
566 3447 1
3447 566 0
567 3447 1
3447 567 0
568 3447 1
3447 568 0
569 3447 1
3447 569 0
570 3447 1
3447 570 0
571 3447 1
3447 571 0
572 3447 1
3447 572 0
573 3447 1
3447 573 0
574 3447 1
3447 574 0
575 3447 1
3447 575 0
576 3447 1
3447 576 0
577 3447 1
3447 577 0
578 3447 1
3447 578 0
579 3447 1
3447 579 0
580 3447 1
3447 580 0
581 3447 1
3447 581 0
582 3447 1
3447 582 0
583 3447 1
3447 583 0
584 3447 1
3447 584 0
585 3447 1
3447 585 0
586 3447 1
3447 586 0
587 3447 1
3447 587 0
588 3447 1
3447 588 0
589 3447 1
3447 589 0
590 3447 1
3447 590 0
591 3447 1
3447 591 0
592 3447 1
3447 592 0
593 3447 1
3447 593 0
594 3447 1
3447 594 0
595 3447 1
3447 595 0
596 3447 1
3447 596 0
597 3447 1
3447 597 0
598 3447 1
3447 598 0
599 3447 1
3447 599 0
600 3447 1
3447 600 0
601 3447 1
3447 601 0
602 3447 1
3447 602 0
603 3447 1
3447 603 0
604 3447 1
3447 604 0
605 3447 1
3447 605 0
606 3447 1
3447 606 0
607 3447 1
3447 607 0
608 3447 1
3447 608 0
609 3447 1
3447 609 0
610 3447 1
3447 610 0
611 3447 1
3447 611 0
612 3447 1
3447 612 0
613 3447 1
3447 613 0
614 3447 1
3447 614 0
615 3447 1
3447 615 0
616 3447 1
3447 616 0
617 3447 1
3447 617 0
618 3447 1
3447 618 0
619 3447 1
3447 619 0
620 3447 1
3447 620 0
621 3447 1
3447 621 0
622 3447 1
3447 622 0
623 3447 1
3447 623 0
624 3447 1
3447 624 0
625 3447 1
3447 625 0
626 3447 1
3447 626 0
627 3447 1
3447 627 0
628 3447 1
3447 628 0
629 3447 1
3447 629 0
630 3447 1
3447 630 0
631 3447 1
3447 631 0
632 3447 1
3447 632 0
633 3447 1
3447 633 0
634 3447 1
3447 634 0
635 3447 1
3447 635 0
636 3447 1
3447 636 0
637 3447 1
3447 637 0
638 3447 1
3447 638 0
639 3447 1
3447 639 0
640 3447 1
3447 640 0
641 3447 1
3447 641 0
642 3447 1
3447 642 0
643 3447 1
3447 643 0
644 3447 1
3447 644 0
645 3447 1
3447 645 0
646 3447 1
3447 646 0
647 3447 1
3447 647 0
648 3447 1
3447 648 0
649 3447 1
3447 649 0
650 3447 1
3447 650 0
651 3447 1
3447 651 0
652 3447 1
3447 652 0
653 3447 1
3447 653 0
654 3447 1
3447 654 0
655 3447 1
3447 655 0
656 3447 1
3447 656 0
657 3447 1
3447 657 0
658 3447 1
3447 658 0
659 3447 1
3447 659 0
660 3447 1
3447 660 0
661 3447 1
3447 661 0
662 3447 1
3447 662 0
663 3447 1
3447 663 0
664 3447 1
3447 664 0
665 3447 1
3447 665 0
666 3447 1
3447 666 0
667 3447 1
3447 667 0
668 3447 1
3447 668 0
669 3447 1
3447 669 0
670 3447 1
3447 670 0
671 3447 1
3447 671 0
672 3447 1
3447 672 0
673 3447 1
3447 673 0
674 3447 1
3447 674 0
675 3447 1
3447 675 0
676 3447 1
3447 676 0
677 3447 1
3447 677 0
678 3447 1
3447 678 0
679 3447 1
3447 679 0
680 3447 1
3447 680 0
681 3447 1
3447 681 0
682 3447 1
3447 682 0
683 3447 1
3447 683 0
684 3447 1
3447 684 0
685 3447 1
3447 685 0
686 3447 1
3447 686 0
687 3447 1
3447 687 0
688 3447 1
3447 688 0
689 3447 1
3447 689 0
690 3447 1
3447 690 0
691 3447 1
3447 691 0
692 3447 1
3447 692 0
693 3447 1
3447 693 0
694 3447 1
3447 694 0
695 3447 1
3447 695 0
696 3447 1
3447 696 0
697 3447 1
3447 697 0
698 3447 1
3447 698 0
699 3447 1
3447 699 0
700 3447 1
3447 700 0
701 3447 1
3447 701 0
702 3447 1
3447 702 0
703 3447 1
3447 703 0
704 3447 1
3447 704 0
705 3447 1
3447 705 0
706 3447 1
3447 706 0
707 3447 1
3447 707 0
708 3447 1
3447 708 0
709 3447 1
3447 709 0
710 3447 1
3447 710 0
711 3447 1
3447 711 0
712 3447 1
3447 712 0
713 3447 1
3447 713 0
714 3447 1
3447 714 0
715 3447 1
3447 715 0
716 3447 1
3447 716 0
717 3447 1
3447 717 0
718 3447 1
3447 718 0
719 3447 1
3447 719 0
720 3447 1
3447 720 0
721 3447 1
3447 721 0
722 3447 1
3447 722 0
723 3447 1
3447 723 0
724 3447 1
3447 724 0
725 3447 1
3447 725 0
726 3447 1
3447 726 0
727 3447 1
3447 727 0
728 3447 1
3447 728 0
729 3447 1
3447 729 0
730 3447 1
3447 730 0
731 3447 1
3447 731 0
732 3447 1
3447 732 0
733 3447 1
3447 733 0
734 3447 1
3447 734 0
735 3447 1
3447 735 0
736 3447 1
3447 736 0
737 3447 1
3447 737 0
738 3447 1
3447 738 0
739 3447 1
3447 739 0
740 3447 1
3447 740 0
741 3447 1
3447 741 0
742 3447 1
3447 742 0
743 3447 1
3447 743 0
744 3447 1
3447 744 0
745 3447 1
3447 745 0
746 3447 1
3447 746 0
747 3447 1
3447 747 0
748 3447 1
3447 748 0
749 3447 1
3447 749 0
750 3447 1
3447 750 0
751 3447 1
3447 751 0
752 3447 1
3447 752 0
753 3447 1
3447 753 0
754 3447 1
3447 754 0
755 3447 1
3447 755 0
756 3447 1
3447 756 0
757 3447 1
3447 757 0
758 3447 1
3447 758 0
759 3447 1
3447 759 0
760 3447 1
3447 760 0
761 3447 1
3447 761 0
762 3447 1
3447 762 0
763 3447 1
3447 763 0
764 3447 1
3447 764 0
765 3447 1
3447 765 0
766 3447 1
3447 766 0
767 3447 1
3447 767 0
768 3447 1
3447 768 0
769 3447 1
3447 769 0
770 3447 1
3447 770 0
771 3447 1
3447 771 0
772 3447 1
3447 772 0
773 3447 1
3447 773 0
774 3447 1
3447 774 0
775 3447 1
3447 775 0
776 3447 1
3447 776 0
777 3447 1
3447 777 0
778 3447 1
3447 778 0
779 3447 1
3447 779 0
780 3447 1
3447 780 0
781 3447 1
3447 781 0
782 3447 1
3447 782 0
783 3447 1
3447 783 0
784 3447 1
3447 784 0
785 3447 1
3447 785 0
786 3447 1
3447 786 0
787 3447 1
3447 787 0
788 3447 1
3447 788 0
789 3447 1
3447 789 0
790 3447 1
3447 790 0
791 3447 1
3447 791 0
792 3447 1
3447 792 0
793 3447 1
3447 793 0
794 3447 1
3447 794 0
795 3447 1
3447 795 0
796 3447 1
3447 796 0
797 3447 1
3447 797 0
798 3447 1
3447 798 0
799 3447 1
3447 799 0
800 3447 1
3447 800 0
801 3447 1
3447 801 0
802 3447 1
3447 802 0
803 3447 1
3447 803 0
804 3447 1
3447 804 0
805 3447 1
3447 805 0
806 3447 1
3447 806 0
807 3447 1
3447 807 0
808 3447 1
3447 808 0
809 3447 1
3447 809 0
810 3447 1
3447 810 0
811 3447 1
3447 811 0
812 3447 1
3447 812 0
813 3447 1
3447 813 0
814 3447 1
3447 814 0
815 3447 1
3447 815 0
816 3447 1
3447 816 0
817 3447 1
3447 817 0
818 3447 1
3447 818 0
819 3447 1
3447 819 0
820 3447 1
3447 820 0
821 3447 1
3447 821 0
822 3447 1
3447 822 0
823 3447 1
3447 823 0
824 3447 1
3447 824 0
825 3447 1
3447 825 0
826 3447 1
3447 826 0
827 3447 1
3447 827 0
828 3447 1
3447 828 0
829 3447 1
3447 829 0
830 3447 1
3447 830 0
831 3447 1
3447 831 0
832 3447 1
3447 832 0
833 3447 1
3447 833 0
834 3447 1
3447 834 0
835 3447 1
3447 835 0
836 3447 1
3447 836 0
837 3447 1
3447 837 0
838 3447 1
3447 838 0
839 3447 1
3447 839 0
840 3447 1
3447 840 0
841 3447 1
3447 841 0
842 3447 1
3447 842 0
843 3447 1
3447 843 0
844 3447 1
3447 844 0
845 3447 1
3447 845 0
846 3447 1
3447 846 0
847 3447 1
3447 847 0
848 3447 1
3447 848 0
849 3447 1
3447 849 0
850 3447 1
3447 850 0
851 3447 1
3447 851 0
852 3447 1
3447 852 0
853 3447 1
3447 853 0
854 3447 1
3447 854 0
855 3447 1
3447 855 0
856 3447 1
3447 856 0
857 3447 1
3447 857 0
858 3447 1
3447 858 0
859 3447 1
3447 859 0
860 3447 1
3447 860 0
861 3447 1
3447 861 0
862 3447 1
3447 862 0
863 3447 1
3447 863 0
864 3447 1
3447 864 0
865 3447 1
3447 865 0
866 3447 1
3447 866 0
867 3447 1
3447 867 0
868 3447 1
3447 868 0
869 3447 1
3447 869 0
870 3447 1
3447 870 0
871 3447 1
3447 871 0
872 3447 1
3447 872 0
873 3447 1
3447 873 0
874 3447 1
3447 874 0
875 3447 1
3447 875 0
876 3447 1
3447 876 0
877 3447 1
3447 877 0
878 3447 1
3447 878 0
879 3447 1
3447 879 0
880 3447 1
3447 880 0
881 3447 1
3447 881 0
882 3447 1
3447 882 0
883 3447 1
3447 883 0
884 3447 1
3447 884 0
885 3447 1
3447 885 0
886 3447 1
3447 886 0
887 3447 1
3447 887 0
888 3447 1
3447 888 0
889 3447 1
3447 889 0
890 3447 1
3447 890 0
891 3447 1
3447 891 0
892 3447 1
3447 892 0
893 3447 1
3447 893 0
894 3447 1
3447 894 0
895 3447 1
3447 895 0
896 3447 1
3447 896 0
897 3447 1
3447 897 0
898 3447 1
3447 898 0
899 3447 1
3447 899 0
900 3447 1
3447 900 0
901 3447 1
3447 901 0
902 3447 1
3447 902 0
903 3447 1
3447 903 0
904 3447 1
3447 904 0
905 3447 1
3447 905 0
906 3447 1
3447 906 0
907 3447 1
3447 907 0
908 3447 1
3447 908 0
909 3447 1
3447 909 0
910 3447 1
3447 910 0
911 3447 1
3447 911 0
912 3447 1
3447 912 0
913 3447 1
3447 913 0
914 3447 1
3447 914 0
915 3447 1
3447 915 0
916 3447 1
3447 916 0
917 3447 1
3447 917 0
918 3447 1
3447 918 0
919 3447 1
3447 919 0
920 3447 1
3447 920 0
921 3447 1
3447 921 0
922 3447 1
3447 922 0
923 3447 1
3447 923 0
924 3447 1
3447 924 0
925 3447 1
3447 925 0
926 3447 1
3447 926 0
927 3447 1
3447 927 0
928 3447 1
3447 928 0
929 3447 1
3447 929 0
930 3447 1
3447 930 0
931 3447 1
3447 931 0
932 3447 1
3447 932 0
933 3447 1
3447 933 0
934 3447 1
3447 934 0
935 3447 1
3447 935 0
936 3447 1
3447 936 0
937 3447 1
3447 937 0
938 3447 1
3447 938 0
939 3447 1
3447 939 0
940 3447 1
3447 940 0
941 3447 1
3447 941 0
942 3447 1
3447 942 0
943 3447 1
3447 943 0
944 3447 1
3447 944 0
945 3447 1
3447 945 0
946 3447 1
3447 946 0
947 3447 1
3447 947 0
948 3447 1
3447 948 0
949 3447 1
3447 949 0
950 3447 1
3447 950 0
951 3447 1
3447 951 0
952 3447 1
3447 952 0
953 3447 1
3447 953 0
954 3447 1
3447 954 0
955 3447 1
3447 955 0
956 3447 1
3447 956 0
957 3447 1
3447 957 0
958 3447 1
3447 958 0
959 3447 1
3447 959 0
960 3447 1
3447 960 0
961 3447 1
3447 961 0
962 3447 1
3447 962 0
963 3447 1
3447 963 0
964 3447 1
3447 964 0
965 3447 1
3447 965 0
966 3447 1
3447 966 0
967 3447 1
3447 967 0
968 3447 1
3447 968 0
969 3447 1
3447 969 0
970 3447 1
3447 970 0
971 3447 1
3447 971 0
972 3447 1
3447 972 0
973 3447 1
3447 973 0
974 3447 1
3447 974 0
975 3447 1
3447 975 0
976 3447 1
3447 976 0
977 3447 1
3447 977 0
978 3447 1
3447 978 0
979 3447 1
3447 979 0
980 3447 1
3447 980 0
981 3447 1
3447 981 0
982 3447 1
3447 982 0
983 3447 1
3447 983 0
984 3447 1
3447 984 0
985 3447 1
3447 985 0
986 3447 1
3447 986 0
987 3447 1
3447 987 0
988 3447 1
3447 988 0
989 3447 1
3447 989 0
990 3447 1
3447 990 0
991 3447 1
3447 991 0
992 3447 1
3447 992 0
993 3447 1
3447 993 0
994 3447 1
3447 994 0
995 3447 1
3447 995 0
996 3447 1
3447 996 0
997 3447 1
3447 997 0
998 3447 1
3447 998 0
999 3447 1
3447 999 0
1000 3447 1
3447 1000 0
1001 3447 1
3447 1001 0
1002 3447 1
3447 1002 0
1003 3447 1
3447 1003 0
1004 3447 1
3447 1004 0
1005 3447 1
3447 1005 0
1006 3447 1
3447 1006 0
1007 3447 1
3447 1007 0
1008 3447 1
3447 1008 0
1009 3447 1
3447 1009 0
1010 3447 1
3447 1010 0
1011 3447 1
3447 1011 0
1012 3447 1
3447 1012 0
1013 3447 1
3447 1013 0
1014 3447 1
3447 1014 0
1015 3447 1
3447 1015 0
1016 3447 1
3447 1016 0
1017 3447 1
3447 1017 0
1018 3447 1
3447 1018 0
1019 3447 1
3447 1019 0
1020 3447 1
3447 1020 0
1021 3447 1
3447 1021 0
1022 3447 1
3447 1022 0
1023 3447 1
3447 1023 0
1024 3447 1
3447 1024 0
1025 3447 1
3447 1025 0
1026 3447 1
3447 1026 0
1027 3447 1
3447 1027 0
1028 3447 1
3447 1028 0
1029 3447 1
3447 1029 0
1030 3447 1
3447 1030 0
1031 3447 1
3447 1031 0
1032 3447 1
3447 1032 0
1033 3447 1
3447 1033 0
1034 3447 1
3447 1034 0
1035 3447 1
3447 1035 0
1036 3447 1
3447 1036 0
1037 3447 1
3447 1037 0
1038 3447 1
3447 1038 0
1039 3447 1
3447 1039 0
1040 3447 1
3447 1040 0
1041 3447 1
3447 1041 0
1042 3447 1
3447 1042 0
1043 3447 1
3447 1043 0
1044 3447 1
3447 1044 0
1045 3447 1
3447 1045 0
1046 3447 1
3447 1046 0
1047 3447 1
3447 1047 0
1048 3447 1
3447 1048 0
1049 3447 1
3447 1049 0
1050 3447 1
3447 1050 0
1051 3447 1
3447 1051 0
1052 3447 1
3447 1052 0
1053 3447 1
3447 1053 0
1054 3447 1
3447 1054 0
1055 3447 1
3447 1055 0
1056 3447 1
3447 1056 0
1057 3447 1
3447 1057 0
1058 3447 1
3447 1058 0
1059 3447 1
3447 1059 0
1060 3447 1
3447 1060 0
1061 3447 1
3447 1061 0
1062 3447 1
3447 1062 0
1063 3447 1
3447 1063 0
1064 3447 1
3447 1064 0
1065 3447 1
3447 1065 0
1066 3447 1
3447 1066 0
1067 3447 1
3447 1067 0
1068 3447 1
3447 1068 0
1069 3447 1
3447 1069 0
1070 3447 1
3447 1070 0
1071 3447 1
3447 1071 0
1072 3447 1
3447 1072 0
1073 3447 1
3447 1073 0
1074 3447 1
3447 1074 0
1075 3447 1
3447 1075 0
1076 3447 1
3447 1076 0
1077 3447 1
3447 1077 0
1078 3447 1
3447 1078 0
1079 3447 1
3447 1079 0
1080 3447 1
3447 1080 0
1081 3447 1
3447 1081 0
1082 3447 1
3447 1082 0
1083 3447 1
3447 1083 0
1084 3447 1
3447 1084 0
1085 3447 1
3447 1085 0
1086 3447 1
3447 1086 0
1087 3447 1
3447 1087 0
1088 3447 1
3447 1088 0
1089 3447 1
3447 1089 0
1090 3447 1
3447 1090 0
1091 3447 1
3447 1091 0
1092 3447 1
3447 1092 0
1093 3447 1
3447 1093 0
1094 3447 1
3447 1094 0
1095 3447 1
3447 1095 0
1096 3447 1
3447 1096 0
1097 3447 1
3447 1097 0
1098 3447 1
3447 1098 0
1099 3447 1
3447 1099 0
1100 3447 1
3447 1100 0
1101 3447 1
3447 1101 0
1102 3447 1
3447 1102 0
1103 3447 1
3447 1103 0
1104 3447 1
3447 1104 0
1105 3447 1
3447 1105 0
1106 3447 1
3447 1106 0
1107 3447 1
3447 1107 0
1108 3447 1
3447 1108 0
1109 3447 1
3447 1109 0
1110 3447 1
3447 1110 0
1111 3447 1
3447 1111 0
1112 3447 1
3447 1112 0
1113 3447 1
3447 1113 0
1114 3447 1
3447 1114 0
1115 3447 1
3447 1115 0
1116 3447 1
3447 1116 0
1117 3447 1
3447 1117 0
1118 3447 1
3447 1118 0
1119 3447 1
3447 1119 0
1120 3447 1
3447 1120 0
1121 3447 1
3447 1121 0
1122 3447 1
3447 1122 0
1123 3447 1
3447 1123 0
1124 3447 1
3447 1124 0
1125 3447 1
3447 1125 0
1126 3447 1
3447 1126 0
1127 3447 1
3447 1127 0
1128 3447 1
3447 1128 0
1129 3447 1
3447 1129 0
1130 3447 1
3447 1130 0
1131 3447 1
3447 1131 0
1132 3447 1
3447 1132 0
1133 3447 1
3447 1133 0
1134 3447 1
3447 1134 0
1135 3447 1
3447 1135 0
1136 3447 1
3447 1136 0
1137 3447 1
3447 1137 0
1138 3447 1
3447 1138 0
1139 3447 1
3447 1139 0
1140 3447 1
3447 1140 0
1141 3447 1
3447 1141 0
1142 3447 1
3447 1142 0
1143 3447 1
3447 1143 0
1144 3447 1
3447 1144 0
1145 3447 1
3447 1145 0
1146 3447 1
3447 1146 0
1147 3447 1
3447 1147 0
1148 3447 1
3447 1148 0
1149 3447 1
3447 1149 0
1150 3447 1
3447 1150 0
1151 3447 1
3447 1151 0
1152 3447 1
3447 1152 0
1153 3447 1
3447 1153 0
1154 3447 1
3447 1154 0
1155 3447 1
3447 1155 0
1156 3447 1
3447 1156 0
1157 3447 1
3447 1157 0
1158 3447 1
3447 1158 0
1159 3447 1
3447 1159 0
1160 3447 1
3447 1160 0
1161 3447 1
3447 1161 0
1162 3447 1
3447 1162 0
1163 3447 1
3447 1163 0
1164 3447 1
3447 1164 0
1165 3447 1
3447 1165 0
1166 3447 1
3447 1166 0
1167 3447 1
3447 1167 0
1168 3447 1
3447 1168 0
1169 3447 1
3447 1169 0
1170 3447 1
3447 1170 0
1171 3447 1
3447 1171 0
1172 3447 1
3447 1172 0
1173 3447 1
3447 1173 0
1174 3447 1
3447 1174 0
1175 3447 1
3447 1175 0
1176 3447 1
3447 1176 0
1177 3447 1
3447 1177 0
1178 3447 1
3447 1178 0
1179 3447 1
3447 1179 0
1180 3447 1
3447 1180 0
1181 3447 1
3447 1181 0
1182 3447 1
3447 1182 0
1183 3447 1
3447 1183 0
1184 3447 1
3447 1184 0
1185 3447 1
3447 1185 0
1186 3447 1
3447 1186 0
1187 3447 1
3447 1187 0
1188 3447 1
3447 1188 0
1189 3447 1
3447 1189 0
1190 3447 1
3447 1190 0
1191 3447 1
3447 1191 0
1192 3447 1
3447 1192 0
1193 3447 1
3447 1193 0
1194 3447 1
3447 1194 0
1195 3447 1
3447 1195 0
1196 3447 1
3447 1196 0
1197 3447 1
3447 1197 0
1198 3447 1
3447 1198 0
1199 3447 1
3447 1199 0
1200 3447 1
3447 1200 0
1201 3447 1
3447 1201 0
1202 3447 1
3447 1202 0
1203 3447 1
3447 1203 0
1204 3447 1
3447 1204 0
1205 3447 1
3447 1205 0
1206 3447 1
3447 1206 0
1207 3447 1
3447 1207 0
1208 3447 1
3447 1208 0
1209 3447 1
3447 1209 0
1210 3447 1
3447 1210 0
1211 3447 1
3447 1211 0
1212 3447 1
3447 1212 0
1213 3447 1
3447 1213 0
1214 3447 1
3447 1214 0
1215 3447 1
3447 1215 0
1216 3447 1
3447 1216 0
1217 3447 1
3447 1217 0
1218 3447 1
3447 1218 0
1219 3447 1
3447 1219 0
1220 3447 1
3447 1220 0
1221 3447 1
3447 1221 0
1222 3447 1
3447 1222 0
1223 3447 1
3447 1223 0
1224 3447 1
3447 1224 0
1225 3447 1
3447 1225 0
1226 3447 1
3447 1226 0
1227 3447 1
3447 1227 0
1228 3447 1
3447 1228 0
1229 3447 1
3447 1229 0
1230 3447 1
3447 1230 0
1231 3447 1
3447 1231 0
1232 3447 1
3447 1232 0
1233 3447 1
3447 1233 0
1234 3447 1
3447 1234 0
1235 3447 1
3447 1235 0
1236 3447 1
3447 1236 0
1237 3447 1
3447 1237 0
1238 3447 1
3447 1238 0
1239 3447 1
3447 1239 0
1240 3447 1
3447 1240 0
1241 3447 1
3447 1241 0
1242 3447 1
3447 1242 0
1243 3447 1
3447 1243 0
1244 3447 1
3447 1244 0
1245 3447 1
3447 1245 0
1246 3447 1
3447 1246 0
1247 3447 1
3447 1247 0
1248 3447 1
3447 1248 0
1249 3447 1
3447 1249 0
1250 3447 1
3447 1250 0
1251 3447 1
3447 1251 0
1252 3447 1
3447 1252 0
1253 3447 1
3447 1253 0
1254 3447 1
3447 1254 0
1255 3447 1
3447 1255 0
1256 3447 1
3447 1256 0
1257 3447 1
3447 1257 0
1258 3447 1
3447 1258 0
1259 3447 1
3447 1259 0
1260 3447 1
3447 1260 0
1261 3447 1
3447 1261 0
1262 3447 1
3447 1262 0
1263 3447 1
3447 1263 0
1264 3447 1
3447 1264 0
1265 3447 1
3447 1265 0
1266 3447 1
3447 1266 0
1267 3447 1
3447 1267 0
1268 3447 1
3447 1268 0
1269 3447 1
3447 1269 0
1270 3447 1
3447 1270 0
1271 3447 1
3447 1271 0
1272 3447 1
3447 1272 0
1273 3447 1
3447 1273 0
1274 3447 1
3447 1274 0
1275 3447 1
3447 1275 0
1276 3447 1
3447 1276 0
1277 3447 1
3447 1277 0
1278 3447 1
3447 1278 0
1279 3447 1
3447 1279 0
1280 3447 1
3447 1280 0
1281 3447 1
3447 1281 0
1282 3447 1
3447 1282 0
1283 3447 1
3447 1283 0
1284 3447 1
3447 1284 0
1285 3447 1
3447 1285 0
1286 3447 1
3447 1286 0
1287 3447 1
3447 1287 0
1288 3447 1
3447 1288 0
1289 3447 1
3447 1289 0
1290 3447 1
3447 1290 0
1291 3447 1
3447 1291 0
1292 3447 1
3447 1292 0
1293 3447 1
3447 1293 0
1294 3447 1
3447 1294 0
1295 3447 1
3447 1295 0
1296 3447 1
3447 1296 0
1297 3447 1
3447 1297 0
1298 3447 1
3447 1298 0
1299 3447 1
3447 1299 0
1300 3447 1
3447 1300 0
1301 3447 1
3447 1301 0
1302 3447 1
3447 1302 0
1303 3447 1
3447 1303 0
1304 3447 1
3447 1304 0
1305 3447 1
3447 1305 0
1306 3447 1
3447 1306 0
1307 3447 1
3447 1307 0
1308 3447 1
3447 1308 0
1309 3447 1
3447 1309 0
1310 3447 1
3447 1310 0
1311 3447 1
3447 1311 0
1312 3447 1
3447 1312 0
1313 3447 1
3447 1313 0
1314 3447 1
3447 1314 0
1315 3447 1
3447 1315 0
1316 3447 1
3447 1316 0
1317 3447 1
3447 1317 0
1318 3447 1
3447 1318 0
1319 3447 1
3447 1319 0
1320 3447 1
3447 1320 0
1321 3447 1
3447 1321 0
1322 3447 1
3447 1322 0
1323 3447 1
3447 1323 0
1324 3447 1
3447 1324 0
1325 3447 1
3447 1325 0
1326 3447 1
3447 1326 0
1327 3447 1
3447 1327 0
1328 3447 1
3447 1328 0
1329 3447 1
3447 1329 0
1330 3447 1
3447 1330 0
1331 3447 1
3447 1331 0
1332 3447 1
3447 1332 0
1333 3447 1
3447 1333 0
1334 3447 1
3447 1334 0
1335 3447 1
3447 1335 0
1336 3447 1
3447 1336 0
1337 3447 1
3447 1337 0
1338 3447 1
3447 1338 0
1339 3447 1
3447 1339 0
1340 3447 1
3447 1340 0
1341 3447 1
3447 1341 0
1342 3447 1
3447 1342 0
1343 3447 1
3447 1343 0
1344 3447 1
3447 1344 0
1345 3447 1
3447 1345 0
1346 3447 1
3447 1346 0
1347 3447 1
3447 1347 0
1348 3447 1
3447 1348 0
1349 3447 1
3447 1349 0
1350 3447 1
3447 1350 0
1351 3447 1
3447 1351 0
1352 3447 1
3447 1352 0
1353 3447 1
3447 1353 0
1354 3447 1
3447 1354 0
1355 3447 1
3447 1355 0
1356 3447 1
3447 1356 0
1357 3447 1
3447 1357 0
1358 3447 1
3447 1358 0
1359 3447 1
3447 1359 0
1360 3447 1
3447 1360 0
1361 3447 1
3447 1361 0
1362 3447 1
3447 1362 0
1363 3447 1
3447 1363 0
1364 3447 1
3447 1364 0
1365 3447 1
3447 1365 0
1366 3447 1
3447 1366 0
1367 3447 1
3447 1367 0
1368 3447 1
3447 1368 0
1369 3447 1
3447 1369 0
1370 3447 1
3447 1370 0
1371 3447 1
3447 1371 0
1372 3447 1
3447 1372 0
1373 3447 1
3447 1373 0
1374 3447 1
3447 1374 0
1375 3447 1
3447 1375 0
1376 3447 1
3447 1376 0
1377 3447 1
3447 1377 0
1378 3447 1
3447 1378 0
1379 3447 1
3447 1379 0
1380 3447 1
3447 1380 0
1381 3447 1
3447 1381 0
1382 3447 1
3447 1382 0
1383 3447 1
3447 1383 0
1384 3447 1
3447 1384 0
1385 3447 1
3447 1385 0
1386 3447 1
3447 1386 0
1387 3447 1
3447 1387 0
1388 3447 1
3447 1388 0
1389 3447 1
3447 1389 0
1390 3447 1
3447 1390 0
1391 3447 1
3447 1391 0
1392 3447 1
3447 1392 0
1393 3447 1
3447 1393 0
1394 3447 1
3447 1394 0
1395 3447 1
3447 1395 0
1396 3447 1
3447 1396 0
1397 3447 1
3447 1397 0
1398 3447 1
3447 1398 0
1399 3447 1
3447 1399 0
1400 3447 1
3447 1400 0
1401 3447 1
3447 1401 0
1402 3447 1
3447 1402 0
1403 3447 1
3447 1403 0
1404 3447 1
3447 1404 0
1405 3447 1
3447 1405 0
1406 3447 1
3447 1406 0
1407 3447 1
3447 1407 0
1408 3447 1
3447 1408 0
1409 3447 1
3447 1409 0
1410 3447 1
3447 1410 0
1411 3447 1
3447 1411 0
1412 3447 1
3447 1412 0
1413 3447 1
3447 1413 0
1414 3447 1
3447 1414 0
1415 3447 1
3447 1415 0
1416 3447 1
3447 1416 0
1417 3447 1
3447 1417 0
1418 3447 1
3447 1418 0
1419 3447 1
3447 1419 0
1420 3447 1
3447 1420 0
1421 3447 1
3447 1421 0
1422 3447 1
3447 1422 0
1423 3447 1
3447 1423 0
1424 3447 1
3447 1424 0
1425 3447 1
3447 1425 0
1426 3447 1
3447 1426 0
1427 3447 1
3447 1427 0
1428 3447 1
3447 1428 0
1429 3447 1
3447 1429 0
1430 3447 1
3447 1430 0
1431 3447 1
3447 1431 0
1432 3447 1
3447 1432 0
1433 3447 1
3447 1433 0
1434 3447 1
3447 1434 0
1435 3447 1
3447 1435 0
1436 3447 1
3447 1436 0
1437 3447 1
3447 1437 0
1438 3447 1
3447 1438 0
1439 3447 1
3447 1439 0
1440 3447 1
3447 1440 0
1441 3447 1
3447 1441 0
1442 3447 1
3447 1442 0
1443 3447 1
3447 1443 0
1444 3447 1
3447 1444 0
1445 3447 1
3447 1445 0
1446 3447 1
3447 1446 0
1447 3447 1
3447 1447 0
1448 3447 1
3447 1448 0
1449 3447 1
3447 1449 0
1450 3447 1
3447 1450 0
1451 3447 1
3447 1451 0
1452 3447 1
3447 1452 0
1453 3447 1
3447 1453 0
1454 3447 1
3447 1454 0
1455 3447 1
3447 1455 0
1456 3447 1
3447 1456 0
1457 3447 1
3447 1457 0
1458 3447 1
3447 1458 0
1459 3447 1
3447 1459 0
1460 3447 1
3447 1460 0
1461 3447 1
3447 1461 0
1462 3447 1
3447 1462 0
1463 3447 1
3447 1463 0
1464 3447 1
3447 1464 0
1465 3447 1
3447 1465 0
1466 3447 1
3447 1466 0
1467 3447 1
3447 1467 0
1468 3447 1
3447 1468 0
1469 3447 1
3447 1469 0
1470 3447 1
3447 1470 0
1471 3447 1
3447 1471 0
1472 3447 1
3447 1472 0
1473 3447 1
3447 1473 0
1474 3447 1
3447 1474 0
1475 3447 1
3447 1475 0
1476 3447 1
3447 1476 0
1477 3447 1
3447 1477 0
1478 3447 1
3447 1478 0
1479 3447 1
3447 1479 0
1480 3447 1
3447 1480 0
1481 3447 1
3447 1481 0
1482 3447 1
3447 1482 0
1483 3447 1
3447 1483 0
1484 3447 1
3447 1484 0
1485 3447 1
3447 1485 0
1486 3447 1
3447 1486 0
1487 3447 1
3447 1487 0
1488 3447 1
3447 1488 0
1489 3447 1
3447 1489 0
1490 3447 1
3447 1490 0
1491 3447 1
3447 1491 0
1492 3447 1
3447 1492 0
1493 3447 1
3447 1493 0
1494 3447 1
3447 1494 0
1495 3447 1
3447 1495 0
1496 3447 1
3447 1496 0
1497 3447 1
3447 1497 0
1498 3447 1
3447 1498 0
1499 3447 1
3447 1499 0
1500 3447 1
3447 1500 0
1501 3447 1
3447 1501 0
1502 3447 1
3447 1502 0
1503 3447 1
3447 1503 0
1504 3447 1
3447 1504 0
1505 3447 1
3447 1505 0
1506 3447 1
3447 1506 0
1507 3447 1
3447 1507 0
1508 3447 1
3447 1508 0
1509 3447 1
3447 1509 0
1510 3447 1
3447 1510 0
1511 3447 1
3447 1511 0
1512 3447 1
3447 1512 0
1513 3447 1
3447 1513 0
1514 3447 1
3447 1514 0
1515 3447 1
3447 1515 0
1516 3447 1
3447 1516 0
1517 3447 1
3447 1517 0
1518 3447 1
3447 1518 0
1519 3447 1
3447 1519 0
1520 3447 1
3447 1520 0
1521 3447 1
3447 1521 0
1522 3447 1
3447 1522 0
1523 3447 1
3447 1523 0
1524 3447 1
3447 1524 0
1525 3447 1
3447 1525 0
1526 3447 1
3447 1526 0
1527 3447 1
3447 1527 0
1528 3447 1
3447 1528 0
1529 3447 1
3447 1529 0
1530 3447 1
3447 1530 0
1531 3447 1
3447 1531 0
1532 3447 1
3447 1532 0
1533 3447 1
3447 1533 0
1534 3447 1
3447 1534 0
1535 3447 1
3447 1535 0
1536 3447 1
3447 1536 0
1537 3447 1
3447 1537 0
1538 3447 1
3447 1538 0
1539 3447 1
3447 1539 0
1540 3447 1
3447 1540 0
1541 3447 1
3447 1541 0
1542 3447 1
3447 1542 0
1543 3447 1
3447 1543 0
1544 3447 1
3447 1544 0
1545 3447 1
3447 1545 0
1546 3447 1
3447 1546 0
1547 3447 1
3447 1547 0
1548 3447 1
3447 1548 0
1549 3447 1
3447 1549 0
1550 3447 1
3447 1550 0
1551 3447 1
3447 1551 0
1552 3447 1
3447 1552 0
1553 3447 1
3447 1553 0
1554 3447 1
3447 1554 0
1555 3447 1
3447 1555 0
1556 3447 1
3447 1556 0
1557 3447 1
3447 1557 0
1558 3447 1
3447 1558 0
1559 3447 1
3447 1559 0
1560 3447 1
3447 1560 0
1561 3447 1
3447 1561 0
1562 3447 1
3447 1562 0
1563 3447 1
3447 1563 0
1564 3447 1
3447 1564 0
1565 3447 1
3447 1565 0
1566 3447 1
3447 1566 0
1567 3447 1
3447 1567 0
1568 3447 1
3447 1568 0
1569 3447 1
3447 1569 0
1570 3447 1
3447 1570 0
1571 3447 1
3447 1571 0
1572 3447 1
3447 1572 0
1573 3447 1
3447 1573 0
1574 3447 1
3447 1574 0
1575 3447 1
3447 1575 0
1576 3447 1
3447 1576 0
1577 3447 1
3447 1577 0
1578 3447 1
3447 1578 0
1579 3447 1
3447 1579 0
1580 3447 1
3447 1580 0
1581 3447 1
3447 1581 0
1582 3447 1
3447 1582 0
1583 3447 1
3447 1583 0
1584 3447 1
3447 1584 0
1585 3447 1
3447 1585 0
1586 3447 1
3447 1586 0
1587 3447 1
3447 1587 0
1588 3447 1
3447 1588 0
1589 3447 1
3447 1589 0
1590 3447 1
3447 1590 0
1591 3447 1
3447 1591 0
1592 3447 1
3447 1592 0
1593 3447 1
3447 1593 0
1594 3447 1
3447 1594 0
1595 3447 1
3447 1595 0
1596 3447 1
3447 1596 0
1597 3447 1
3447 1597 0
1598 3447 1
3447 1598 0
1599 3447 1
3447 1599 0
1600 3447 1
3447 1600 0
1601 3447 1
3447 1601 0
1602 3447 1
3447 1602 0
1603 3447 1
3447 1603 0
1604 3447 1
3447 1604 0
1605 3447 1
3447 1605 0
1606 3447 1
3447 1606 0
1607 3447 1
3447 1607 0
1608 3447 1
3447 1608 0
1609 3447 1
3447 1609 0
1610 3447 1
3447 1610 0
1611 3447 1
3447 1611 0
1612 3447 1
3447 1612 0
1613 3447 1
3447 1613 0
1614 3447 1
3447 1614 0
1615 3447 1
3447 1615 0
1616 3447 1
3447 1616 0
1617 3447 1
3447 1617 0
1618 3447 1
3447 1618 0
1619 3447 1
3447 1619 0
1620 3447 1
3447 1620 0
1621 3447 1
3447 1621 0
1622 3447 1
3447 1622 0
1623 3447 1
3447 1623 0
1624 3447 1
3447 1624 0
1625 3447 1
3447 1625 0
1626 3447 1
3447 1626 0
1627 3447 1
3447 1627 0
1628 3447 1
3447 1628 0
1629 3447 1
3447 1629 0
1630 3447 1
3447 1630 0
1631 3447 1
3447 1631 0
1632 3447 1
3447 1632 0
1633 3447 1
3447 1633 0
1634 3447 1
3447 1634 0
1635 3447 1
3447 1635 0
1636 3447 1
3447 1636 0
1637 3447 1
3447 1637 0
1638 3447 1
3447 1638 0
1639 3447 1
3447 1639 0
1640 3447 1
3447 1640 0
1641 3447 1
3447 1641 0
1642 3447 1
3447 1642 0
1643 3447 1
3447 1643 0
1644 3447 1
3447 1644 0
1645 3447 1
3447 1645 0
1646 3447 1
3447 1646 0
1647 3447 1
3447 1647 0
1648 3447 1
3447 1648 0
1649 3447 1
3447 1649 0
1650 3447 1
3447 1650 0
1651 3447 1
3447 1651 0
1652 3447 1
3447 1652 0
1653 3447 1
3447 1653 0
1654 3447 1
3447 1654 0
1655 3447 1
3447 1655 0
1656 3447 1
3447 1656 0
1657 3447 1
3447 1657 0
1658 3447 1
3447 1658 0
1659 3447 1
3447 1659 0
1660 3447 1
3447 1660 0
1661 3447 1
3447 1661 0
1662 3447 1
3447 1662 0
1663 3447 1
3447 1663 0
1664 3447 1
3447 1664 0
1665 3447 1
3447 1665 0
1666 3447 1
3447 1666 0
1667 3447 1
3447 1667 0
1668 3447 1
3447 1668 0
1669 3447 1
3447 1669 0
1670 3447 1
3447 1670 0
1671 3447 1
3447 1671 0
1672 3447 1
3447 1672 0
1673 3447 1
3447 1673 0
1674 3447 1
3447 1674 0
1675 3447 1
3447 1675 0
1676 3447 1
3447 1676 0
1677 3447 1
3447 1677 0
1678 3447 1
3447 1678 0
1679 3447 1
3447 1679 0
1680 3447 1
3447 1680 0
1681 3447 1
3447 1681 0
1682 3447 1
3447 1682 0
1683 3447 1
3447 1683 0
1684 3447 1
3447 1684 0
1685 3447 1
3447 1685 0
1686 3447 1
3447 1686 0
1687 3447 1
3447 1687 0
1688 3447 1
3447 1688 0
1689 3447 1
3447 1689 0
1690 3447 1
3447 1690 0
1691 3447 1
3447 1691 0
1692 3447 1
3447 1692 0
1693 3447 1
3447 1693 0
1694 3447 1
3447 1694 0
1695 3447 1
3447 1695 0
1696 3447 1
3447 1696 0
1697 3447 1
3447 1697 0
1698 3447 1
3447 1698 0
1699 3447 1
3447 1699 0
1700 3447 1
3447 1700 0
1701 3447 1
3447 1701 0
1702 3447 1
3447 1702 0
1703 3447 1
3447 1703 0
1704 3447 1
3447 1704 0
1705 3447 1
3447 1705 0
1706 3447 1
3447 1706 0
1707 3447 1
3447 1707 0
1708 3447 1
3447 1708 0
1709 3447 1
3447 1709 0
1710 3447 1
3447 1710 0
1711 3447 1
3447 1711 0
1712 3447 1
3447 1712 0
1713 3447 1
3447 1713 0
1714 3447 1
3447 1714 0
1715 3447 1
3447 1715 0
1716 3447 1
3447 1716 0
1717 3447 1
3447 1717 0
1718 3447 1
3447 1718 0
1719 3447 1
3447 1719 0
1720 3447 1
3447 1720 0
1721 3447 1
3447 1721 0
1722 3447 1
3447 1722 0
1723 3447 1
3447 1723 0
1724 3447 1
3447 1724 0
1725 3447 1
3447 1725 0
1726 3447 1
3447 1726 0
1727 3447 1
3447 1727 0
1728 3447 1
3447 1728 0
1729 3447 1
3447 1729 0
1730 3447 1
3447 1730 0
1731 3447 1
3447 1731 0
1732 3447 1
3447 1732 0
1733 3447 1
3447 1733 0
1734 3447 1
3447 1734 0
1735 3447 1
3447 1735 0
1736 3447 1
3447 1736 0
1737 3447 1
3447 1737 0
1738 3447 1
3447 1738 0
1739 3447 1
3447 1739 0
1740 3447 1
3447 1740 0
1741 3447 1
3447 1741 0
1742 3447 1
3447 1742 0
1743 3447 1
3447 1743 0
1744 3447 1
3447 1744 0
1745 3447 1
3447 1745 0
1746 3447 1
3447 1746 0
1747 3447 1
3447 1747 0
1748 3447 1
3447 1748 0
1749 3447 1
3447 1749 0
1750 3447 1
3447 1750 0
1751 3447 1
3447 1751 0
1752 3447 1
3447 1752 0
1753 3447 1
3447 1753 0
1754 3447 1
3447 1754 0
1755 3447 1
3447 1755 0
1756 3447 1
3447 1756 0
1757 3447 1
3447 1757 0
1758 3447 1
3447 1758 0
1759 3447 1
3447 1759 0
1760 3447 1
3447 1760 0
1761 3447 1
3447 1761 0
1762 3447 1
3447 1762 0
1763 3447 1
3447 1763 0
1764 3447 1
3447 1764 0
1765 3447 1
3447 1765 0
1766 3447 1
3447 1766 0
1767 3447 1
3447 1767 0
1768 3447 1
3447 1768 0
1769 3447 1
3447 1769 0
1770 3447 1
3447 1770 0
1771 3447 1
3447 1771 0
1772 3447 1
3447 1772 0
1773 3447 1
3447 1773 0
1774 3447 1
3447 1774 0
1775 3447 1
3447 1775 0
1776 3447 1
3447 1776 0
1777 3447 1
3447 1777 0
1778 3447 1
3447 1778 0
1779 3447 1
3447 1779 0
1780 3447 1
3447 1780 0
1781 3447 1
3447 1781 0
1782 3447 1
3447 1782 0
1783 3447 1
3447 1783 0
1784 3447 1
3447 1784 0
1785 3447 1
3447 1785 0
1786 3447 1
3447 1786 0
1787 3447 1
3447 1787 0
1788 3447 1
3447 1788 0
1789 3447 1
3447 1789 0
1790 3447 1
3447 1790 0
1791 3447 1
3447 1791 0
1792 3447 1
3447 1792 0
1793 3447 1
3447 1793 0
1794 3447 1
3447 1794 0
1795 3447 1
3447 1795 0
1796 3447 1
3447 1796 0
1797 3447 1
3447 1797 0
1798 3447 1
3447 1798 0
1799 3447 1
3447 1799 0
1800 3447 1
3447 1800 0
1801 3447 1
3447 1801 0
1802 3447 1
3447 1802 0
1803 3447 1
3447 1803 0
1804 3447 1
3447 1804 0
1805 3447 1
3447 1805 0
1806 3447 1
3447 1806 0
1807 3447 1
3447 1807 0
1808 3447 1
3447 1808 0
1809 3447 1
3447 1809 0
1810 3447 1
3447 1810 0
1811 3447 1
3447 1811 0
1812 3447 1
3447 1812 0
1813 3447 1
3447 1813 0
1814 3447 1
3447 1814 0
1815 3447 1
3447 1815 0
1816 3447 1
3447 1816 0
1817 3447 1
3447 1817 0
1818 3447 1
3447 1818 0
1819 3447 1
3447 1819 0
1820 3447 1
3447 1820 0
1821 3447 1
3447 1821 0
1822 3447 1
3447 1822 0
1823 3447 1
3447 1823 0
1824 3447 1
3447 1824 0
1825 3447 1
3447 1825 0
1826 3447 1
3447 1826 0
1827 3447 1
3447 1827 0
1828 3447 1
3447 1828 0
1829 3447 1
3447 1829 0
1830 3447 1
3447 1830 0
1831 3447 1
3447 1831 0
1832 3447 1
3447 1832 0
1833 3447 1
3447 1833 0
1834 3447 1
3447 1834 0
1835 3447 1
3447 1835 0
1836 3447 1
3447 1836 0
1837 3447 1
3447 1837 0
1838 3447 1
3447 1838 0
1839 3447 1
3447 1839 0
1840 3447 1
3447 1840 0
1841 3447 1
3447 1841 0
1842 3447 1
3447 1842 0
1843 3447 1
3447 1843 0
1844 3447 1
3447 1844 0
1845 3447 1
3447 1845 0
1846 3447 1
3447 1846 0
1847 3447 1
3447 1847 0
1848 3447 1
3447 1848 0
1849 3447 1
3447 1849 0
1850 3447 1
3447 1850 0
1851 3447 1
3447 1851 0
1852 3447 1
3447 1852 0
1853 3447 1
3447 1853 0
1854 3447 1
3447 1854 0
1855 3447 1
3447 1855 0
1856 3447 1
3447 1856 0
1857 3447 1
3447 1857 0
1858 3447 1
3447 1858 0
1859 3447 1
3447 1859 0
1860 3447 1
3447 1860 0
1861 3447 1
3447 1861 0
1862 3447 1
3447 1862 0
1863 3447 1
3447 1863 0
1864 3447 1
3447 1864 0
1865 3447 1
3447 1865 0
1866 3447 1
3447 1866 0
1867 3447 1
3447 1867 0
1868 3447 1
3447 1868 0
1869 3447 1
3447 1869 0
1870 3447 1
3447 1870 0
1871 3447 1
3447 1871 0
1872 3447 1
3447 1872 0
1873 3447 1
3447 1873 0
1874 3447 1
3447 1874 0
1875 3447 1
3447 1875 0
1876 3447 1
3447 1876 0
1877 3447 1
3447 1877 0
1878 3447 1
3447 1878 0
1879 3447 1
3447 1879 0
1880 3447 1
3447 1880 0
1881 3447 1
3447 1881 0
1882 3447 1
3447 1882 0
1883 3447 1
3447 1883 0
1884 3447 1
3447 1884 0
1885 3447 1
3447 1885 0
1886 3447 1
3447 1886 0
1887 3447 1
3447 1887 0
1888 3447 1
3447 1888 0
1889 3447 1
3447 1889 0
1890 3447 1
3447 1890 0
1891 3447 1
3447 1891 0
1892 3447 1
3447 1892 0
1893 3447 1
3447 1893 0
1894 3447 1
3447 1894 0
1895 3447 1
3447 1895 0
1896 3447 1
3447 1896 0
1897 3447 1
3447 1897 0
1898 3447 1
3447 1898 0
1899 3447 1
3447 1899 0
1900 3447 1
3447 1900 0
1901 3447 1
3447 1901 0
1902 3447 1
3447 1902 0
1903 3447 1
3447 1903 0
1904 3447 1
3447 1904 0
1905 3447 1
3447 1905 0
1906 3447 1
3447 1906 0
1907 3447 1
3447 1907 0
1908 3447 1
3447 1908 0
1909 3447 1
3447 1909 0
1910 3447 1
3447 1910 0
1911 3447 1
3447 1911 0
1912 3447 1
3447 1912 0
1913 3447 1
3447 1913 0
1914 3447 1
3447 1914 0
1915 3447 1
3447 1915 0
1916 3447 1
3447 1916 0
1917 3447 1
3447 1917 0
1918 3447 1
3447 1918 0
1919 3447 1
3447 1919 0
1920 3447 1
3447 1920 0
1921 3447 1
3447 1921 0
1922 3447 1
3447 1922 0
1923 3447 1
3447 1923 0
1924 3447 1
3447 1924 0
1925 3447 1
3447 1925 0
1926 3447 1
3447 1926 0
1927 3447 1
3447 1927 0
1928 3447 1
3447 1928 0
1929 3447 1
3447 1929 0
1930 3447 1
3447 1930 0
1931 3447 1
3447 1931 0
1932 3447 1
3447 1932 0
1933 3447 1
3447 1933 0
1934 3447 1
3447 1934 0
1935 3447 1
3447 1935 0
1936 3447 1
3447 1936 0
1937 3447 1
3447 1937 0
1938 3447 1
3447 1938 0
1939 3447 1
3447 1939 0
1940 3447 1
3447 1940 0
1941 3447 1
3447 1941 0
1942 3447 1
3447 1942 0
1943 3447 1
3447 1943 0
1944 3447 1
3447 1944 0
1945 3447 1
3447 1945 0
1946 3447 1
3447 1946 0
1947 3447 1
3447 1947 0
1948 3447 1
3447 1948 0
1949 3447 1
3447 1949 0
1950 3447 1
3447 1950 0
1951 3447 1
3447 1951 0
1952 3447 1
3447 1952 0
1953 3447 1
3447 1953 0
1954 3447 1
3447 1954 0
1955 3447 1
3447 1955 0
1956 3447 1
3447 1956 0
1957 3447 1
3447 1957 0
1958 3447 1
3447 1958 0
1959 3447 1
3447 1959 0
1960 3447 1
3447 1960 0
1961 3447 1
3447 1961 0
1962 3447 1
3447 1962 0
1963 3447 1
3447 1963 0
1964 3447 1
3447 1964 0
1965 3447 1
3447 1965 0
1966 3447 1
3447 1966 0
1967 3447 1
3447 1967 0
1968 3447 1
3447 1968 0
1969 3447 1
3447 1969 0
1970 3447 1
3447 1970 0
1971 3447 1
3447 1971 0
1972 3447 1
3447 1972 0
1973 3447 1
3447 1973 0
1974 3447 1
3447 1974 0
1975 3447 1
3447 1975 0
1976 3447 1
3447 1976 0
1977 3447 1
3447 1977 0
1978 3447 1
3447 1978 0
1979 3447 1
3447 1979 0
1980 3447 1
3447 1980 0
1981 3447 1
3447 1981 0
1982 3447 1
3447 1982 0
1983 3447 1
3447 1983 0
1984 3447 1
3447 1984 0
1985 3447 1
3447 1985 0
1986 3447 1
3447 1986 0
1987 3447 1
3447 1987 0
1988 3447 1
3447 1988 0
1989 3447 1
3447 1989 0
1990 3447 1
3447 1990 0
1991 3447 1
3447 1991 0
1992 3447 1
3447 1992 0
1993 3447 1
3447 1993 0
1994 3447 1
3447 1994 0
1995 3447 1
3447 1995 0
1996 3447 1
3447 1996 0
1997 3447 1
3447 1997 0
1998 3447 1
3447 1998 0
1999 3447 1
3447 1999 0
2000 3447 1
3447 2000 0
2001 3447 1
3447 2001 0
2002 3447 1
3447 2002 0
2003 3447 1
3447 2003 0
2004 3447 1
3447 2004 0
2005 3447 1
3447 2005 0
2006 3447 1
3447 2006 0
2007 3447 1
3447 2007 0
2008 3447 1
3447 2008 0
2009 3447 1
3447 2009 0
2010 3447 1
3447 2010 0
2011 3447 1
3447 2011 0
2012 3447 1
3447 2012 0
2013 3447 1
3447 2013 0
2014 3447 1
3447 2014 0
2015 3447 1
3447 2015 0
2016 3447 1
3447 2016 0
2017 3447 1
3447 2017 0
2018 3447 1
3447 2018 0
2019 3447 1
3447 2019 0
2020 3447 1
3447 2020 0
2021 3447 1
3447 2021 0
2022 3447 1
3447 2022 0
2023 3447 1
3447 2023 0
2024 3447 1
3447 2024 0
2025 3447 1
3447 2025 0
2026 3447 1
3447 2026 0
2027 3447 1
3447 2027 0
2028 3447 1
3447 2028 0
2029 3447 1
3447 2029 0
2030 3447 1
3447 2030 0
2031 3447 1
3447 2031 0
2032 3447 1
3447 2032 0
2033 3447 1
3447 2033 0
2034 3447 1
3447 2034 0
2035 3447 1
3447 2035 0
2036 3447 1
3447 2036 0
2037 3447 1
3447 2037 0
2038 3447 1
3447 2038 0
2039 3447 1
3447 2039 0
2040 3447 1
3447 2040 0
2041 3447 1
3447 2041 0
2042 3447 1
3447 2042 0
2043 3447 1
3447 2043 0
2044 3447 1
3447 2044 0
2045 3447 1
3447 2045 0
2046 3447 1
3447 2046 0
2047 3447 1
3447 2047 0
2048 3447 1
3447 2048 0
2049 3447 1
3447 2049 0
2050 3447 1
3447 2050 0
2051 3447 1
3447 2051 0
2052 3447 1
3447 2052 0
2053 3447 1
3447 2053 0
2054 3447 1
3447 2054 0
2055 3447 1
3447 2055 0
2056 3447 1
3447 2056 0
2057 3447 1
3447 2057 0
2058 3447 1
3447 2058 0
2059 3447 1
3447 2059 0
2060 3447 1
3447 2060 0
2061 3447 1
3447 2061 0
2062 3447 1
3447 2062 0
2063 3447 1
3447 2063 0
2064 3447 1
3447 2064 0
2065 3447 1
3447 2065 0
2066 3447 1
3447 2066 0
2067 3447 1
3447 2067 0
2068 3447 1
3447 2068 0
2069 3447 1
3447 2069 0
2070 3447 1
3447 2070 0
2071 3447 1
3447 2071 0
2072 3447 1
3447 2072 0
2073 3447 1
3447 2073 0
2074 3447 1
3447 2074 0
2075 3447 1
3447 2075 0
2076 3447 1
3447 2076 0
2077 3447 1
3447 2077 0
2078 3447 1
3447 2078 0
2079 3447 1
3447 2079 0
2080 3447 1
3447 2080 0
2081 3447 1
3447 2081 0
2082 3447 1
3447 2082 0
2083 3447 1
3447 2083 0
2084 3447 1
3447 2084 0
2085 3447 1
3447 2085 0
2086 3447 1
3447 2086 0
2087 3447 1
3447 2087 0
2088 3447 1
3447 2088 0
2089 3447 1
3447 2089 0
2090 3447 1
3447 2090 0
2091 3447 1
3447 2091 0
2092 3447 1
3447 2092 0
2093 3447 1
3447 2093 0
2094 3447 1
3447 2094 0
2095 3447 1
3447 2095 0
2096 3447 1
3447 2096 0
2097 3447 1
3447 2097 0
2098 3447 1
3447 2098 0
2099 3447 1
3447 2099 0
2100 3447 1
3447 2100 0
2101 3447 1
3447 2101 0
2102 3447 1
3447 2102 0
2103 3447 1
3447 2103 0
2104 3447 1
3447 2104 0
2105 3447 1
3447 2105 0
2106 3447 1
3447 2106 0
2107 3447 1
3447 2107 0
2108 3447 1
3447 2108 0
2109 3447 1
3447 2109 0
2110 3447 1
3447 2110 0
2111 3447 1
3447 2111 0
2112 3447 1
3447 2112 0
2113 3447 1
3447 2113 0
2114 3447 1
3447 2114 0
2115 3447 1
3447 2115 0
2116 3447 1
3447 2116 0
2117 3447 1
3447 2117 0
2118 3447 1
3447 2118 0
2119 3447 1
3447 2119 0
2120 3447 1
3447 2120 0
2121 3447 1
3447 2121 0
2122 3447 1
3447 2122 0
2123 3447 1
3447 2123 0
2124 3447 1
3447 2124 0
2125 3447 1
3447 2125 0
2126 3447 1
3447 2126 0
2127 3447 1
3447 2127 0
2128 3447 1
3447 2128 0
2129 3447 1
3447 2129 0
2130 3447 1
3447 2130 0
2131 3447 1
3447 2131 0
2132 3447 1
3447 2132 0
2133 3447 1
3447 2133 0
2134 3447 1
3447 2134 0
2135 3447 1
3447 2135 0
2136 3447 1
3447 2136 0
2137 3447 1
3447 2137 0
2138 3447 1
3447 2138 0
2139 3447 1
3447 2139 0
2140 3447 1
3447 2140 0
2141 3447 1
3447 2141 0
2142 3447 1
3447 2142 0
2143 3447 1
3447 2143 0
2144 3447 1
3447 2144 0
2145 3447 1
3447 2145 0
2146 3447 1
3447 2146 0
2147 3447 1
3447 2147 0
2148 3447 1
3447 2148 0
2149 3447 1
3447 2149 0
2150 3447 1
3447 2150 0
2151 3447 1
3447 2151 0
2152 3447 1
3447 2152 0
2153 3447 1
3447 2153 0
2154 3447 1
3447 2154 0
2155 3447 1
3447 2155 0
2156 3447 1
3447 2156 0
2157 3447 1
3447 2157 0
2158 3447 1
3447 2158 0
2159 3447 1
3447 2159 0
2160 3447 1
3447 2160 0
2161 3447 1
3447 2161 0
2162 3447 1
3447 2162 0
2163 3447 1
3447 2163 0
2164 3447 1
3447 2164 0
2165 3447 1
3447 2165 0
2166 3447 1
3447 2166 0
2167 3447 1
3447 2167 0
2168 3447 1
3447 2168 0
2169 3447 1
3447 2169 0
2170 3447 1
3447 2170 0
2171 3447 1
3447 2171 0
2172 3447 1
3447 2172 0
2173 3447 1
3447 2173 0
2174 3447 1
3447 2174 0
2175 3447 1
3447 2175 0
2176 3447 1
3447 2176 0
2177 3447 1
3447 2177 0
2178 3447 1
3447 2178 0
2179 3447 1
3447 2179 0
2180 3447 1
3447 2180 0
2181 3447 1
3447 2181 0
2182 3447 1
3447 2182 0
2183 3447 1
3447 2183 0
2184 3447 1
3447 2184 0
2185 3447 1
3447 2185 0
2186 3447 1
3447 2186 0
2187 3447 1
3447 2187 0
2188 3447 1
3447 2188 0
2189 3447 1
3447 2189 0
2190 3447 1
3447 2190 0
2191 3447 1
3447 2191 0
2192 3447 1
3447 2192 0
2193 3447 1
3447 2193 0
2194 3447 1
3447 2194 0
2195 3447 1
3447 2195 0
2196 3447 1
3447 2196 0
2197 3447 1
3447 2197 0
2198 3447 1
3447 2198 0
2199 3447 1
3447 2199 0
2200 3447 1
3447 2200 0
2201 3447 1
3447 2201 0
2202 3447 1
3447 2202 0
2203 3447 1
3447 2203 0
2204 3447 1
3447 2204 0
2205 3447 1
3447 2205 0
2206 3447 1
3447 2206 0
2207 3447 1
3447 2207 0
2208 3447 1
3447 2208 0
2209 3447 1
3447 2209 0
2210 3447 1
3447 2210 0
2211 3447 1
3447 2211 0
2212 3447 1
3447 2212 0
2213 3447 1
3447 2213 0
2214 3447 1
3447 2214 0
2215 3447 1
3447 2215 0
2216 3447 1
3447 2216 0
2217 3447 1
3447 2217 0
2218 3447 1
3447 2218 0
2219 3447 1
3447 2219 0
2220 3447 1
3447 2220 0
2221 3447 1
3447 2221 0
2222 3447 1
3447 2222 0
2223 3447 1
3447 2223 0
2224 3447 1
3447 2224 0
2225 3447 1
3447 2225 0
2226 3447 1
3447 2226 0
2227 3447 1
3447 2227 0
2228 3447 1
3447 2228 0
2229 3447 1
3447 2229 0
2230 3447 1
3447 2230 0
2231 3447 1
3447 2231 0
2232 3447 1
3447 2232 0
2233 3447 1
3447 2233 0
2234 3447 1
3447 2234 0
2235 3447 1
3447 2235 0
2236 3447 1
3447 2236 0
2237 3447 1
3447 2237 0
2238 3447 1
3447 2238 0
2239 3447 1
3447 2239 0
2240 3447 1
3447 2240 0
2241 3447 1
3447 2241 0
2242 3447 1
3447 2242 0
2243 3447 1
3447 2243 0
2244 3447 1
3447 2244 0
2245 3447 1
3447 2245 0
2246 3447 1
3447 2246 0
2247 3447 1
3447 2247 0
2248 3447 1
3447 2248 0
2249 3447 1
3447 2249 0
2250 3447 1
3447 2250 0
2251 3447 1
3447 2251 0
2252 3447 1
3447 2252 0
2253 3447 1
3447 2253 0
2254 3447 1
3447 2254 0
2255 3447 1
3447 2255 0
2256 3447 1
3447 2256 0
2257 3447 1
3447 2257 0
2258 3447 1
3447 2258 0
2259 3447 8
3447 2259 0
2260 3447 8
3447 2260 0
2261 3447 8
3447 2261 0
2262 3447 8
3447 2262 0
2263 3447 8
3447 2263 0
2264 3447 8
3447 2264 0
2265 3447 8
3447 2265 0
2266 3447 8
3447 2266 0
2267 3447 8
3447 2267 0
2268 3447 8
3447 2268 0
2269 3447 8
3447 2269 0
2270 3447 8
3447 2270 0
2271 3447 8
3447 2271 0
2272 3447 8
3447 2272 0
2273 3447 8
3447 2273 0
2274 3447 8
3447 2274 0
2275 3447 8
3447 2275 0
2276 3447 8
3447 2276 0
2277 3447 8
3447 2277 0
2278 3447 8
3447 2278 0
2279 3447 8
3447 2279 0
2280 3447 8
3447 2280 0
2281 3447 8
3447 2281 0
2282 3447 8
3447 2282 0
2283 3447 8
3447 2283 0
2284 3447 8
3447 2284 0
2285 3447 8
3447 2285 0
2286 3447 8
3447 2286 0
2287 3447 8
3447 2287 0
2288 3447 8
3447 2288 0
2289 3447 8
3447 2289 0
2290 3447 8
3447 2290 0
2291 3447 8
3447 2291 0
2292 3447 8
3447 2292 0
2293 3447 8
3447 2293 0
2294 3447 8
3447 2294 0
2295 3447 8
3447 2295 0
2296 3447 8
3447 2296 0
2297 3447 8
3447 2297 0
2298 3447 8
3447 2298 0
2299 3447 8
3447 2299 0
2300 3447 8
3447 2300 0
2301 3447 8
3447 2301 0
2302 3447 8
3447 2302 0
2303 3447 8
3447 2303 0
2304 3447 8
3447 2304 0
2305 3447 8
3447 2305 0
2306 3447 8
3447 2306 0
2307 3447 8
3447 2307 0
2308 3447 8
3447 2308 0
2309 3447 8
3447 2309 0
2310 3447 8
3447 2310 0
2311 3447 8
3447 2311 0
2312 3447 8
3447 2312 0
2313 3447 8
3447 2313 0
2314 3447 8
3447 2314 0
2315 3447 8
3447 2315 0
2316 3447 8
3447 2316 0
2317 3447 8
3447 2317 0
2318 3447 8
3447 2318 0
2319 3447 8
3447 2319 0
2320 3447 8
3447 2320 0
2321 3447 8
3447 2321 0
2322 3447 8
3447 2322 0
2323 3447 8
3447 2323 0
2324 3447 8
3447 2324 0
2325 3447 8
3447 2325 0
2326 3447 8
3447 2326 0
2327 3447 8
3447 2327 0
2328 3447 8
3447 2328 0
2329 3447 8
3447 2329 0
2330 3447 8
3447 2330 0
2331 3447 8
3447 2331 0
2332 3447 8
3447 2332 0
2333 3447 8
3447 2333 0
2334 3447 8
3447 2334 0
2335 3447 8
3447 2335 0
2336 3447 8
3447 2336 0
2337 3447 8
3447 2337 0
2338 3447 8
3447 2338 0
2339 3447 8
3447 2339 0
2340 3447 8
3447 2340 0
2341 3447 8
3447 2341 0
2342 3447 8
3447 2342 0
2343 3447 8
3447 2343 0
2344 3447 8
3447 2344 0
2345 3447 8
3447 2345 0
2346 3447 8
3447 2346 0
2347 3447 8
3447 2347 0
2348 3447 8
3447 2348 0
2349 3447 8
3447 2349 0
2350 3447 8
3447 2350 0
2351 3447 8
3447 2351 0
2352 3447 8
3447 2352 0
2353 3447 8
3447 2353 0
2354 3447 8
3447 2354 0
2355 3447 8
3447 2355 0
2356 3447 8
3447 2356 0
2357 3447 8
3447 2357 0
2358 3447 8
3447 2358 0
2359 3447 8
3447 2359 0
2360 3447 8
3447 2360 0
2361 3447 8
3447 2361 0
2362 3447 8
3447 2362 0
2363 3447 8
3447 2363 0
2364 3447 8
3447 2364 0
2365 3447 8
3447 2365 0
2366 3447 8
3447 2366 0
2367 3447 8
3447 2367 0
2368 3447 8
3447 2368 0
2369 3447 8
3447 2369 0
2370 3447 8
3447 2370 0
2371 3447 8
3447 2371 0
2372 3447 8
3447 2372 0
2373 3447 8
3447 2373 0
2374 3447 8
3447 2374 0
2375 3447 8
3447 2375 0
2376 3447 8
3447 2376 0
2377 3447 8
3447 2377 0
2378 3447 8
3447 2378 0
2379 3447 8
3447 2379 0
2380 3447 8
3447 2380 0
2381 3447 8
3447 2381 0
2382 3447 8
3447 2382 0
2383 3447 8
3447 2383 0
2384 3447 8
3447 2384 0
2385 3447 8
3447 2385 0
2386 3447 8
3447 2386 0
2387 3447 8
3447 2387 0
2388 3447 8
3447 2388 0
2389 3447 8
3447 2389 0
2390 3447 8
3447 2390 0
2391 3447 8
3447 2391 0
2392 3447 8
3447 2392 0
2393 3447 8
3447 2393 0
2394 3447 8
3447 2394 0
2395 3447 8
3447 2395 0
2396 3447 8
3447 2396 0
2397 3447 8
3447 2397 0
2398 3447 8
3447 2398 0
2399 3447 8
3447 2399 0
2400 3447 8
3447 2400 0
2401 3447 8
3447 2401 0
2402 3447 8
3447 2402 0
2403 3447 8
3447 2403 0
2404 3447 8
3447 2404 0
2405 3447 8
3447 2405 0
2406 3447 8
3447 2406 0
2407 3447 8
3447 2407 0
2408 3447 8
3447 2408 0
2409 3447 8
3447 2409 0
2410 3447 8
3447 2410 0
2411 3447 8
3447 2411 0
2412 3447 8
3447 2412 0
2413 3447 8
3447 2413 0
2414 3447 8
3447 2414 0
2415 3447 8
3447 2415 0
2416 3447 8
3447 2416 0
2417 3447 8
3447 2417 0
2418 3447 8
3447 2418 0
2419 3447 8
3447 2419 0
2420 3447 8
3447 2420 0
2421 3447 8
3447 2421 0
2422 3447 8
3447 2422 0
2423 3447 8
3447 2423 0
2424 3447 8
3447 2424 0
2425 3447 8
3447 2425 0
2426 3447 8
3447 2426 0
2427 3447 8
3447 2427 0
2428 3447 8
3447 2428 0
2429 3447 8
3447 2429 0
2430 3447 8
3447 2430 0
2431 3447 8
3447 2431 0
2432 3447 8
3447 2432 0
2433 3447 8
3447 2433 0
2434 3447 8
3447 2434 0
2435 3447 8
3447 2435 0
2436 3447 8
3447 2436 0
2437 3447 8
3447 2437 0
2438 3447 8
3447 2438 0
2439 3447 8
3447 2439 0
2440 3447 8
3447 2440 0
2441 3447 8
3447 2441 0
2442 3447 8
3447 2442 0
2443 3447 8
3447 2443 0
2444 3447 8
3447 2444 0
2445 3447 8
3447 2445 0
2446 3447 8
3447 2446 0
2447 3447 8
3447 2447 0
2448 3447 8
3447 2448 0
2449 3447 8
3447 2449 0
2450 3447 8
3447 2450 0
2451 3447 8
3447 2451 0
2452 3447 8
3447 2452 0
2453 3447 8
3447 2453 0
2454 3447 8
3447 2454 0
2455 3447 8
3447 2455 0
2456 3447 8
3447 2456 0
2457 3447 8
3447 2457 0
2458 3447 8
3447 2458 0
2459 3447 8
3447 2459 0
2460 3447 8
3447 2460 0
2461 3447 8
3447 2461 0
2462 3447 8
3447 2462 0
2463 3447 8
3447 2463 0
2464 3447 8
3447 2464 0
2465 3447 8
3447 2465 0
2466 3447 8
3447 2466 0
2467 3447 8
3447 2467 0
2468 3447 8
3447 2468 0
2469 3447 8
3447 2469 0
2470 3447 8
3447 2470 0
2471 3447 8
3447 2471 0
2472 3447 8
3447 2472 0
2473 3447 8
3447 2473 0
2474 3447 8
3447 2474 0
2475 3447 8
3447 2475 0
2476 3447 8
3447 2476 0
2477 3447 8
3447 2477 0
2478 3447 8
3447 2478 0
2479 3447 8
3447 2479 0
2480 3447 8
3447 2480 0
2481 3447 8
3447 2481 0
2482 3447 8
3447 2482 0
2483 3447 8
3447 2483 0
2484 3447 8
3447 2484 0
2485 3447 8
3447 2485 0
2486 3447 8
3447 2486 0
2487 3447 8
3447 2487 0
2488 3447 8
3447 2488 0
2489 3447 8
3447 2489 0
2490 3447 8
3447 2490 0
2491 3447 8
3447 2491 0
2492 3447 8
3447 2492 0
2493 3447 8
3447 2493 0
2494 3447 8
3447 2494 0
2495 3447 8
3447 2495 0
2496 3447 8
3447 2496 0
2497 3447 8
3447 2497 0
2498 3447 8
3447 2498 0
2499 3447 8
3447 2499 0
2500 3447 8
3447 2500 0
2501 3447 8
3447 2501 0
2502 3447 8
3447 2502 0
2503 3447 8
3447 2503 0
2504 3447 8
3447 2504 0
2505 3447 8
3447 2505 0
2506 3447 8
3447 2506 0
2507 3447 8
3447 2507 0
2508 3447 8
3447 2508 0
2509 3447 8
3447 2509 0
2510 3447 8
3447 2510 0
2511 3447 8
3447 2511 0
2512 3447 8
3447 2512 0
2513 3447 8
3447 2513 0
2514 3447 8
3447 2514 0
2515 3447 8
3447 2515 0
2516 3447 8
3447 2516 0
2517 3447 8
3447 2517 0
2518 3447 8
3447 2518 0
2519 3447 8
3447 2519 0
2520 3447 8
3447 2520 0
2521 3447 8
3447 2521 0
2522 3447 8
3447 2522 0
2523 3447 8
3447 2523 0
2524 3447 8
3447 2524 0
2525 3447 8
3447 2525 0
2526 3447 8
3447 2526 0
2527 3447 8
3447 2527 0
2528 3447 8
3447 2528 0
2529 3447 8
3447 2529 0
2530 3447 8
3447 2530 0
2531 3447 8
3447 2531 0
2532 3447 8
3447 2532 0
2533 3447 8
3447 2533 0
2534 3447 8
3447 2534 0
2535 3447 8
3447 2535 0
2536 3447 8
3447 2536 0
2537 3447 8
3447 2537 0
2538 3447 8
3447 2538 0
2539 3447 8
3447 2539 0
2540 3447 8
3447 2540 0
2541 3447 8
3447 2541 0
2542 3447 8
3447 2542 0
2543 3447 8
3447 2543 0
2544 3447 8
3447 2544 0
2545 3447 8
3447 2545 0
2546 3447 8
3447 2546 0
2547 3447 8
3447 2547 0
2548 3447 8
3447 2548 0
2549 3447 8
3447 2549 0
2550 3447 8
3447 2550 0
2551 3447 8
3447 2551 0
2552 3447 8
3447 2552 0
2553 3447 8
3447 2553 0
2554 3447 8
3447 2554 0
2555 3447 8
3447 2555 0
2556 3447 8
3447 2556 0
2557 3447 8
3447 2557 0
2558 3447 8
3447 2558 0
2559 3447 8
3447 2559 0
2560 3447 8
3447 2560 0
2561 3447 8
3447 2561 0
2562 3447 8
3447 2562 0
2563 3447 8
3447 2563 0
2564 3447 8
3447 2564 0
2565 3447 8
3447 2565 0
2566 3447 8
3447 2566 0
2567 3447 8
3447 2567 0
2568 3447 8
3447 2568 0
2569 3447 8
3447 2569 0
2570 3447 8
3447 2570 0
2571 3447 8
3447 2571 0
2572 3447 8
3447 2572 0
2573 3447 8
3447 2573 0
2574 3447 8
3447 2574 0
2575 3447 8
3447 2575 0
2576 3447 8
3447 2576 0
2577 3447 8
3447 2577 0
2578 3447 8
3447 2578 0
2579 3447 8
3447 2579 0
2580 3447 8
3447 2580 0
2581 3447 8
3447 2581 0
2582 3447 8
3447 2582 0
2583 3447 8
3447 2583 0
2584 3447 8
3447 2584 0
2585 3447 8
3447 2585 0
2586 3447 8
3447 2586 0
2587 3447 8
3447 2587 0
2588 3447 8
3447 2588 0
2589 3447 8
3447 2589 0
2590 3447 8
3447 2590 0
2591 3447 8
3447 2591 0
2592 3447 8
3447 2592 0
2593 3447 8
3447 2593 0
2594 3447 8
3447 2594 0
2595 3447 8
3447 2595 0
2596 3447 8
3447 2596 0
2597 3447 8
3447 2597 0
2598 3447 8
3447 2598 0
2599 3447 8
3447 2599 0
2600 3447 8
3447 2600 0
2601 3447 8
3447 2601 0
2602 3447 8
3447 2602 0
2603 3447 8
3447 2603 0
2604 3447 8
3447 2604 0
2605 3447 8
3447 2605 0
2606 3447 8
3447 2606 0
2607 3447 8
3447 2607 0
2608 3447 8
3447 2608 0
2609 3447 8
3447 2609 0
2610 3447 8
3447 2610 0
2611 3447 8
3447 2611 0
2612 3447 8
3447 2612 0
2613 3447 8
3447 2613 0
2614 3447 8
3447 2614 0
2615 3447 8
3447 2615 0
2616 3447 8
3447 2616 0
2617 3447 8
3447 2617 0
2618 3447 8
3447 2618 0
2619 3447 8
3447 2619 0
2620 3447 8
3447 2620 0
2621 3447 8
3447 2621 0
2622 3447 8
3447 2622 0
2623 3447 8
3447 2623 0
2624 3447 8
3447 2624 0
2625 3447 8
3447 2625 0
2626 3447 8
3447 2626 0
2627 3447 8
3447 2627 0
2628 3447 8
3447 2628 0
2629 3447 8
3447 2629 0
2630 3447 8
3447 2630 0
2631 3447 8
3447 2631 0
2632 3447 8
3447 2632 0
2633 3447 8
3447 2633 0
2634 3447 8
3447 2634 0
2635 3447 8
3447 2635 0
2636 3447 8
3447 2636 0
2637 3447 8
3447 2637 0
2638 3447 8
3447 2638 0
2639 3447 8
3447 2639 0
2640 3447 8
3447 2640 0
2641 3447 8
3447 2641 0
2642 3447 8
3447 2642 0
2643 3447 8
3447 2643 0
2644 3447 8
3447 2644 0
2645 3447 8
3447 2645 0
2646 3447 8
3447 2646 0
2647 3447 8
3447 2647 0
2648 3447 8
3447 2648 0
2649 3447 8
3447 2649 0
2650 3447 8
3447 2650 0
2651 3447 8
3447 2651 0
2652 3447 8
3447 2652 0
2653 3447 8
3447 2653 0
2654 3447 8
3447 2654 0
2655 3447 8
3447 2655 0
2656 3447 8
3447 2656 0
2657 3447 8
3447 2657 0
2658 3447 8
3447 2658 0
2659 3447 8
3447 2659 0
2660 3447 8
3447 2660 0
2661 3447 8
3447 2661 0
2662 3447 8
3447 2662 0
2663 3447 8
3447 2663 0
2664 3447 8
3447 2664 0
2665 3447 8
3447 2665 0
2666 3447 8
3447 2666 0
2667 3447 8
3447 2667 0
2668 3447 8
3447 2668 0
2669 3447 8
3447 2669 0
2670 3447 8
3447 2670 0
2671 3447 8
3447 2671 0
2672 3447 8
3447 2672 0
2673 3447 8
3447 2673 0
2674 3447 8
3447 2674 0
2675 3447 8
3447 2675 0
2676 3447 8
3447 2676 0
2677 3447 8
3447 2677 0
2678 3447 8
3447 2678 0
2679 3447 8
3447 2679 0
2680 3447 8
3447 2680 0
2681 3447 8
3447 2681 0
2682 3447 8
3447 2682 0
2683 3447 8
3447 2683 0
2684 3447 8
3447 2684 0
2685 3447 8
3447 2685 0
2686 3447 8
3447 2686 0
2687 3447 8
3447 2687 0
2688 3447 8
3447 2688 0
2689 3447 8
3447 2689 0
2690 3447 8
3447 2690 0
2691 3447 8
3447 2691 0
2692 3447 8
3447 2692 0
2693 3447 8
3447 2693 0
2694 3447 8
3447 2694 0
2695 3447 8
3447 2695 0
2696 3447 8
3447 2696 0
2697 3447 8
3447 2697 0
2698 3447 8
3447 2698 0
2699 3447 8
3447 2699 0
2700 3447 8
3447 2700 0
2701 3447 8
3447 2701 0
2702 3447 8
3447 2702 0
2703 3447 8
3447 2703 0
2704 3447 8
3447 2704 0
2705 3447 8
3447 2705 0
2706 3447 8
3447 2706 0
2707 3447 8
3447 2707 0
2708 3447 8
3447 2708 0
2709 3447 8
3447 2709 0
2710 3447 8
3447 2710 0
2711 3447 8
3447 2711 0
2712 3447 8
3447 2712 0
2713 3447 8
3447 2713 0
2714 3447 8
3447 2714 0
2715 3447 8
3447 2715 0
2716 3447 8
3447 2716 0
2717 3447 8
3447 2717 0
2718 3447 8
3447 2718 0
2719 3447 8
3447 2719 0
2720 3447 8
3447 2720 0
2721 3447 8
3447 2721 0
2722 3447 8
3447 2722 0
2723 3447 8
3447 2723 0
2724 3447 8
3447 2724 0
2725 3447 8
3447 2725 0
2726 3447 8
3447 2726 0
2727 3447 8
3447 2727 0
2728 3447 8
3447 2728 0
2729 3447 8
3447 2729 0
2730 3447 8
3447 2730 0
2731 3447 8
3447 2731 0
2732 3447 8
3447 2732 0
2733 3447 8
3447 2733 0
2734 3447 8
3447 2734 0
2735 3447 8
3447 2735 0
2736 3447 8
3447 2736 0
2737 3447 8
3447 2737 0
2738 3447 8
3447 2738 0
2739 3447 8
3447 2739 0
2740 3447 8
3447 2740 0
2741 3447 8
3447 2741 0
2742 3447 8
3447 2742 0
2743 3447 8
3447 2743 0
2744 3447 8
3447 2744 0
2745 3447 8
3447 2745 0
2746 3447 8
3447 2746 0
2747 3447 8
3447 2747 0
2748 3447 8
3447 2748 0
2749 3447 8
3447 2749 0
2750 3447 8
3447 2750 0
2751 3447 8
3447 2751 0
2752 3447 8
3447 2752 0
2753 3447 8
3447 2753 0
2754 3447 8
3447 2754 0
2755 3447 8
3447 2755 0
2756 3447 8
3447 2756 0
2757 3447 8
3447 2757 0
2758 3447 8
3447 2758 0
2759 3447 8
3447 2759 0
2760 3447 8
3447 2760 0
2761 3447 8
3447 2761 0
2762 3447 8
3447 2762 0
2763 3447 8
3447 2763 0
2764 3447 8
3447 2764 0
2765 3447 8
3447 2765 0
2766 3447 8
3447 2766 0
2767 3447 8
3447 2767 0
2768 3447 8
3447 2768 0
2769 3447 8
3447 2769 0
2770 3447 8
3447 2770 0
2771 3447 8
3447 2771 0
2772 3447 8
3447 2772 0
2773 3447 8
3447 2773 0
2774 3447 8
3447 2774 0
2775 3447 8
3447 2775 0
2776 3447 8
3447 2776 0
2777 3447 8
3447 2777 0
2778 3447 8
3447 2778 0
2779 3447 8
3447 2779 0
2780 3447 8
3447 2780 0
2781 3447 8
3447 2781 0
2782 3447 8
3447 2782 0
2783 3447 8
3447 2783 0
2784 3447 8
3447 2784 0
2785 3447 8
3447 2785 0
2786 3447 8
3447 2786 0
2787 3447 8
3447 2787 0
2788 3447 8
3447 2788 0
2789 3447 8
3447 2789 0
2790 3447 8
3447 2790 0
2791 3447 8
3447 2791 0
2792 3447 8
3447 2792 0
2793 3447 8
3447 2793 0
2794 3447 8
3447 2794 0
2795 3447 8
3447 2795 0
2796 3447 8
3447 2796 0
2797 3447 8
3447 2797 0
2798 3447 8
3447 2798 0
2799 3447 8
3447 2799 0
2800 3447 8
3447 2800 0
2801 3447 8
3447 2801 0
2802 3447 8
3447 2802 0
2803 3447 8
3447 2803 0
2804 3447 8
3447 2804 0
2805 3447 8
3447 2805 0
2806 3447 8
3447 2806 0
2807 3447 8
3447 2807 0
2808 3447 8
3447 2808 0
2809 3447 8
3447 2809 0
2810 3447 8
3447 2810 0
2811 3447 8
3447 2811 0
2812 3447 8
3447 2812 0
2813 3447 8
3447 2813 0
2814 3447 8
3447 2814 0
2815 3447 8
3447 2815 0
2816 3447 8
3447 2816 0
2817 3447 8
3447 2817 0
2818 3447 8
3447 2818 0
2819 3447 8
3447 2819 0
2820 3447 8
3447 2820 0
2821 3447 8
3447 2821 0
2822 3447 8
3447 2822 0
2823 3447 8
3447 2823 0
2824 3447 8
3447 2824 0
2825 3447 8
3447 2825 0
2826 3447 8
3447 2826 0
2827 3447 8
3447 2827 0
2828 3447 8
3447 2828 0
2829 3447 8
3447 2829 0
2830 3447 8
3447 2830 0
2831 3447 8
3447 2831 0
2832 3447 8
3447 2832 0
2833 3447 8
3447 2833 0
2834 3447 8
3447 2834 0
2835 3447 8
3447 2835 0
2836 3447 8
3447 2836 0
2837 3447 8
3447 2837 0
2838 3447 8
3447 2838 0
2839 3447 8
3447 2839 0
2840 3447 8
3447 2840 0
2841 3447 8
3447 2841 0
2842 3447 8
3447 2842 0
2843 3447 8
3447 2843 0
2844 3447 8
3447 2844 0
2845 3447 8
3447 2845 0
2846 3447 8
3447 2846 0
2847 3447 8
3447 2847 0
2848 3447 8
3447 2848 0
2849 3447 8
3447 2849 0
2850 3447 8
3447 2850 0
2851 3447 8
3447 2851 0
2852 3447 8
3447 2852 0
2853 3447 8
3447 2853 0
2854 3447 8
3447 2854 0
2855 3447 8
3447 2855 0
2856 3447 8
3447 2856 0
2857 3447 8
3447 2857 0
2858 3447 8
3447 2858 0
2859 3447 8
3447 2859 0
2860 3447 8
3447 2860 0
2861 3447 8
3447 2861 0
2862 3447 8
3447 2862 0
2863 3447 8
3447 2863 0
2864 3447 8
3447 2864 0
2865 3447 8
3447 2865 0
2866 3447 8
3447 2866 0
2867 3447 8
3447 2867 0
2868 3447 8
3447 2868 0
2869 3447 8
3447 2869 0
2870 3447 8
3447 2870 0
2871 3447 8
3447 2871 0
2872 3447 8
3447 2872 0
2873 3447 8
3447 2873 0
2874 3447 8
3447 2874 0
2875 3447 8
3447 2875 0
2876 3447 8
3447 2876 0
2877 3447 8
3447 2877 0
2878 3447 8
3447 2878 0
2879 3447 8
3447 2879 0
2880 3447 8
3447 2880 0
2881 3447 8
3447 2881 0
2882 3447 8
3447 2882 0
2883 3447 8
3447 2883 0
2884 3447 8
3447 2884 0
2885 3447 8
3447 2885 0
2886 3447 8
3447 2886 0
2887 3447 8
3447 2887 0
2888 3447 8
3447 2888 0
2889 3447 8
3447 2889 0
2890 3447 8
3447 2890 0
2891 3447 8
3447 2891 0
2892 3447 8
3447 2892 0
2893 3447 8
3447 2893 0
2894 3447 8
3447 2894 0
2895 3447 8
3447 2895 0
2896 3447 8
3447 2896 0
2897 3447 8
3447 2897 0
2898 3447 8
3447 2898 0
2899 3447 8
3447 2899 0
2900 3447 8
3447 2900 0
2901 3447 8
3447 2901 0
2902 3447 8
3447 2902 0
2903 3447 8
3447 2903 0
2904 3447 8
3447 2904 0
2905 3447 8
3447 2905 0
2906 3447 8
3447 2906 0
2907 3447 8
3447 2907 0
2908 3447 8
3447 2908 0
2909 3447 8
3447 2909 0
2910 3447 8
3447 2910 0
2911 3447 8
3447 2911 0
2912 3447 8
3447 2912 0
2913 3447 8
3447 2913 0
2914 3447 8
3447 2914 0
2915 3447 8
3447 2915 0
2916 3447 8
3447 2916 0
2917 3447 8
3447 2917 0
2918 3447 8
3447 2918 0
2919 3447 8
3447 2919 0
2920 3447 8
3447 2920 0
2921 3447 8
3447 2921 0
2922 3447 8
3447 2922 0
2923 3447 8
3447 2923 0
2924 3447 8
3447 2924 0
2925 3447 8
3447 2925 0
2926 3447 8
3447 2926 0
2927 3447 8
3447 2927 0
2928 3447 8
3447 2928 0
2929 3447 8
3447 2929 0
2930 3447 8
3447 2930 0
2931 3447 8
3447 2931 0
2932 3447 8
3447 2932 0
2933 3447 8
3447 2933 0
2934 3447 8
3447 2934 0
2935 3447 8
3447 2935 0
2936 3447 8
3447 2936 0
2937 3447 8
3447 2937 0
2938 3447 8
3447 2938 0
2939 3447 8
3447 2939 0
2940 3447 8
3447 2940 0
2941 3447 8
3447 2941 0
2942 3447 8
3447 2942 0
2943 3447 8
3447 2943 0
2944 3447 8
3447 2944 0
2945 3447 8
3447 2945 0
2946 3447 8
3447 2946 0
2947 3447 8
3447 2947 0
2948 3447 8
3447 2948 0
2949 3447 8
3447 2949 0
2950 3447 8
3447 2950 0
2951 3447 8
3447 2951 0
2952 3447 8
3447 2952 0
2953 3447 8
3447 2953 0
2954 3447 8
3447 2954 0
2955 3447 8
3447 2955 0
2956 3447 8
3447 2956 0
2957 3447 8
3447 2957 0
2958 3447 8
3447 2958 0
2959 3447 8
3447 2959 0
2960 3447 8
3447 2960 0
2961 3447 8
3447 2961 0
2962 3447 8
3447 2962 0
2963 3447 8
3447 2963 0
2964 3447 8
3447 2964 0
2965 3447 8
3447 2965 0
2966 3447 8
3447 2966 0
2967 3447 8
3447 2967 0
2968 3447 8
3447 2968 0
2969 3447 8
3447 2969 0
2970 3447 8
3447 2970 0
2971 3447 8
3447 2971 0
2972 3447 8
3447 2972 0
2973 3447 8
3447 2973 0
2974 3447 8
3447 2974 0
2975 3447 8
3447 2975 0
2976 3447 8
3447 2976 0
2977 3447 8
3447 2977 0
2978 3447 8
3447 2978 0
2979 3447 8
3447 2979 0
2980 3447 8
3447 2980 0
2981 3447 8
3447 2981 0
2982 3447 8
3447 2982 0
2983 3447 8
3447 2983 0
2984 3447 8
3447 2984 0
2985 3447 8
3447 2985 0
2986 3447 8
3447 2986 0
2987 3447 8
3447 2987 0
2988 3447 8
3447 2988 0
2989 3447 8
3447 2989 0
2990 3447 8
3447 2990 0
2991 3447 8
3447 2991 0
2992 3447 8
3447 2992 0
2993 3447 8
3447 2993 0
2994 3447 8
3447 2994 0
2995 3447 8
3447 2995 0
2996 3447 8
3447 2996 0
2997 3447 8
3447 2997 0
2998 3447 8
3447 2998 0
2999 3447 8
3447 2999 0
3000 3447 8
3447 3000 0
3001 3447 8
3447 3001 0
3002 3447 8
3447 3002 0
3003 3447 8
3447 3003 0
3004 3447 8
3447 3004 0
3005 3447 8
3447 3005 0
3006 3447 8
3447 3006 0
3007 3447 8
3447 3007 0
3008 3447 8
3447 3008 0
3009 3447 8
3447 3009 0
3010 3447 8
3447 3010 0
3011 3447 8
3447 3011 0
3012 3447 8
3447 3012 0
3013 3447 8
3447 3013 0
3014 3447 8
3447 3014 0
3015 3447 8
3447 3015 0
3016 3447 8
3447 3016 0
3017 3447 8
3447 3017 0
3018 3447 8
3447 3018 0
3019 3447 8
3447 3019 0
3020 3447 8
3447 3020 0
3021 3447 8
3447 3021 0
3022 3447 8
3447 3022 0
3023 3447 8
3447 3023 0
3024 3447 8
3447 3024 0
3025 3447 8
3447 3025 0
3026 3447 8
3447 3026 0
3027 3447 8
3447 3027 0
3028 3447 8
3447 3028 0
3029 3447 8
3447 3029 0
3030 3447 8
3447 3030 0
3031 3447 8
3447 3031 0
3032 3447 8
3447 3032 0
3033 3447 8
3447 3033 0
3034 3447 8
3447 3034 0
3035 3447 8
3447 3035 0
3036 3447 8
3447 3036 0
3037 3447 8
3447 3037 0
3038 3447 8
3447 3038 0
3039 3447 8
3447 3039 0
3040 3447 8
3447 3040 0
3041 3447 8
3447 3041 0
3042 3447 8
3447 3042 0
3043 3447 8
3447 3043 0
3044 3447 8
3447 3044 0
3045 3447 8
3447 3045 0
3046 3447 8
3447 3046 0
3047 3447 8
3447 3047 0
3048 3447 8
3447 3048 0
3049 3447 8
3447 3049 0
3050 3447 8
3447 3050 0
3051 3447 8
3447 3051 0
3052 3447 8
3447 3052 0
3053 3447 8
3447 3053 0
3054 3447 8
3447 3054 0
3055 3447 8
3447 3055 0
3056 3447 8
3447 3056 0
3057 3447 8
3447 3057 0
3058 3447 8
3447 3058 0
3059 3447 8
3447 3059 0
3060 3447 8
3447 3060 0
3061 3447 8
3447 3061 0
3062 3447 8
3447 3062 0
3063 3447 8
3447 3063 0
3064 3447 8
3447 3064 0
3065 3447 8
3447 3065 0
3066 3447 8
3447 3066 0
3067 3447 8
3447 3067 0
3068 3447 8
3447 3068 0
3069 3447 8
3447 3069 0
3070 3447 8
3447 3070 0
3071 3447 8
3447 3071 0
3072 3447 8
3447 3072 0
3073 3447 8
3447 3073 0
3074 3447 8
3447 3074 0
3075 3447 8
3447 3075 0
3076 3447 8
3447 3076 0
3077 3447 8
3447 3077 0
3078 3447 8
3447 3078 0
3079 3447 8
3447 3079 0
3080 3447 8
3447 3080 0
3081 3447 8
3447 3081 0
3082 3447 8
3447 3082 0
3083 3447 8
3447 3083 0
3084 3447 8
3447 3084 0
3085 3447 8
3447 3085 0
3086 3447 8
3447 3086 0
3087 3447 8
3447 3087 0
3088 3447 8
3447 3088 0
3089 3447 8
3447 3089 0
3090 3447 8
3447 3090 0
3091 3447 8
3447 3091 0
3092 3447 8
3447 3092 0
3093 3447 8
3447 3093 0
3094 3447 8
3447 3094 0
3095 3447 8
3447 3095 0
3096 3447 8
3447 3096 0
3097 3447 8
3447 3097 0
3098 3447 8
3447 3098 0
3099 3447 8
3447 3099 0
3100 3447 8
3447 3100 0
3101 3447 8
3447 3101 0
3102 3447 8
3447 3102 0
3103 3447 8
3447 3103 0
3104 3447 8
3447 3104 0
3105 3447 8
3447 3105 0
3106 3447 8
3447 3106 0
3107 3447 8
3447 3107 0
3108 3447 8
3447 3108 0
3109 3447 8
3447 3109 0
3110 3447 8
3447 3110 0
3111 3447 8
3447 3111 0
3112 3447 8
3447 3112 0
3113 3447 8
3447 3113 0
3114 3447 8
3447 3114 0
3115 3447 8
3447 3115 0
3116 3447 8
3447 3116 0
3117 3447 8
3447 3117 0
3118 3447 8
3447 3118 0
3119 3447 8
3447 3119 0
3120 3447 8
3447 3120 0
3121 3447 8
3447 3121 0
3122 3447 8
3447 3122 0
3123 3447 8
3447 3123 0
3124 3447 8
3447 3124 0
3125 3447 8
3447 3125 0
3126 3447 8
3447 3126 0
3127 3447 8
3447 3127 0
3128 3447 8
3447 3128 0
3129 3447 8
3447 3129 0
3130 3447 8
3447 3130 0
3131 3447 8
3447 3131 0
3132 3447 8
3447 3132 0
3133 3447 8
3447 3133 0
3134 3447 8
3447 3134 0
3135 3447 8
3447 3135 0
3136 3447 8
3447 3136 0
3137 3447 8
3447 3137 0
3138 3447 8
3447 3138 0
3139 3447 8
3447 3139 0
3140 3447 8
3447 3140 0
3141 3447 8
3447 3141 0
3142 3447 8
3447 3142 0
3143 3447 8
3447 3143 0
3144 3447 8
3447 3144 0
3145 3447 8
3447 3145 0
3146 3447 8
3447 3146 0
3147 3447 8
3447 3147 0
3148 3447 8
3447 3148 0
3149 3447 8
3447 3149 0
3150 3447 8
3447 3150 0
3151 3447 8
3447 3151 0
3152 3447 8
3447 3152 0
3153 3447 8
3447 3153 0
3154 3447 8
3447 3154 0
3155 3447 8
3447 3155 0
3156 3447 8
3447 3156 0
3157 3447 8
3447 3157 0
3158 3447 8
3447 3158 0
3159 3447 8
3447 3159 0
3160 3447 8
3447 3160 0
3161 3447 8
3447 3161 0
3162 3447 8
3447 3162 0
3163 3447 8
3447 3163 0
3164 3447 8
3447 3164 0
3165 3447 8
3447 3165 0
3166 3447 8
3447 3166 0
3167 3447 8
3447 3167 0
3168 3447 8
3447 3168 0
3169 3447 8
3447 3169 0
3170 3447 8
3447 3170 0
3171 3447 8
3447 3171 0
3172 3447 8
3447 3172 0
3173 3447 8
3447 3173 0
3174 3447 8
3447 3174 0
3175 3447 8
3447 3175 0
3176 3447 8
3447 3176 0
3177 3447 8
3447 3177 0
3178 3447 8
3447 3178 0
3179 3447 8
3447 3179 0
3180 3447 8
3447 3180 0
3181 3447 8
3447 3181 0
3182 3447 8
3447 3182 0
3183 3447 8
3447 3183 0
3184 3447 8
3447 3184 0
3185 3447 8
3447 3185 0
3186 3447 8
3447 3186 0
3187 3447 8
3447 3187 0
3188 3447 8
3447 3188 0
3189 3447 8
3447 3189 0
3190 3447 8
3447 3190 0
3191 3447 8
3447 3191 0
3192 3447 8
3447 3192 0
3193 3447 8
3447 3193 0
3194 3447 8
3447 3194 0
3195 3447 8
3447 3195 0
3196 3447 8
3447 3196 0
3197 3447 8
3447 3197 0
3198 3447 8
3447 3198 0
3199 3447 8
3447 3199 0
3200 3447 8
3447 3200 0
3201 3447 8
3447 3201 0
3202 3447 8
3447 3202 0
3203 3447 8
3447 3203 0
3204 3447 8
3447 3204 0
3205 3447 8
3447 3205 0
3206 3447 8
3447 3206 0
3207 3447 8
3447 3207 0
3208 3447 8
3447 3208 0
3209 3447 8
3447 3209 0
3210 3447 8
3447 3210 0
3211 3447 8
3447 3211 0
3212 3447 8
3447 3212 0
3213 3447 8
3447 3213 0
3214 3447 8
3447 3214 0
3215 3447 8
3447 3215 0
3216 3447 8
3447 3216 0
3217 3447 8
3447 3217 0
3218 3447 8
3447 3218 0
3219 3447 8
3447 3219 0
3220 3447 8
3447 3220 0
3221 3447 8
3447 3221 0
3222 3447 8
3447 3222 0
3223 3447 8
3447 3223 0
3224 3447 8
3447 3224 0
3225 3447 8
3447 3225 0
3226 3447 8
3447 3226 0
3227 3447 8
3447 3227 0
3228 3447 8
3447 3228 0
3229 3447 8
3447 3229 0
3230 3447 8
3447 3230 0
3231 3447 8
3447 3231 0
3232 3447 8
3447 3232 0
3233 3447 8
3447 3233 0
3234 3447 8
3447 3234 0
3235 3447 8
3447 3235 0
3236 3447 8
3447 3236 0
3237 3447 8
3447 3237 0
3238 3447 8
3447 3238 0
3239 3447 8
3447 3239 0
3240 3447 8
3447 3240 0
3241 3447 8
3447 3241 0
3242 3447 8
3447 3242 0
3243 3447 8
3447 3243 0
3244 3447 8
3447 3244 0
3245 3447 8
3447 3245 0
3246 3447 8
3447 3246 0
3247 3447 8
3447 3247 0
3248 3447 8
3447 3248 0
3249 3447 8
3447 3249 0
3250 3447 8
3447 3250 0
3251 3447 8
3447 3251 0
3252 3447 8
3447 3252 0
3253 3447 8
3447 3253 0
3254 3447 8
3447 3254 0
3255 3447 8
3447 3255 0
3256 3447 8
3447 3256 0
3257 3447 8
3447 3257 0
3258 3447 8
3447 3258 0
3259 3447 8
3447 3259 0
3260 3447 8
3447 3260 0
3261 3447 8
3447 3261 0
3262 3447 8
3447 3262 0
3263 3447 8
3447 3263 0
3264 3447 8
3447 3264 0
3265 3447 8
3447 3265 0
3266 3447 8
3447 3266 0
3267 3447 8
3447 3267 0
3268 3447 8
3447 3268 0
3269 3447 8
3447 3269 0
3270 3447 8
3447 3270 0
3271 3447 8
3447 3271 0
3272 3447 8
3447 3272 0
3273 3447 8
3447 3273 0
3274 3447 8
3447 3274 0
3275 3447 8
3447 3275 0
3276 3447 8
3447 3276 0
3277 3447 8
3447 3277 0
3278 3447 8
3447 3278 0
3279 3447 8
3447 3279 0
3280 3447 8
3447 3280 0
3281 3447 8
3447 3281 0
3282 3447 8
3447 3282 0
3283 3447 8
3447 3283 0
3284 3447 8
3447 3284 0
3285 3447 8
3447 3285 0
3286 3447 8
3447 3286 0
3287 3447 8
3447 3287 0
3288 3447 8
3447 3288 0
3289 3447 8
3447 3289 0
3290 3447 8
3447 3290 0
3291 3447 8
3447 3291 0
3292 3447 8
3447 3292 0
3293 3447 8
3447 3293 0
3294 3447 8
3447 3294 0
3295 3447 8
3447 3295 0
3296 3447 8
3447 3296 0
3297 3447 8
3447 3297 0
3298 3447 8
3447 3298 0
3299 3447 8
3447 3299 0
3300 3447 8
3447 3300 0
3301 3447 8
3447 3301 0
3302 3447 8
3447 3302 0
3303 3447 8
3447 3303 0
3304 3447 8
3447 3304 0
3305 3447 8
3447 3305 0
3306 3447 8
3447 3306 0
3307 3447 8
3447 3307 0
3308 3447 8
3447 3308 0
3309 3447 8
3447 3309 0
3310 3447 8
3447 3310 0
3311 3447 8
3447 3311 0
3312 3447 8
3447 3312 0
3313 3447 8
3447 3313 0
3314 3447 8
3447 3314 0
3315 3447 8
3447 3315 0
3316 3447 8
3447 3316 0
3317 3447 8
3447 3317 0
3318 3447 8
3447 3318 0
3319 3447 8
3447 3319 0
3320 3447 8
3447 3320 0
3321 3447 8
3447 3321 0
3322 3447 8
3447 3322 0
3323 3447 8
3447 3323 0
3324 3447 8
3447 3324 0
3325 3447 8
3447 3325 0
3326 3447 8
3447 3326 0
3327 3447 8
3447 3327 0
3328 3447 8
3447 3328 0
3329 3447 8
3447 3329 0
3330 3447 8
3447 3330 0
3331 3447 8
3447 3331 0
3332 3447 8
3447 3332 0
3333 3447 8
3447 3333 0
3334 3447 8
3447 3334 0
3335 3447 8
3447 3335 0
3336 3447 8
3447 3336 0
3337 3447 8
3447 3337 0
3338 3447 8
3447 3338 0
3339 3447 8
3447 3339 0
3340 3447 8
3447 3340 0
3341 3447 8
3447 3341 0
3342 3447 8
3447 3342 0
3343 3447 8
3447 3343 0
3344 3447 8
3447 3344 0
3345 3447 8
3447 3345 0
3346 3447 8
3447 3346 0
3347 3447 8
3447 3347 0
3348 3447 8
3447 3348 0
3349 3447 8
3447 3349 0
3350 3447 8
3447 3350 0
3351 3447 8
3447 3351 0
3352 3447 8
3447 3352 0
3353 3447 8
3447 3353 0
3354 3447 8
3447 3354 0
3355 3447 8
3447 3355 0
3356 3447 8
3447 3356 0
3357 3447 8
3447 3357 0
3358 3447 8
3447 3358 0
3359 3447 8
3447 3359 0
3360 3447 8
3447 3360 0
3361 3447 8
3447 3361 0
3362 3447 8
3447 3362 0
3363 3447 8
3447 3363 0
3364 3447 8
3447 3364 0
3365 3447 8
3447 3365 0
3366 3447 8
3447 3366 0
3367 3447 8
3447 3367 0
3368 3447 8
3447 3368 0
3369 3447 8
3447 3369 0
3370 3447 8
3447 3370 0
3371 3447 8
3447 3371 0
3372 3447 8
3447 3372 0
3373 3447 8
3447 3373 0
3374 3447 8
3447 3374 0
3375 3447 8
3447 3375 0
3376 3447 8
3447 3376 0
3377 3447 8
3447 3377 0
3378 3447 8
3447 3378 0
3379 3447 8
3447 3379 0
3380 3447 8
3447 3380 0
3381 3447 8
3447 3381 0
3382 3447 8
3447 3382 0
3383 3447 8
3447 3383 0
3384 3447 8
3447 3384 0
3385 3447 8
3447 3385 0
3386 3447 8
3447 3386 0
3387 3447 8
3447 3387 0
3388 3447 8
3447 3388 0
3389 3447 8
3447 3389 0
3390 3447 8
3447 3390 0
3391 3447 8
3447 3391 0
3392 3447 8
3447 3392 0
3393 3447 8
3447 3393 0
3394 3447 8
3447 3394 0
3395 3447 8
3447 3395 0
3396 3447 8
3447 3396 0
3397 3447 8
3447 3397 0
3398 3447 8
3447 3398 0
3399 3447 8
3447 3399 0
3400 3447 8
3447 3400 0
3401 3447 8
3447 3401 0
3402 3447 8
3447 3402 0
3403 3447 8
3447 3403 0
3404 3447 8
3447 3404 0
3405 3447 8
3447 3405 0
3406 3447 8
3447 3406 0
3407 3447 8
3447 3407 0
3408 3447 8
3447 3408 0
3409 3447 8
3447 3409 0
3410 3447 8
3447 3410 0
3411 3447 8
3447 3411 0
3412 3447 8
3447 3412 0
3413 3447 8
3447 3413 0
3414 3447 8
3447 3414 0
3415 3447 8
3447 3415 0
3416 3447 8
3447 3416 0
3417 3447 8
3447 3417 0
3418 3447 8
3447 3418 0
3419 3447 8
3447 3419 0
3420 3447 8
3447 3420 0
3421 3447 8
3447 3421 0
3422 3447 8
3447 3422 0
3423 3447 8
3447 3423 0
3424 3447 8
3447 3424 0
3425 3447 8
3447 3425 0
3426 3447 8
3447 3426 0
3427 3447 8
3447 3427 0
3428 3447 8
3447 3428 0
3429 3447 8
3447 3429 0
3430 3447 8
3447 3430 0
3431 3447 8
3447 3431 0
3432 3447 8
3447 3432 0
3433 3447 8
3447 3433 0
3434 3447 8
3447 3434 0
3435 3447 8
3447 3435 0
3436 3447 8
3447 3436 0
3437 3447 8
3447 3437 0
3438 3447 8
3447 3438 0
3439 3447 8
3447 3439 0
3440 3447 8
3447 3440 0
3441 3447 8
3447 3441 0
3442 3447 8
3447 3442 0
3443 3447 8
3447 3443 0
3444 3447 8
3447 3444 0
3445 3447 8
3447 3445 0
3446 3447 8
3447 3446 0
