3405 3404 452 6808
1 3405 1
3405 1 0
2 3405 1
3405 2 0
3 3405 1
3405 3 0
4 3405 1
3405 4 0
5 3405 1
3405 5 0
6 3405 1
3405 6 0
7 3405 1
3405 7 0
8 3405 1
3405 8 0
9 3405 1
3405 9 0
10 3405 1
3405 10 0
11 3405 1
3405 11 0
12 3405 1
3405 12 0
13 3405 1
3405 13 0
14 3405 1
3405 14 0
15 3405 1
3405 15 0
16 3405 1
3405 16 0
17 3405 1
3405 17 0
18 3405 1
3405 18 0
19 3405 1
3405 19 0
20 3405 1
3405 20 0
21 3405 1
3405 21 0
22 3405 1
3405 22 0
23 3405 1
3405 23 0
24 3405 1
3405 24 0
25 3405 1
3405 25 0
26 3405 1
3405 26 0
27 3405 1
3405 27 0
28 3405 1
3405 28 0
29 3405 1
3405 29 0
30 3405 1
3405 30 0
31 3405 1
3405 31 0
32 3405 1
3405 32 0
33 3405 1
3405 33 0
34 3405 1
3405 34 0
35 3405 1
3405 35 0
36 3405 1
3405 36 0
37 3405 1
3405 37 0
38 3405 1
3405 38 0
39 3405 1
3405 39 0
40 3405 1
3405 40 0
41 3405 1
3405 41 0
42 3405 1
3405 42 0
43 3405 1
3405 43 0
44 3405 1
3405 44 0
45 3405 1
3405 45 0
46 3405 1
3405 46 0
47 3405 1
3405 47 0
48 3405 1
3405 48 0
49 3405 1
3405 49 0
50 3405 1
3405 50 0
51 3405 1
3405 51 0
52 3405 1
3405 52 0
53 3405 1
3405 53 0
54 3405 1
3405 54 0
55 3405 1
3405 55 0
56 3405 1
3405 56 0
57 3405 1
3405 57 0
58 3405 1
3405 58 0
59 3405 1
3405 59 0
60 3405 1
3405 60 0
61 3405 1
3405 61 0
62 3405 1
3405 62 0
63 3405 1
3405 63 0
64 3405 1
3405 64 0
65 3405 1
3405 65 0
66 3405 1
3405 66 0
67 3405 1
3405 67 0
68 3405 1
3405 68 0
69 3405 1
3405 69 0
70 3405 1
3405 70 0
71 3405 1
3405 71 0
72 3405 1
3405 72 0
73 3405 1
3405 73 0
74 3405 1
3405 74 0
75 3405 1
3405 75 0
76 3405 1
3405 76 0
77 3405 1
3405 77 0
78 3405 1
3405 78 0
79 3405 1
3405 79 0
80 3405 1
3405 80 0
81 3405 1
3405 81 0
82 3405 1
3405 82 0
83 3405 1
3405 83 0
84 3405 1
3405 84 0
85 3405 1
3405 85 0
86 3405 1
3405 86 0
87 3405 1
3405 87 0
88 3405 1
3405 88 0
89 3405 1
3405 89 0
90 3405 1
3405 90 0
91 3405 1
3405 91 0
92 3405 1
3405 92 0
93 3405 1
3405 93 0
94 3405 1
3405 94 0
95 3405 1
3405 95 0
96 3405 1
3405 96 0
97 3405 1
3405 97 0
98 3405 1
3405 98 0
99 3405 1
3405 99 0
100 3405 1
3405 100 0
101 3405 1
3405 101 0
102 3405 1
3405 102 0
103 3405 1
3405 103 0
104 3405 1
3405 104 0
105 3405 1
3405 105 0
106 3405 1
3405 106 0
107 3405 1
3405 107 0
108 3405 1
3405 108 0
109 3405 1
3405 109 0
110 3405 1
3405 110 0
111 3405 1
3405 111 0
112 3405 1
3405 112 0
113 3405 1
3405 113 0
114 3405 1
3405 114 0
115 3405 1
3405 115 0
116 3405 1
3405 116 0
117 3405 1
3405 117 0
118 3405 1
3405 118 0
119 3405 1
3405 119 0
120 3405 1
3405 120 0
121 3405 1
3405 121 0
122 3405 1
3405 122 0
123 3405 1
3405 123 0
124 3405 1
3405 124 0
125 3405 1
3405 125 0
126 3405 1
3405 126 0
127 3405 1
3405 127 0
128 3405 1
3405 128 0
129 3405 1
3405 129 0
130 3405 1
3405 130 0
131 3405 1
3405 131 0
132 3405 1
3405 132 0
133 3405 1
3405 133 0
134 3405 1
3405 134 0
135 3405 1
3405 135 0
136 3405 1
3405 136 0
137 3405 1
3405 137 0
138 3405 1
3405 138 0
139 3405 1
3405 139 0
140 3405 1
3405 140 0
141 3405 1
3405 141 0
142 3405 1
3405 142 0
143 3405 1
3405 143 0
144 3405 1
3405 144 0
145 3405 1
3405 145 0
146 3405 1
3405 146 0
147 3405 1
3405 147 0
148 3405 1
3405 148 0
149 3405 1
3405 149 0
150 3405 1
3405 150 0
151 3405 1
3405 151 0
152 3405 1
3405 152 0
153 3405 1
3405 153 0
154 3405 1
3405 154 0
155 3405 1
3405 155 0
156 3405 1
3405 156 0
157 3405 1
3405 157 0
158 3405 1
3405 158 0
159 3405 1
3405 159 0
160 3405 1
3405 160 0
161 3405 1
3405 161 0
162 3405 1
3405 162 0
163 3405 1
3405 163 0
164 3405 1
3405 164 0
165 3405 1
3405 165 0
166 3405 1
3405 166 0
167 3405 1
3405 167 0
168 3405 1
3405 168 0
169 3405 1
3405 169 0
170 3405 1
3405 170 0
171 3405 1
3405 171 0
172 3405 1
3405 172 0
173 3405 1
3405 173 0
174 3405 1
3405 174 0
175 3405 1
3405 175 0
176 3405 1
3405 176 0
177 3405 1
3405 177 0
178 3405 1
3405 178 0
179 3405 1
3405 179 0
180 3405 1
3405 180 0
181 3405 1
3405 181 0
182 3405 1
3405 182 0
183 3405 1
3405 183 0
184 3405 1
3405 184 0
185 3405 1
3405 185 0
186 3405 1
3405 186 0
187 3405 1
3405 187 0
188 3405 1
3405 188 0
189 3405 1
3405 189 0
190 3405 1
3405 190 0
191 3405 1
3405 191 0
192 3405 1
3405 192 0
193 3405 1
3405 193 0
194 3405 1
3405 194 0
195 3405 1
3405 195 0
196 3405 1
3405 196 0
197 3405 1
3405 197 0
198 3405 1
3405 198 0
199 3405 1
3405 199 0
200 3405 1
3405 200 0
201 3405 1
3405 201 0
202 3405 1
3405 202 0
203 3405 1
3405 203 0
204 3405 1
3405 204 0
205 3405 1
3405 205 0
206 3405 1
3405 206 0
207 3405 1
3405 207 0
208 3405 1
3405 208 0
209 3405 1
3405 209 0
210 3405 1
3405 210 0
211 3405 1
3405 211 0
212 3405 1
3405 212 0
213 3405 1
3405 213 0
214 3405 1
3405 214 0
215 3405 1
3405 215 0
216 3405 1
3405 216 0
217 3405 1
3405 217 0
218 3405 1
3405 218 0
219 3405 1
3405 219 0
220 3405 1
3405 220 0
221 3405 1
3405 221 0
222 3405 1
3405 222 0
223 3405 1
3405 223 0
224 3405 1
3405 224 0
225 3405 1
3405 225 0
226 3405 1
3405 226 0
227 3405 1
3405 227 0
228 3405 1
3405 228 0
229 3405 1
3405 229 0
230 3405 1
3405 230 0
231 3405 1
3405 231 0
232 3405 1
3405 232 0
233 3405 1
3405 233 0
234 3405 1
3405 234 0
235 3405 1
3405 235 0
236 3405 1
3405 236 0
237 3405 1
3405 237 0
238 3405 1
3405 238 0
239 3405 1
3405 239 0
240 3405 1
3405 240 0
241 3405 1
3405 241 0
242 3405 1
3405 242 0
243 3405 1
3405 243 0
244 3405 1
3405 244 0
245 3405 1
3405 245 0
246 3405 1
3405 246 0
247 3405 1
3405 247 0
248 3405 1
3405 248 0
249 3405 1
3405 249 0
250 3405 1
3405 250 0
251 3405 1
3405 251 0
252 3405 1
3405 252 0
253 3405 1
3405 253 0
254 3405 1
3405 254 0
255 3405 1
3405 255 0
256 3405 1
3405 256 0
257 3405 1
3405 257 0
258 3405 1
3405 258 0
259 3405 1
3405 259 0
260 3405 1
3405 260 0
261 3405 1
3405 261 0
262 3405 1
3405 262 0
263 3405 1
3405 263 0
264 3405 1
3405 264 0
265 3405 1
3405 265 0
266 3405 1
3405 266 0
267 3405 1
3405 267 0
268 3405 1
3405 268 0
269 3405 1
3405 269 0
270 3405 1
3405 270 0
271 3405 1
3405 271 0
272 3405 1
3405 272 0
273 3405 1
3405 273 0
274 3405 1
3405 274 0
275 3405 1
3405 275 0
276 3405 1
3405 276 0
277 3405 1
3405 277 0
278 3405 1
3405 278 0
279 3405 1
3405 279 0
280 3405 1
3405 280 0
281 3405 1
3405 281 0
282 3405 1
3405 282 0
283 3405 1
3405 283 0
284 3405 1
3405 284 0
285 3405 1
3405 285 0
286 3405 1
3405 286 0
287 3405 1
3405 287 0
288 3405 1
3405 288 0
289 3405 1
3405 289 0
290 3405 1
3405 290 0
291 3405 1
3405 291 0
292 3405 1
3405 292 0
293 3405 1
3405 293 0
294 3405 1
3405 294 0
295 3405 1
3405 295 0
296 3405 1
3405 296 0
297 3405 1
3405 297 0
298 3405 1
3405 298 0
299 3405 1
3405 299 0
300 3405 1
3405 300 0
301 3405 1
3405 301 0
302 3405 1
3405 302 0
303 3405 1
3405 303 0
304 3405 1
3405 304 0
305 3405 1
3405 305 0
306 3405 1
3405 306 0
307 3405 1
3405 307 0
308 3405 1
3405 308 0
309 3405 1
3405 309 0
310 3405 1
3405 310 0
311 3405 1
3405 311 0
312 3405 1
3405 312 0
313 3405 1
3405 313 0
314 3405 1
3405 314 0
315 3405 1
3405 315 0
316 3405 1
3405 316 0
317 3405 1
3405 317 0
318 3405 1
3405 318 0
319 3405 1
3405 319 0
320 3405 1
3405 320 0
321 3405 1
3405 321 0
322 3405 1
3405 322 0
323 3405 1
3405 323 0
324 3405 1
3405 324 0
325 3405 1
3405 325 0
326 3405 1
3405 326 0
327 3405 1
3405 327 0
328 3405 1
3405 328 0
329 3405 1
3405 329 0
330 3405 1
3405 330 0
331 3405 1
3405 331 0
332 3405 1
3405 332 0
333 3405 1
3405 333 0
334 3405 1
3405 334 0
335 3405 1
3405 335 0
336 3405 1
3405 336 0
337 3405 1
3405 337 0
338 3405 1
3405 338 0
339 3405 1
3405 339 0
340 3405 1
3405 340 0
341 3405 1
3405 341 0
342 3405 1
3405 342 0
343 3405 1
3405 343 0
344 3405 1
3405 344 0
345 3405 1
3405 345 0
346 3405 1
3405 346 0
347 3405 1
3405 347 0
348 3405 1
3405 348 0
349 3405 1
3405 349 0
350 3405 1
3405 350 0
351 3405 1
3405 351 0
352 3405 1
3405 352 0
353 3405 1
3405 353 0
354 3405 1
3405 354 0
355 3405 1
3405 355 0
356 3405 1
3405 356 0
357 3405 1
3405 357 0
358 3405 1
3405 358 0
359 3405 1
3405 359 0
360 3405 1
3405 360 0
361 3405 1
3405 361 0
362 3405 1
3405 362 0
363 3405 1
3405 363 0
364 3405 1
3405 364 0
365 3405 1
3405 365 0
366 3405 1
3405 366 0
367 3405 1
3405 367 0
368 3405 1
3405 368 0
369 3405 1
3405 369 0
370 3405 1
3405 370 0
371 3405 1
3405 371 0
372 3405 1
3405 372 0
373 3405 1
3405 373 0
374 3405 1
3405 374 0
375 3405 1
3405 375 0
376 3405 1
3405 376 0
377 3405 1
3405 377 0
378 3405 1
3405 378 0
379 3405 1
3405 379 0
380 3405 1
3405 380 0
381 3405 1
3405 381 0
382 3405 1
3405 382 0
383 3405 1
3405 383 0
384 3405 1
3405 384 0
385 3405 1
3405 385 0
386 3405 1
3405 386 0
387 3405 1
3405 387 0
388 3405 1
3405 388 0
389 3405 1
3405 389 0
390 3405 1
3405 390 0
391 3405 1
3405 391 0
392 3405 1
3405 392 0
393 3405 1
3405 393 0
394 3405 1
3405 394 0
395 3405 1
3405 395 0
396 3405 1
3405 396 0
397 3405 1
3405 397 0
398 3405 1
3405 398 0
399 3405 1
3405 399 0
400 3405 1
3405 400 0
401 3405 1
3405 401 0
402 3405 1
3405 402 0
403 3405 1
3405 403 0
404 3405 1
3405 404 0
405 3405 1
3405 405 0
406 3405 1
3405 406 0
407 3405 1
3405 407 0
408 3405 1
3405 408 0
409 3405 1
3405 409 0
410 3405 1
3405 410 0
411 3405 1
3405 411 0
412 3405 1
3405 412 0
413 3405 1
3405 413 0
414 3405 1
3405 414 0
415 3405 1
3405 415 0
416 3405 1
3405 416 0
417 3405 1
3405 417 0
418 3405 1
3405 418 0
419 3405 1
3405 419 0
420 3405 1
3405 420 0
421 3405 1
3405 421 0
422 3405 1
3405 422 0
423 3405 1
3405 423 0
424 3405 1
3405 424 0
425 3405 1
3405 425 0
426 3405 1
3405 426 0
427 3405 1
3405 427 0
428 3405 1
3405 428 0
429 3405 1
3405 429 0
430 3405 1
3405 430 0
431 3405 1
3405 431 0
432 3405 1
3405 432 0
433 3405 1
3405 433 0
434 3405 1
3405 434 0
435 3405 1
3405 435 0
436 3405 1
3405 436 0
437 3405 1
3405 437 0
438 3405 1
3405 438 0
439 3405 1
3405 439 0
440 3405 1
3405 440 0
441 3405 1
3405 441 0
442 3405 1
3405 442 0
443 3405 1
3405 443 0
444 3405 1
3405 444 0
445 3405 1
3405 445 0
446 3405 1
3405 446 0
447 3405 1
3405 447 0
448 3405 1
3405 448 0
449 3405 1
3405 449 0
450 3405 1
3405 450 0
451 3405 1
3405 451 0
452 3405 1
3405 452 0
453 3405 1
3405 453 0
454 3405 1
3405 454 0
455 3405 1
3405 455 0
456 3405 1
3405 456 0
457 3405 1
3405 457 0
458 3405 1
3405 458 0
459 3405 1
3405 459 0
460 3405 1
3405 460 0
461 3405 1
3405 461 0
462 3405 1
3405 462 0
463 3405 1
3405 463 0
464 3405 1
3405 464 0
465 3405 1
3405 465 0
466 3405 1
3405 466 0
467 3405 1
3405 467 0
468 3405 1
3405 468 0
469 3405 1
3405 469 0
470 3405 1
3405 470 0
471 3405 1
3405 471 0
472 3405 1
3405 472 0
473 3405 1
3405 473 0
474 3405 1
3405 474 0
475 3405 1
3405 475 0
476 3405 1
3405 476 0
477 3405 1
3405 477 0
478 3405 1
3405 478 0
479 3405 1
3405 479 0
480 3405 1
3405 480 0
481 3405 1
3405 481 0
482 3405 1
3405 482 0
483 3405 1
3405 483 0
484 3405 1
3405 484 0
485 3405 1
3405 485 0
486 3405 1
3405 486 0
487 3405 1
3405 487 0
488 3405 1
3405 488 0
489 3405 1
3405 489 0
490 3405 1
3405 490 0
491 3405 1
3405 491 0
492 3405 1
3405 492 0
493 3405 1
3405 493 0
494 3405 1
3405 494 0
495 3405 1
3405 495 0
496 3405 1
3405 496 0
497 3405 1
3405 497 0
498 3405 1
3405 498 0
499 3405 1
3405 499 0
500 3405 1
3405 500 0
501 3405 1
3405 501 0
502 3405 1
3405 502 0
503 3405 1
3405 503 0
504 3405 1
3405 504 0
505 3405 1
3405 505 0
506 3405 1
3405 506 0
507 3405 1
3405 507 0
508 3405 1
3405 508 0
509 3405 1
3405 509 0
510 3405 1
3405 510 0
511 3405 1
3405 511 0
512 3405 1
3405 512 0
513 3405 1
3405 513 0
514 3405 1
3405 514 0
515 3405 1
3405 515 0
516 3405 1
3405 516 0
517 3405 1
3405 517 0
518 3405 1
3405 518 0
519 3405 1
3405 519 0
520 3405 1
3405 520 0
521 3405 1
3405 521 0
522 3405 1
3405 522 0
523 3405 1
3405 523 0
524 3405 1
3405 524 0
525 3405 1
3405 525 0
526 3405 1
3405 526 0
527 3405 1
3405 527 0
528 3405 1
3405 528 0
529 3405 1
3405 529 0
530 3405 1
3405 530 0
531 3405 1
3405 531 0
532 3405 1
3405 532 0
533 3405 1
3405 533 0
534 3405 1
3405 534 0
535 3405 1
3405 535 0
536 3405 1
3405 536 0
537 3405 1
3405 537 0
538 3405 1
3405 538 0
539 3405 1
3405 539 0
540 3405 1
3405 540 0
541 3405 1
3405 541 0
542 3405 1
3405 542 0
543 3405 1
3405 543 0
544 3405 1
3405 544 0
545 3405 1
3405 545 0
546 3405 1
3405 546 0
547 3405 1
3405 547 0
548 3405 1
3405 548 0
549 3405 1
3405 549 0
550 3405 1
3405 550 0
551 3405 1
3405 551 0
552 3405 1
3405 552 0
553 3405 1
3405 553 0
554 3405 1
3405 554 0
555 3405 1
3405 555 0
556 3405 1
3405 556 0
557 3405 1
3405 557 0
558 3405 1
3405 558 0
559 3405 1
3405 559 0
560 3405 1
3405 560 0
561 3405 1
3405 561 0
562 3405 1
3405 562 0
563 3405 1
3405 563 0
564 3405 1
3405 564 0
565 3405 1
3405 565 0
566 3405 1
3405 566 0
567 3405 1
3405 567 0
568 3405 1
3405 568 0
569 3405 1
3405 569 0
570 3405 1
3405 570 0
571 3405 1
3405 571 0
572 3405 1
3405 572 0
573 3405 1
3405 573 0
574 3405 1
3405 574 0
575 3405 1
3405 575 0
576 3405 1
3405 576 0
577 3405 1
3405 577 0
578 3405 1
3405 578 0
579 3405 1
3405 579 0
580 3405 1
3405 580 0
581 3405 1
3405 581 0
582 3405 1
3405 582 0
583 3405 1
3405 583 0
584 3405 1
3405 584 0
585 3405 1
3405 585 0
586 3405 1
3405 586 0
587 3405 1
3405 587 0
588 3405 1
3405 588 0
589 3405 1
3405 589 0
590 3405 1
3405 590 0
591 3405 1
3405 591 0
592 3405 1
3405 592 0
593 3405 1
3405 593 0
594 3405 1
3405 594 0
595 3405 1
3405 595 0
596 3405 1
3405 596 0
597 3405 1
3405 597 0
598 3405 1
3405 598 0
599 3405 1
3405 599 0
600 3405 1
3405 600 0
601 3405 1
3405 601 0
602 3405 1
3405 602 0
603 3405 1
3405 603 0
604 3405 1
3405 604 0
605 3405 1
3405 605 0
606 3405 1
3405 606 0
607 3405 1
3405 607 0
608 3405 1
3405 608 0
609 3405 1
3405 609 0
610 3405 1
3405 610 0
611 3405 1
3405 611 0
612 3405 1
3405 612 0
613 3405 1
3405 613 0
614 3405 1
3405 614 0
615 3405 1
3405 615 0
616 3405 1
3405 616 0
617 3405 1
3405 617 0
618 3405 1
3405 618 0
619 3405 1
3405 619 0
620 3405 1
3405 620 0
621 3405 1
3405 621 0
622 3405 1
3405 622 0
623 3405 1
3405 623 0
624 3405 1
3405 624 0
625 3405 1
3405 625 0
626 3405 1
3405 626 0
627 3405 1
3405 627 0
628 3405 1
3405 628 0
629 3405 1
3405 629 0
630 3405 1
3405 630 0
631 3405 1
3405 631 0
632 3405 1
3405 632 0
633 3405 1
3405 633 0
634 3405 1
3405 634 0
635 3405 1
3405 635 0
636 3405 1
3405 636 0
637 3405 1
3405 637 0
638 3405 1
3405 638 0
639 3405 1
3405 639 0
640 3405 1
3405 640 0
641 3405 1
3405 641 0
642 3405 1
3405 642 0
643 3405 1
3405 643 0
644 3405 1
3405 644 0
645 3405 1
3405 645 0
646 3405 1
3405 646 0
647 3405 1
3405 647 0
648 3405 1
3405 648 0
649 3405 1
3405 649 0
650 3405 1
3405 650 0
651 3405 1
3405 651 0
652 3405 1
3405 652 0
653 3405 1
3405 653 0
654 3405 1
3405 654 0
655 3405 1
3405 655 0
656 3405 1
3405 656 0
657 3405 1
3405 657 0
658 3405 1
3405 658 0
659 3405 1
3405 659 0
660 3405 1
3405 660 0
661 3405 1
3405 661 0
662 3405 1
3405 662 0
663 3405 1
3405 663 0
664 3405 1
3405 664 0
665 3405 1
3405 665 0
666 3405 1
3405 666 0
667 3405 1
3405 667 0
668 3405 1
3405 668 0
669 3405 1
3405 669 0
670 3405 1
3405 670 0
671 3405 1
3405 671 0
672 3405 1
3405 672 0
673 3405 1
3405 673 0
674 3405 1
3405 674 0
675 3405 1
3405 675 0
676 3405 1
3405 676 0
677 3405 1
3405 677 0
678 3405 1
3405 678 0
679 3405 1
3405 679 0
680 3405 1
3405 680 0
681 3405 1
3405 681 0
682 3405 1
3405 682 0
683 3405 1
3405 683 0
684 3405 1
3405 684 0
685 3405 1
3405 685 0
686 3405 1
3405 686 0
687 3405 1
3405 687 0
688 3405 1
3405 688 0
689 3405 1
3405 689 0
690 3405 1
3405 690 0
691 3405 1
3405 691 0
692 3405 1
3405 692 0
693 3405 1
3405 693 0
694 3405 1
3405 694 0
695 3405 1
3405 695 0
696 3405 1
3405 696 0
697 3405 1
3405 697 0
698 3405 1
3405 698 0
699 3405 1
3405 699 0
700 3405 1
3405 700 0
701 3405 1
3405 701 0
702 3405 1
3405 702 0
703 3405 1
3405 703 0
704 3405 1
3405 704 0
705 3405 1
3405 705 0
706 3405 1
3405 706 0
707 3405 1
3405 707 0
708 3405 1
3405 708 0
709 3405 1
3405 709 0
710 3405 1
3405 710 0
711 3405 1
3405 711 0
712 3405 1
3405 712 0
713 3405 1
3405 713 0
714 3405 1
3405 714 0
715 3405 1
3405 715 0
716 3405 1
3405 716 0
717 3405 1
3405 717 0
718 3405 1
3405 718 0
719 3405 1
3405 719 0
720 3405 1
3405 720 0
721 3405 1
3405 721 0
722 3405 1
3405 722 0
723 3405 1
3405 723 0
724 3405 1
3405 724 0
725 3405 1
3405 725 0
726 3405 1
3405 726 0
727 3405 1
3405 727 0
728 3405 1
3405 728 0
729 3405 1
3405 729 0
730 3405 1
3405 730 0
731 3405 1
3405 731 0
732 3405 1
3405 732 0
733 3405 1
3405 733 0
734 3405 1
3405 734 0
735 3405 1
3405 735 0
736 3405 1
3405 736 0
737 3405 1
3405 737 0
738 3405 1
3405 738 0
739 3405 1
3405 739 0
740 3405 1
3405 740 0
741 3405 1
3405 741 0
742 3405 1
3405 742 0
743 3405 1
3405 743 0
744 3405 1
3405 744 0
745 3405 1
3405 745 0
746 3405 1
3405 746 0
747 3405 1
3405 747 0
748 3405 1
3405 748 0
749 3405 1
3405 749 0
750 3405 1
3405 750 0
751 3405 1
3405 751 0
752 3405 1
3405 752 0
753 3405 1
3405 753 0
754 3405 1
3405 754 0
755 3405 1
3405 755 0
756 3405 1
3405 756 0
757 3405 1
3405 757 0
758 3405 1
3405 758 0
759 3405 1
3405 759 0
760 3405 1
3405 760 0
761 3405 1
3405 761 0
762 3405 1
3405 762 0
763 3405 1
3405 763 0
764 3405 1
3405 764 0
765 3405 1
3405 765 0
766 3405 1
3405 766 0
767 3405 1
3405 767 0
768 3405 1
3405 768 0
769 3405 1
3405 769 0
770 3405 1
3405 770 0
771 3405 1
3405 771 0
772 3405 1
3405 772 0
773 3405 1
3405 773 0
774 3405 1
3405 774 0
775 3405 1
3405 775 0
776 3405 1
3405 776 0
777 3405 1
3405 777 0
778 3405 1
3405 778 0
779 3405 1
3405 779 0
780 3405 1
3405 780 0
781 3405 1
3405 781 0
782 3405 1
3405 782 0
783 3405 1
3405 783 0
784 3405 1
3405 784 0
785 3405 1
3405 785 0
786 3405 1
3405 786 0
787 3405 1
3405 787 0
788 3405 1
3405 788 0
789 3405 1
3405 789 0
790 3405 1
3405 790 0
791 3405 1
3405 791 0
792 3405 1
3405 792 0
793 3405 1
3405 793 0
794 3405 1
3405 794 0
795 3405 1
3405 795 0
796 3405 1
3405 796 0
797 3405 1
3405 797 0
798 3405 1
3405 798 0
799 3405 1
3405 799 0
800 3405 1
3405 800 0
801 3405 1
3405 801 0
802 3405 1
3405 802 0
803 3405 1
3405 803 0
804 3405 1
3405 804 0
805 3405 1
3405 805 0
806 3405 1
3405 806 0
807 3405 1
3405 807 0
808 3405 1
3405 808 0
809 3405 1
3405 809 0
810 3405 1
3405 810 0
811 3405 1
3405 811 0
812 3405 1
3405 812 0
813 3405 1
3405 813 0
814 3405 1
3405 814 0
815 3405 1
3405 815 0
816 3405 1
3405 816 0
817 3405 1
3405 817 0
818 3405 1
3405 818 0
819 3405 1
3405 819 0
820 3405 1
3405 820 0
821 3405 1
3405 821 0
822 3405 1
3405 822 0
823 3405 1
3405 823 0
824 3405 1
3405 824 0
825 3405 1
3405 825 0
826 3405 1
3405 826 0
827 3405 1
3405 827 0
828 3405 1
3405 828 0
829 3405 1
3405 829 0
830 3405 1
3405 830 0
831 3405 1
3405 831 0
832 3405 1
3405 832 0
833 3405 1
3405 833 0
834 3405 1
3405 834 0
835 3405 1
3405 835 0
836 3405 1
3405 836 0
837 3405 1
3405 837 0
838 3405 1
3405 838 0
839 3405 1
3405 839 0
840 3405 1
3405 840 0
841 3405 1
3405 841 0
842 3405 1
3405 842 0
843 3405 1
3405 843 0
844 3405 1
3405 844 0
845 3405 1
3405 845 0
846 3405 1
3405 846 0
847 3405 1
3405 847 0
848 3405 1
3405 848 0
849 3405 1
3405 849 0
850 3405 1
3405 850 0
851 3405 1
3405 851 0
852 3405 1
3405 852 0
853 3405 1
3405 853 0
854 3405 1
3405 854 0
855 3405 1
3405 855 0
856 3405 1
3405 856 0
857 3405 1
3405 857 0
858 3405 1
3405 858 0
859 3405 1
3405 859 0
860 3405 1
3405 860 0
861 3405 1
3405 861 0
862 3405 1
3405 862 0
863 3405 1
3405 863 0
864 3405 1
3405 864 0
865 3405 1
3405 865 0
866 3405 1
3405 866 0
867 3405 1
3405 867 0
868 3405 1
3405 868 0
869 3405 1
3405 869 0
870 3405 1
3405 870 0
871 3405 1
3405 871 0
872 3405 1
3405 872 0
873 3405 1
3405 873 0
874 3405 1
3405 874 0
875 3405 1
3405 875 0
876 3405 1
3405 876 0
877 3405 1
3405 877 0
878 3405 1
3405 878 0
879 3405 1
3405 879 0
880 3405 1
3405 880 0
881 3405 1
3405 881 0
882 3405 1
3405 882 0
883 3405 1
3405 883 0
884 3405 1
3405 884 0
885 3405 1
3405 885 0
886 3405 1
3405 886 0
887 3405 1
3405 887 0
888 3405 1
3405 888 0
889 3405 1
3405 889 0
890 3405 1
3405 890 0
891 3405 1
3405 891 0
892 3405 1
3405 892 0
893 3405 1
3405 893 0
894 3405 1
3405 894 0
895 3405 1
3405 895 0
896 3405 1
3405 896 0
897 3405 1
3405 897 0
898 3405 1
3405 898 0
899 3405 1
3405 899 0
900 3405 1
3405 900 0
901 3405 1
3405 901 0
902 3405 1
3405 902 0
903 3405 1
3405 903 0
904 3405 1
3405 904 0
905 3405 1
3405 905 0
906 3405 1
3405 906 0
907 3405 1
3405 907 0
908 3405 1
3405 908 0
909 3405 1
3405 909 0
910 3405 1
3405 910 0
911 3405 1
3405 911 0
912 3405 1
3405 912 0
913 3405 1
3405 913 0
914 3405 1
3405 914 0
915 3405 1
3405 915 0
916 3405 1
3405 916 0
917 3405 1
3405 917 0
918 3405 1
3405 918 0
919 3405 1
3405 919 0
920 3405 1
3405 920 0
921 3405 1
3405 921 0
922 3405 1
3405 922 0
923 3405 1
3405 923 0
924 3405 1
3405 924 0
925 3405 1
3405 925 0
926 3405 1
3405 926 0
927 3405 1
3405 927 0
928 3405 1
3405 928 0
929 3405 1
3405 929 0
930 3405 1
3405 930 0
931 3405 1
3405 931 0
932 3405 1
3405 932 0
933 3405 1
3405 933 0
934 3405 1
3405 934 0
935 3405 1
3405 935 0
936 3405 1
3405 936 0
937 3405 1
3405 937 0
938 3405 1
3405 938 0
939 3405 1
3405 939 0
940 3405 1
3405 940 0
941 3405 1
3405 941 0
942 3405 1
3405 942 0
943 3405 1
3405 943 0
944 3405 1
3405 944 0
945 3405 1
3405 945 0
946 3405 1
3405 946 0
947 3405 1
3405 947 0
948 3405 1
3405 948 0
949 3405 1
3405 949 0
950 3405 1
3405 950 0
951 3405 1
3405 951 0
952 3405 1
3405 952 0
953 3405 1
3405 953 0
954 3405 1
3405 954 0
955 3405 1
3405 955 0
956 3405 1
3405 956 0
957 3405 1
3405 957 0
958 3405 1
3405 958 0
959 3405 1
3405 959 0
960 3405 1
3405 960 0
961 3405 1
3405 961 0
962 3405 1
3405 962 0
963 3405 1
3405 963 0
964 3405 1
3405 964 0
965 3405 1
3405 965 0
966 3405 1
3405 966 0
967 3405 1
3405 967 0
968 3405 1
3405 968 0
969 3405 1
3405 969 0
970 3405 1
3405 970 0
971 3405 1
3405 971 0
972 3405 1
3405 972 0
973 3405 1
3405 973 0
974 3405 1
3405 974 0
975 3405 1
3405 975 0
976 3405 1
3405 976 0
977 3405 1
3405 977 0
978 3405 1
3405 978 0
979 3405 1
3405 979 0
980 3405 1
3405 980 0
981 3405 1
3405 981 0
982 3405 1
3405 982 0
983 3405 1
3405 983 0
984 3405 1
3405 984 0
985 3405 1
3405 985 0
986 3405 1
3405 986 0
987 3405 1
3405 987 0
988 3405 1
3405 988 0
989 3405 1
3405 989 0
990 3405 1
3405 990 0
991 3405 1
3405 991 0
992 3405 1
3405 992 0
993 3405 1
3405 993 0
994 3405 1
3405 994 0
995 3405 1
3405 995 0
996 3405 1
3405 996 0
997 3405 1
3405 997 0
998 3405 1
3405 998 0
999 3405 1
3405 999 0
1000 3405 1
3405 1000 0
1001 3405 1
3405 1001 0
1002 3405 1
3405 1002 0
1003 3405 1
3405 1003 0
1004 3405 1
3405 1004 0
1005 3405 1
3405 1005 0
1006 3405 1
3405 1006 0
1007 3405 1
3405 1007 0
1008 3405 1
3405 1008 0
1009 3405 1
3405 1009 0
1010 3405 1
3405 1010 0
1011 3405 1
3405 1011 0
1012 3405 1
3405 1012 0
1013 3405 1
3405 1013 0
1014 3405 1
3405 1014 0
1015 3405 1
3405 1015 0
1016 3405 1
3405 1016 0
1017 3405 1
3405 1017 0
1018 3405 1
3405 1018 0
1019 3405 1
3405 1019 0
1020 3405 1
3405 1020 0
1021 3405 1
3405 1021 0
1022 3405 1
3405 1022 0
1023 3405 1
3405 1023 0
1024 3405 1
3405 1024 0
1025 3405 1
3405 1025 0
1026 3405 1
3405 1026 0
1027 3405 1
3405 1027 0
1028 3405 1
3405 1028 0
1029 3405 1
3405 1029 0
1030 3405 1
3405 1030 0
1031 3405 1
3405 1031 0
1032 3405 1
3405 1032 0
1033 3405 1
3405 1033 0
1034 3405 1
3405 1034 0
1035 3405 1
3405 1035 0
1036 3405 1
3405 1036 0
1037 3405 1
3405 1037 0
1038 3405 1
3405 1038 0
1039 3405 1
3405 1039 0
1040 3405 1
3405 1040 0
1041 3405 1
3405 1041 0
1042 3405 1
3405 1042 0
1043 3405 1
3405 1043 0
1044 3405 1
3405 1044 0
1045 3405 1
3405 1045 0
1046 3405 1
3405 1046 0
1047 3405 1
3405 1047 0
1048 3405 1
3405 1048 0
1049 3405 1
3405 1049 0
1050 3405 1
3405 1050 0
1051 3405 1
3405 1051 0
1052 3405 1
3405 1052 0
1053 3405 1
3405 1053 0
1054 3405 1
3405 1054 0
1055 3405 1
3405 1055 0
1056 3405 1
3405 1056 0
1057 3405 1
3405 1057 0
1058 3405 1
3405 1058 0
1059 3405 1
3405 1059 0
1060 3405 1
3405 1060 0
1061 3405 1
3405 1061 0
1062 3405 1
3405 1062 0
1063 3405 1
3405 1063 0
1064 3405 1
3405 1064 0
1065 3405 1
3405 1065 0
1066 3405 1
3405 1066 0
1067 3405 1
3405 1067 0
1068 3405 1
3405 1068 0
1069 3405 1
3405 1069 0
1070 3405 1
3405 1070 0
1071 3405 1
3405 1071 0
1072 3405 1
3405 1072 0
1073 3405 1
3405 1073 0
1074 3405 1
3405 1074 0
1075 3405 1
3405 1075 0
1076 3405 1
3405 1076 0
1077 3405 1
3405 1077 0
1078 3405 1
3405 1078 0
1079 3405 1
3405 1079 0
1080 3405 1
3405 1080 0
1081 3405 1
3405 1081 0
1082 3405 1
3405 1082 0
1083 3405 1
3405 1083 0
1084 3405 1
3405 1084 0
1085 3405 1
3405 1085 0
1086 3405 1
3405 1086 0
1087 3405 1
3405 1087 0
1088 3405 1
3405 1088 0
1089 3405 1
3405 1089 0
1090 3405 1
3405 1090 0
1091 3405 1
3405 1091 0
1092 3405 1
3405 1092 0
1093 3405 1
3405 1093 0
1094 3405 1
3405 1094 0
1095 3405 1
3405 1095 0
1096 3405 1
3405 1096 0
1097 3405 1
3405 1097 0
1098 3405 1
3405 1098 0
1099 3405 1
3405 1099 0
1100 3405 1
3405 1100 0
1101 3405 1
3405 1101 0
1102 3405 1
3405 1102 0
1103 3405 1
3405 1103 0
1104 3405 1
3405 1104 0
1105 3405 1
3405 1105 0
1106 3405 1
3405 1106 0
1107 3405 1
3405 1107 0
1108 3405 1
3405 1108 0
1109 3405 1
3405 1109 0
1110 3405 1
3405 1110 0
1111 3405 1
3405 1111 0
1112 3405 1
3405 1112 0
1113 3405 1
3405 1113 0
1114 3405 1
3405 1114 0
1115 3405 1
3405 1115 0
1116 3405 1
3405 1116 0
1117 3405 1
3405 1117 0
1118 3405 1
3405 1118 0
1119 3405 1
3405 1119 0
1120 3405 1
3405 1120 0
1121 3405 1
3405 1121 0
1122 3405 1
3405 1122 0
1123 3405 1
3405 1123 0
1124 3405 1
3405 1124 0
1125 3405 1
3405 1125 0
1126 3405 1
3405 1126 0
1127 3405 1
3405 1127 0
1128 3405 1
3405 1128 0
1129 3405 1
3405 1129 0
1130 3405 1
3405 1130 0
1131 3405 1
3405 1131 0
1132 3405 1
3405 1132 0
1133 3405 1
3405 1133 0
1134 3405 1
3405 1134 0
1135 3405 1
3405 1135 0
1136 3405 1
3405 1136 0
1137 3405 1
3405 1137 0
1138 3405 1
3405 1138 0
1139 3405 1
3405 1139 0
1140 3405 1
3405 1140 0
1141 3405 1
3405 1141 0
1142 3405 1
3405 1142 0
1143 3405 1
3405 1143 0
1144 3405 1
3405 1144 0
1145 3405 1
3405 1145 0
1146 3405 1
3405 1146 0
1147 3405 1
3405 1147 0
1148 3405 1
3405 1148 0
1149 3405 1
3405 1149 0
1150 3405 1
3405 1150 0
1151 3405 1
3405 1151 0
1152 3405 1
3405 1152 0
1153 3405 1
3405 1153 0
1154 3405 1
3405 1154 0
1155 3405 1
3405 1155 0
1156 3405 1
3405 1156 0
1157 3405 1
3405 1157 0
1158 3405 1
3405 1158 0
1159 3405 1
3405 1159 0
1160 3405 1
3405 1160 0
1161 3405 1
3405 1161 0
1162 3405 1
3405 1162 0
1163 3405 1
3405 1163 0
1164 3405 1
3405 1164 0
1165 3405 1
3405 1165 0
1166 3405 1
3405 1166 0
1167 3405 1
3405 1167 0
1168 3405 1
3405 1168 0
1169 3405 1
3405 1169 0
1170 3405 1
3405 1170 0
1171 3405 1
3405 1171 0
1172 3405 1
3405 1172 0
1173 3405 1
3405 1173 0
1174 3405 1
3405 1174 0
1175 3405 1
3405 1175 0
1176 3405 1
3405 1176 0
1177 3405 1
3405 1177 0
1178 3405 1
3405 1178 0
1179 3405 1
3405 1179 0
1180 3405 1
3405 1180 0
1181 3405 1
3405 1181 0
1182 3405 1
3405 1182 0
1183 3405 1
3405 1183 0
1184 3405 1
3405 1184 0
1185 3405 1
3405 1185 0
1186 3405 1
3405 1186 0
1187 3405 1
3405 1187 0
1188 3405 1
3405 1188 0
1189 3405 1
3405 1189 0
1190 3405 1
3405 1190 0
1191 3405 1
3405 1191 0
1192 3405 1
3405 1192 0
1193 3405 1
3405 1193 0
1194 3405 1
3405 1194 0
1195 3405 1
3405 1195 0
1196 3405 1
3405 1196 0
1197 3405 1
3405 1197 0
1198 3405 1
3405 1198 0
1199 3405 1
3405 1199 0
1200 3405 1
3405 1200 0
1201 3405 1
3405 1201 0
1202 3405 1
3405 1202 0
1203 3405 1
3405 1203 0
1204 3405 1
3405 1204 0
1205 3405 1
3405 1205 0
1206 3405 1
3405 1206 0
1207 3405 1
3405 1207 0
1208 3405 1
3405 1208 0
1209 3405 1
3405 1209 0
1210 3405 1
3405 1210 0
1211 3405 1
3405 1211 0
1212 3405 1
3405 1212 0
1213 3405 1
3405 1213 0
1214 3405 1
3405 1214 0
1215 3405 1
3405 1215 0
1216 3405 1
3405 1216 0
1217 3405 1
3405 1217 0
1218 3405 1
3405 1218 0
1219 3405 1
3405 1219 0
1220 3405 1
3405 1220 0
1221 3405 1
3405 1221 0
1222 3405 1
3405 1222 0
1223 3405 1
3405 1223 0
1224 3405 1
3405 1224 0
1225 3405 1
3405 1225 0
1226 3405 1
3405 1226 0
1227 3405 1
3405 1227 0
1228 3405 1
3405 1228 0
1229 3405 1
3405 1229 0
1230 3405 1
3405 1230 0
1231 3405 1
3405 1231 0
1232 3405 1
3405 1232 0
1233 3405 1
3405 1233 0
1234 3405 1
3405 1234 0
1235 3405 1
3405 1235 0
1236 3405 1
3405 1236 0
1237 3405 1
3405 1237 0
1238 3405 1
3405 1238 0
1239 3405 1
3405 1239 0
1240 3405 1
3405 1240 0
1241 3405 1
3405 1241 0
1242 3405 1
3405 1242 0
1243 3405 1
3405 1243 0
1244 3405 1
3405 1244 0
1245 3405 1
3405 1245 0
1246 3405 1
3405 1246 0
1247 3405 1
3405 1247 0
1248 3405 1
3405 1248 0
1249 3405 1
3405 1249 0
1250 3405 1
3405 1250 0
1251 3405 1
3405 1251 0
1252 3405 1
3405 1252 0
1253 3405 1
3405 1253 0
1254 3405 1
3405 1254 0
1255 3405 1
3405 1255 0
1256 3405 1
3405 1256 0
1257 3405 1
3405 1257 0
1258 3405 1
3405 1258 0
1259 3405 1
3405 1259 0
1260 3405 1
3405 1260 0
1261 3405 1
3405 1261 0
1262 3405 1
3405 1262 0
1263 3405 1
3405 1263 0
1264 3405 1
3405 1264 0
1265 3405 1
3405 1265 0
1266 3405 1
3405 1266 0
1267 3405 1
3405 1267 0
1268 3405 1
3405 1268 0
1269 3405 1
3405 1269 0
1270 3405 1
3405 1270 0
1271 3405 1
3405 1271 0
1272 3405 1
3405 1272 0
1273 3405 1
3405 1273 0
1274 3405 1
3405 1274 0
1275 3405 1
3405 1275 0
1276 3405 1
3405 1276 0
1277 3405 1
3405 1277 0
1278 3405 1
3405 1278 0
1279 3405 1
3405 1279 0
1280 3405 1
3405 1280 0
1281 3405 1
3405 1281 0
1282 3405 1
3405 1282 0
1283 3405 1
3405 1283 0
1284 3405 1
3405 1284 0
1285 3405 1
3405 1285 0
1286 3405 1
3405 1286 0
1287 3405 1
3405 1287 0
1288 3405 1
3405 1288 0
1289 3405 1
3405 1289 0
1290 3405 1
3405 1290 0
1291 3405 1
3405 1291 0
1292 3405 1
3405 1292 0
1293 3405 1
3405 1293 0
1294 3405 1
3405 1294 0
1295 3405 1
3405 1295 0
1296 3405 1
3405 1296 0
1297 3405 1
3405 1297 0
1298 3405 1
3405 1298 0
1299 3405 1
3405 1299 0
1300 3405 1
3405 1300 0
1301 3405 1
3405 1301 0
1302 3405 1
3405 1302 0
1303 3405 1
3405 1303 0
1304 3405 1
3405 1304 0
1305 3405 1
3405 1305 0
1306 3405 1
3405 1306 0
1307 3405 1
3405 1307 0
1308 3405 1
3405 1308 0
1309 3405 1
3405 1309 0
1310 3405 1
3405 1310 0
1311 3405 1
3405 1311 0
1312 3405 1
3405 1312 0
1313 3405 1
3405 1313 0
1314 3405 1
3405 1314 0
1315 3405 1
3405 1315 0
1316 3405 1
3405 1316 0
1317 3405 1
3405 1317 0
1318 3405 1
3405 1318 0
1319 3405 1
3405 1319 0
1320 3405 1
3405 1320 0
1321 3405 1
3405 1321 0
1322 3405 1
3405 1322 0
1323 3405 1
3405 1323 0
1324 3405 1
3405 1324 0
1325 3405 1
3405 1325 0
1326 3405 1
3405 1326 0
1327 3405 1
3405 1327 0
1328 3405 1
3405 1328 0
1329 3405 1
3405 1329 0
1330 3405 1
3405 1330 0
1331 3405 1
3405 1331 0
1332 3405 1
3405 1332 0
1333 3405 1
3405 1333 0
1334 3405 1
3405 1334 0
1335 3405 1
3405 1335 0
1336 3405 1
3405 1336 0
1337 3405 1
3405 1337 0
1338 3405 1
3405 1338 0
1339 3405 1
3405 1339 0
1340 3405 1
3405 1340 0
1341 3405 1
3405 1341 0
1342 3405 1
3405 1342 0
1343 3405 1
3405 1343 0
1344 3405 1
3405 1344 0
1345 3405 1
3405 1345 0
1346 3405 1
3405 1346 0
1347 3405 1
3405 1347 0
1348 3405 1
3405 1348 0
1349 3405 1
3405 1349 0
1350 3405 1
3405 1350 0
1351 3405 1
3405 1351 0
1352 3405 1
3405 1352 0
1353 3405 1
3405 1353 0
1354 3405 1
3405 1354 0
1355 3405 1
3405 1355 0
1356 3405 1
3405 1356 0
1357 3405 1
3405 1357 0
1358 3405 1
3405 1358 0
1359 3405 1
3405 1359 0
1360 3405 1
3405 1360 0
1361 3405 1
3405 1361 0
1362 3405 1
3405 1362 0
1363 3405 1
3405 1363 0
1364 3405 1
3405 1364 0
1365 3405 1
3405 1365 0
1366 3405 1
3405 1366 0
1367 3405 1
3405 1367 0
1368 3405 1
3405 1368 0
1369 3405 1
3405 1369 0
1370 3405 1
3405 1370 0
1371 3405 1
3405 1371 0
1372 3405 1
3405 1372 0
1373 3405 1
3405 1373 0
1374 3405 1
3405 1374 0
1375 3405 1
3405 1375 0
1376 3405 1
3405 1376 0
1377 3405 1
3405 1377 0
1378 3405 1
3405 1378 0
1379 3405 1
3405 1379 0
1380 3405 1
3405 1380 0
1381 3405 1
3405 1381 0
1382 3405 1
3405 1382 0
1383 3405 1
3405 1383 0
1384 3405 1
3405 1384 0
1385 3405 1
3405 1385 0
1386 3405 1
3405 1386 0
1387 3405 1
3405 1387 0
1388 3405 1
3405 1388 0
1389 3405 1
3405 1389 0
1390 3405 1
3405 1390 0
1391 3405 1
3405 1391 0
1392 3405 1
3405 1392 0
1393 3405 1
3405 1393 0
1394 3405 1
3405 1394 0
1395 3405 1
3405 1395 0
1396 3405 1
3405 1396 0
1397 3405 1
3405 1397 0
1398 3405 1
3405 1398 0
1399 3405 1
3405 1399 0
1400 3405 1
3405 1400 0
1401 3405 1
3405 1401 0
1402 3405 1
3405 1402 0
1403 3405 1
3405 1403 0
1404 3405 1
3405 1404 0
1405 3405 1
3405 1405 0
1406 3405 1
3405 1406 0
1407 3405 1
3405 1407 0
1408 3405 1
3405 1408 0
1409 3405 1
3405 1409 0
1410 3405 1
3405 1410 0
1411 3405 1
3405 1411 0
1412 3405 1
3405 1412 0
1413 3405 1
3405 1413 0
1414 3405 1
3405 1414 0
1415 3405 1
3405 1415 0
1416 3405 1
3405 1416 0
1417 3405 1
3405 1417 0
1418 3405 1
3405 1418 0
1419 3405 1
3405 1419 0
1420 3405 1
3405 1420 0
1421 3405 1
3405 1421 0
1422 3405 1
3405 1422 0
1423 3405 1
3405 1423 0
1424 3405 1
3405 1424 0
1425 3405 1
3405 1425 0
1426 3405 1
3405 1426 0
1427 3405 1
3405 1427 0
1428 3405 1
3405 1428 0
1429 3405 1
3405 1429 0
1430 3405 1
3405 1430 0
1431 3405 1
3405 1431 0
1432 3405 1
3405 1432 0
1433 3405 1
3405 1433 0
1434 3405 1
3405 1434 0
1435 3405 1
3405 1435 0
1436 3405 1
3405 1436 0
1437 3405 1
3405 1437 0
1438 3405 1
3405 1438 0
1439 3405 1
3405 1439 0
1440 3405 1
3405 1440 0
1441 3405 1
3405 1441 0
1442 3405 1
3405 1442 0
1443 3405 1
3405 1443 0
1444 3405 1
3405 1444 0
1445 3405 1
3405 1445 0
1446 3405 1
3405 1446 0
1447 3405 1
3405 1447 0
1448 3405 1
3405 1448 0
1449 3405 1
3405 1449 0
1450 3405 1
3405 1450 0
1451 3405 1
3405 1451 0
1452 3405 1
3405 1452 0
1453 3405 1
3405 1453 0
1454 3405 1
3405 1454 0
1455 3405 1
3405 1455 0
1456 3405 1
3405 1456 0
1457 3405 1
3405 1457 0
1458 3405 1
3405 1458 0
1459 3405 1
3405 1459 0
1460 3405 1
3405 1460 0
1461 3405 1
3405 1461 0
1462 3405 1
3405 1462 0
1463 3405 1
3405 1463 0
1464 3405 1
3405 1464 0
1465 3405 1
3405 1465 0
1466 3405 1
3405 1466 0
1467 3405 1
3405 1467 0
1468 3405 1
3405 1468 0
1469 3405 1
3405 1469 0
1470 3405 1
3405 1470 0
1471 3405 1
3405 1471 0
1472 3405 1
3405 1472 0
1473 3405 1
3405 1473 0
1474 3405 1
3405 1474 0
1475 3405 1
3405 1475 0
1476 3405 1
3405 1476 0
1477 3405 1
3405 1477 0
1478 3405 1
3405 1478 0
1479 3405 1
3405 1479 0
1480 3405 1
3405 1480 0
1481 3405 1
3405 1481 0
1482 3405 1
3405 1482 0
1483 3405 1
3405 1483 0
1484 3405 1
3405 1484 0
1485 3405 1
3405 1485 0
1486 3405 1
3405 1486 0
1487 3405 1
3405 1487 0
1488 3405 1
3405 1488 0
1489 3405 1
3405 1489 0
1490 3405 1
3405 1490 0
1491 3405 1
3405 1491 0
1492 3405 1
3405 1492 0
1493 3405 1
3405 1493 0
1494 3405 1
3405 1494 0
1495 3405 1
3405 1495 0
1496 3405 1
3405 1496 0
1497 3405 1
3405 1497 0
1498 3405 1
3405 1498 0
1499 3405 1
3405 1499 0
1500 3405 1
3405 1500 0
1501 3405 1
3405 1501 0
1502 3405 1
3405 1502 0
1503 3405 1
3405 1503 0
1504 3405 1
3405 1504 0
1505 3405 1
3405 1505 0
1506 3405 1
3405 1506 0
1507 3405 1
3405 1507 0
1508 3405 1
3405 1508 0
1509 3405 1
3405 1509 0
1510 3405 1
3405 1510 0
1511 3405 1
3405 1511 0
1512 3405 1
3405 1512 0
1513 3405 1
3405 1513 0
1514 3405 1
3405 1514 0
1515 3405 1
3405 1515 0
1516 3405 1
3405 1516 0
1517 3405 1
3405 1517 0
1518 3405 1
3405 1518 0
1519 3405 1
3405 1519 0
1520 3405 1
3405 1520 0
1521 3405 1
3405 1521 0
1522 3405 1
3405 1522 0
1523 3405 1
3405 1523 0
1524 3405 1
3405 1524 0
1525 3405 1
3405 1525 0
1526 3405 1
3405 1526 0
1527 3405 1
3405 1527 0
1528 3405 1
3405 1528 0
1529 3405 1
3405 1529 0
1530 3405 1
3405 1530 0
1531 3405 1
3405 1531 0
1532 3405 1
3405 1532 0
1533 3405 1
3405 1533 0
1534 3405 1
3405 1534 0
1535 3405 1
3405 1535 0
1536 3405 1
3405 1536 0
1537 3405 1
3405 1537 0
1538 3405 1
3405 1538 0
1539 3405 1
3405 1539 0
1540 3405 1
3405 1540 0
1541 3405 1
3405 1541 0
1542 3405 1
3405 1542 0
1543 3405 1
3405 1543 0
1544 3405 1
3405 1544 0
1545 3405 1
3405 1545 0
1546 3405 1
3405 1546 0
1547 3405 1
3405 1547 0
1548 3405 1
3405 1548 0
1549 3405 1
3405 1549 0
1550 3405 1
3405 1550 0
1551 3405 1
3405 1551 0
1552 3405 1
3405 1552 0
1553 3405 1
3405 1553 0
1554 3405 1
3405 1554 0
1555 3405 1
3405 1555 0
1556 3405 1
3405 1556 0
1557 3405 1
3405 1557 0
1558 3405 1
3405 1558 0
1559 3405 1
3405 1559 0
1560 3405 1
3405 1560 0
1561 3405 1
3405 1561 0
1562 3405 1
3405 1562 0
1563 3405 1
3405 1563 0
1564 3405 1
3405 1564 0
1565 3405 1
3405 1565 0
1566 3405 1
3405 1566 0
1567 3405 1
3405 1567 0
1568 3405 1
3405 1568 0
1569 3405 1
3405 1569 0
1570 3405 1
3405 1570 0
1571 3405 1
3405 1571 0
1572 3405 1
3405 1572 0
1573 3405 1
3405 1573 0
1574 3405 1
3405 1574 0
1575 3405 1
3405 1575 0
1576 3405 1
3405 1576 0
1577 3405 1
3405 1577 0
1578 3405 1
3405 1578 0
1579 3405 1
3405 1579 0
1580 3405 1
3405 1580 0
1581 3405 1
3405 1581 0
1582 3405 1
3405 1582 0
1583 3405 1
3405 1583 0
1584 3405 1
3405 1584 0
1585 3405 1
3405 1585 0
1586 3405 1
3405 1586 0
1587 3405 1
3405 1587 0
1588 3405 1
3405 1588 0
1589 3405 1
3405 1589 0
1590 3405 1
3405 1590 0
1591 3405 1
3405 1591 0
1592 3405 1
3405 1592 0
1593 3405 1
3405 1593 0
1594 3405 1
3405 1594 0
1595 3405 1
3405 1595 0
1596 3405 1
3405 1596 0
1597 3405 1
3405 1597 0
1598 3405 1
3405 1598 0
1599 3405 1
3405 1599 0
1600 3405 1
3405 1600 0
1601 3405 1
3405 1601 0
1602 3405 1
3405 1602 0
1603 3405 1
3405 1603 0
1604 3405 1
3405 1604 0
1605 3405 1
3405 1605 0
1606 3405 1
3405 1606 0
1607 3405 1
3405 1607 0
1608 3405 1
3405 1608 0
1609 3405 1
3405 1609 0
1610 3405 1
3405 1610 0
1611 3405 1
3405 1611 0
1612 3405 1
3405 1612 0
1613 3405 1
3405 1613 0
1614 3405 1
3405 1614 0
1615 3405 1
3405 1615 0
1616 3405 1
3405 1616 0
1617 3405 1
3405 1617 0
1618 3405 1
3405 1618 0
1619 3405 1
3405 1619 0
1620 3405 1
3405 1620 0
1621 3405 1
3405 1621 0
1622 3405 1
3405 1622 0
1623 3405 1
3405 1623 0
1624 3405 1
3405 1624 0
1625 3405 1
3405 1625 0
1626 3405 1
3405 1626 0
1627 3405 1
3405 1627 0
1628 3405 1
3405 1628 0
1629 3405 1
3405 1629 0
1630 3405 1
3405 1630 0
1631 3405 1
3405 1631 0
1632 3405 1
3405 1632 0
1633 3405 1
3405 1633 0
1634 3405 1
3405 1634 0
1635 3405 1
3405 1635 0
1636 3405 1
3405 1636 0
1637 3405 1
3405 1637 0
1638 3405 1
3405 1638 0
1639 3405 1
3405 1639 0
1640 3405 1
3405 1640 0
1641 3405 1
3405 1641 0
1642 3405 1
3405 1642 0
1643 3405 1
3405 1643 0
1644 3405 1
3405 1644 0
1645 3405 1
3405 1645 0
1646 3405 1
3405 1646 0
1647 3405 1
3405 1647 0
1648 3405 1
3405 1648 0
1649 3405 1
3405 1649 0
1650 3405 1
3405 1650 0
1651 3405 1
3405 1651 0
1652 3405 1
3405 1652 0
1653 3405 1
3405 1653 0
1654 3405 1
3405 1654 0
1655 3405 1
3405 1655 0
1656 3405 1
3405 1656 0
1657 3405 1
3405 1657 0
1658 3405 1
3405 1658 0
1659 3405 1
3405 1659 0
1660 3405 1
3405 1660 0
1661 3405 1
3405 1661 0
1662 3405 1
3405 1662 0
1663 3405 1
3405 1663 0
1664 3405 1
3405 1664 0
1665 3405 1
3405 1665 0
1666 3405 1
3405 1666 0
1667 3405 1
3405 1667 0
1668 3405 1
3405 1668 0
1669 3405 1
3405 1669 0
1670 3405 1
3405 1670 0
1671 3405 1
3405 1671 0
1672 3405 1
3405 1672 0
1673 3405 1
3405 1673 0
1674 3405 1
3405 1674 0
1675 3405 1
3405 1675 0
1676 3405 1
3405 1676 0
1677 3405 1
3405 1677 0
1678 3405 1
3405 1678 0
1679 3405 1
3405 1679 0
1680 3405 1
3405 1680 0
1681 3405 1
3405 1681 0
1682 3405 1
3405 1682 0
1683 3405 1
3405 1683 0
1684 3405 1
3405 1684 0
1685 3405 1
3405 1685 0
1686 3405 1
3405 1686 0
1687 3405 1
3405 1687 0
1688 3405 1
3405 1688 0
1689 3405 1
3405 1689 0
1690 3405 1
3405 1690 0
1691 3405 1
3405 1691 0
1692 3405 1
3405 1692 0
1693 3405 1
3405 1693 0
1694 3405 1
3405 1694 0
1695 3405 1
3405 1695 0
1696 3405 1
3405 1696 0
1697 3405 1
3405 1697 0
1698 3405 1
3405 1698 0
1699 3405 1
3405 1699 0
1700 3405 1
3405 1700 0
1701 3405 1
3405 1701 0
1702 3405 1
3405 1702 0
1703 3405 1
3405 1703 0
1704 3405 1
3405 1704 0
1705 3405 1
3405 1705 0
1706 3405 1
3405 1706 0
1707 3405 1
3405 1707 0
1708 3405 1
3405 1708 0
1709 3405 1
3405 1709 0
1710 3405 1
3405 1710 0
1711 3405 1
3405 1711 0
1712 3405 1
3405 1712 0
1713 3405 1
3405 1713 0
1714 3405 1
3405 1714 0
1715 3405 1
3405 1715 0
1716 3405 1
3405 1716 0
1717 3405 1
3405 1717 0
1718 3405 1
3405 1718 0
1719 3405 1
3405 1719 0
1720 3405 1
3405 1720 0
1721 3405 1
3405 1721 0
1722 3405 1
3405 1722 0
1723 3405 1
3405 1723 0
1724 3405 1
3405 1724 0
1725 3405 1
3405 1725 0
1726 3405 1
3405 1726 0
1727 3405 1
3405 1727 0
1728 3405 1
3405 1728 0
1729 3405 1
3405 1729 0
1730 3405 1
3405 1730 0
1731 3405 1
3405 1731 0
1732 3405 1
3405 1732 0
1733 3405 1
3405 1733 0
1734 3405 1
3405 1734 0
1735 3405 1
3405 1735 0
1736 3405 1
3405 1736 0
1737 3405 1
3405 1737 0
1738 3405 1
3405 1738 0
1739 3405 1
3405 1739 0
1740 3405 1
3405 1740 0
1741 3405 1
3405 1741 0
1742 3405 1
3405 1742 0
1743 3405 1
3405 1743 0
1744 3405 1
3405 1744 0
1745 3405 1
3405 1745 0
1746 3405 1
3405 1746 0
1747 3405 1
3405 1747 0
1748 3405 1
3405 1748 0
1749 3405 1
3405 1749 0
1750 3405 1
3405 1750 0
1751 3405 1
3405 1751 0
1752 3405 1
3405 1752 0
1753 3405 1
3405 1753 0
1754 3405 1
3405 1754 0
1755 3405 1
3405 1755 0
1756 3405 1
3405 1756 0
1757 3405 1
3405 1757 0
1758 3405 1
3405 1758 0
1759 3405 1
3405 1759 0
1760 3405 1
3405 1760 0
1761 3405 1
3405 1761 0
1762 3405 1
3405 1762 0
1763 3405 1
3405 1763 0
1764 3405 1
3405 1764 0
1765 3405 1
3405 1765 0
1766 3405 1
3405 1766 0
1767 3405 1
3405 1767 0
1768 3405 1
3405 1768 0
1769 3405 1
3405 1769 0
1770 3405 1
3405 1770 0
1771 3405 1
3405 1771 0
1772 3405 1
3405 1772 0
1773 3405 1
3405 1773 0
1774 3405 1
3405 1774 0
1775 3405 1
3405 1775 0
1776 3405 1
3405 1776 0
1777 3405 1
3405 1777 0
1778 3405 1
3405 1778 0
1779 3405 1
3405 1779 0
1780 3405 1
3405 1780 0
1781 3405 1
3405 1781 0
1782 3405 1
3405 1782 0
1783 3405 1
3405 1783 0
1784 3405 1
3405 1784 0
1785 3405 1
3405 1785 0
1786 3405 1
3405 1786 0
1787 3405 1
3405 1787 0
1788 3405 1
3405 1788 0
1789 3405 1
3405 1789 0
1790 3405 1
3405 1790 0
1791 3405 1
3405 1791 0
1792 3405 1
3405 1792 0
1793 3405 1
3405 1793 0
1794 3405 1
3405 1794 0
1795 3405 1
3405 1795 0
1796 3405 1
3405 1796 0
1797 3405 1
3405 1797 0
1798 3405 1
3405 1798 0
1799 3405 1
3405 1799 0
1800 3405 1
3405 1800 0
1801 3405 1
3405 1801 0
1802 3405 1
3405 1802 0
1803 3405 1
3405 1803 0
1804 3405 1
3405 1804 0
1805 3405 1
3405 1805 0
1806 3405 1
3405 1806 0
1807 3405 1
3405 1807 0
1808 3405 1
3405 1808 0
1809 3405 1
3405 1809 0
1810 3405 1
3405 1810 0
1811 3405 1
3405 1811 0
1812 3405 1
3405 1812 0
1813 3405 1
3405 1813 0
1814 3405 1
3405 1814 0
1815 3405 1
3405 1815 0
1816 3405 1
3405 1816 0
1817 3405 1
3405 1817 0
1818 3405 1
3405 1818 0
1819 3405 1
3405 1819 0
1820 3405 1
3405 1820 0
1821 3405 1
3405 1821 0
1822 3405 1
3405 1822 0
1823 3405 1
3405 1823 0
1824 3405 1
3405 1824 0
1825 3405 1
3405 1825 0
1826 3405 1
3405 1826 0
1827 3405 1
3405 1827 0
1828 3405 1
3405 1828 0
1829 3405 1
3405 1829 0
1830 3405 1
3405 1830 0
1831 3405 1
3405 1831 0
1832 3405 1
3405 1832 0
1833 3405 1
3405 1833 0
1834 3405 1
3405 1834 0
1835 3405 1
3405 1835 0
1836 3405 1
3405 1836 0
1837 3405 1
3405 1837 0
1838 3405 1
3405 1838 0
1839 3405 1
3405 1839 0
1840 3405 1
3405 1840 0
1841 3405 1
3405 1841 0
1842 3405 1
3405 1842 0
1843 3405 1
3405 1843 0
1844 3405 1
3405 1844 0
1845 3405 1
3405 1845 0
1846 3405 1
3405 1846 0
1847 3405 1
3405 1847 0
1848 3405 1
3405 1848 0
1849 3405 1
3405 1849 0
1850 3405 1
3405 1850 0
1851 3405 1
3405 1851 0
1852 3405 1
3405 1852 0
1853 3405 1
3405 1853 0
1854 3405 1
3405 1854 0
1855 3405 1
3405 1855 0
1856 3405 1
3405 1856 0
1857 3405 1
3405 1857 0
1858 3405 1
3405 1858 0
1859 3405 1
3405 1859 0
1860 3405 1
3405 1860 0
1861 3405 1
3405 1861 0
1862 3405 1
3405 1862 0
1863 3405 1
3405 1863 0
1864 3405 1
3405 1864 0
1865 3405 1
3405 1865 0
1866 3405 1
3405 1866 0
1867 3405 1
3405 1867 0
1868 3405 1
3405 1868 0
1869 3405 1
3405 1869 0
1870 3405 1
3405 1870 0
1871 3405 1
3405 1871 0
1872 3405 1
3405 1872 0
1873 3405 1
3405 1873 0
1874 3405 1
3405 1874 0
1875 3405 1
3405 1875 0
1876 3405 1
3405 1876 0
1877 3405 1
3405 1877 0
1878 3405 1
3405 1878 0
1879 3405 1
3405 1879 0
1880 3405 1
3405 1880 0
1881 3405 1
3405 1881 0
1882 3405 1
3405 1882 0
1883 3405 1
3405 1883 0
1884 3405 1
3405 1884 0
1885 3405 1
3405 1885 0
1886 3405 1
3405 1886 0
1887 3405 1
3405 1887 0
1888 3405 1
3405 1888 0
1889 3405 1
3405 1889 0
1890 3405 1
3405 1890 0
1891 3405 1
3405 1891 0
1892 3405 1
3405 1892 0
1893 3405 1
3405 1893 0
1894 3405 1
3405 1894 0
1895 3405 1
3405 1895 0
1896 3405 1
3405 1896 0
1897 3405 1
3405 1897 0
1898 3405 1
3405 1898 0
1899 3405 1
3405 1899 0
1900 3405 1
3405 1900 0
1901 3405 1
3405 1901 0
1902 3405 1
3405 1902 0
1903 3405 1
3405 1903 0
1904 3405 1
3405 1904 0
1905 3405 1
3405 1905 0
1906 3405 1
3405 1906 0
1907 3405 1
3405 1907 0
1908 3405 1
3405 1908 0
1909 3405 1
3405 1909 0
1910 3405 1
3405 1910 0
1911 3405 1
3405 1911 0
1912 3405 1
3405 1912 0
1913 3405 1
3405 1913 0
1914 3405 1
3405 1914 0
1915 3405 1
3405 1915 0
1916 3405 1
3405 1916 0
1917 3405 1
3405 1917 0
1918 3405 1
3405 1918 0
1919 3405 1
3405 1919 0
1920 3405 1
3405 1920 0
1921 3405 1
3405 1921 0
1922 3405 1
3405 1922 0
1923 3405 1
3405 1923 0
1924 3405 1
3405 1924 0
1925 3405 1
3405 1925 0
1926 3405 1
3405 1926 0
1927 3405 1
3405 1927 0
1928 3405 1
3405 1928 0
1929 3405 1
3405 1929 0
1930 3405 1
3405 1930 0
1931 3405 1
3405 1931 0
1932 3405 1
3405 1932 0
1933 3405 1
3405 1933 0
1934 3405 1
3405 1934 0
1935 3405 1
3405 1935 0
1936 3405 1
3405 1936 0
1937 3405 1
3405 1937 0
1938 3405 1
3405 1938 0
1939 3405 1
3405 1939 0
1940 3405 1
3405 1940 0
1941 3405 1
3405 1941 0
1942 3405 1
3405 1942 0
1943 3405 1
3405 1943 0
1944 3405 1
3405 1944 0
1945 3405 1
3405 1945 0
1946 3405 1
3405 1946 0
1947 3405 1
3405 1947 0
1948 3405 1
3405 1948 0
1949 3405 1
3405 1949 0
1950 3405 1
3405 1950 0
1951 3405 1
3405 1951 0
1952 3405 1
3405 1952 0
1953 3405 1
3405 1953 0
1954 3405 1
3405 1954 0
1955 3405 1
3405 1955 0
1956 3405 1
3405 1956 0
1957 3405 1
3405 1957 0
1958 3405 1
3405 1958 0
1959 3405 1
3405 1959 0
1960 3405 1
3405 1960 0
1961 3405 1
3405 1961 0
1962 3405 1
3405 1962 0
1963 3405 1
3405 1963 0
1964 3405 1
3405 1964 0
1965 3405 1
3405 1965 0
1966 3405 1
3405 1966 0
1967 3405 1
3405 1967 0
1968 3405 1
3405 1968 0
1969 3405 1
3405 1969 0
1970 3405 1
3405 1970 0
1971 3405 1
3405 1971 0
1972 3405 1
3405 1972 0
1973 3405 1
3405 1973 0
1974 3405 1
3405 1974 0
1975 3405 1
3405 1975 0
1976 3405 1
3405 1976 0
1977 3405 1
3405 1977 0
1978 3405 1
3405 1978 0
1979 3405 1
3405 1979 0
1980 3405 1
3405 1980 0
1981 3405 1
3405 1981 0
1982 3405 1
3405 1982 0
1983 3405 1
3405 1983 0
1984 3405 1
3405 1984 0
1985 3405 1
3405 1985 0
1986 3405 1
3405 1986 0
1987 3405 1
3405 1987 0
1988 3405 1
3405 1988 0
1989 3405 1
3405 1989 0
1990 3405 1
3405 1990 0
1991 3405 1
3405 1991 0
1992 3405 1
3405 1992 0
1993 3405 1
3405 1993 0
1994 3405 1
3405 1994 0
1995 3405 1
3405 1995 0
1996 3405 1
3405 1996 0
1997 3405 1
3405 1997 0
1998 3405 1
3405 1998 0
1999 3405 1
3405 1999 0
2000 3405 1
3405 2000 0
2001 3405 1
3405 2001 0
2002 3405 1
3405 2002 0
2003 3405 1
3405 2003 0
2004 3405 1
3405 2004 0
2005 3405 1
3405 2005 0
2006 3405 1
3405 2006 0
2007 3405 1
3405 2007 0
2008 3405 1
3405 2008 0
2009 3405 1
3405 2009 0
2010 3405 1
3405 2010 0
2011 3405 1
3405 2011 0
2012 3405 1
3405 2012 0
2013 3405 1
3405 2013 0
2014 3405 1
3405 2014 0
2015 3405 1
3405 2015 0
2016 3405 1
3405 2016 0
2017 3405 1
3405 2017 0
2018 3405 1
3405 2018 0
2019 3405 1
3405 2019 0
2020 3405 1
3405 2020 0
2021 3405 1
3405 2021 0
2022 3405 1
3405 2022 0
2023 3405 1
3405 2023 0
2024 3405 1
3405 2024 0
2025 3405 1
3405 2025 0
2026 3405 1
3405 2026 0
2027 3405 1
3405 2027 0
2028 3405 1
3405 2028 0
2029 3405 1
3405 2029 0
2030 3405 1
3405 2030 0
2031 3405 1
3405 2031 0
2032 3405 1
3405 2032 0
2033 3405 1
3405 2033 0
2034 3405 1
3405 2034 0
2035 3405 1
3405 2035 0
2036 3405 1
3405 2036 0
2037 3405 1
3405 2037 0
2038 3405 1
3405 2038 0
2039 3405 1
3405 2039 0
2040 3405 1
3405 2040 0
2041 3405 1
3405 2041 0
2042 3405 1
3405 2042 0
2043 3405 1
3405 2043 0
2044 3405 1
3405 2044 0
2045 3405 1
3405 2045 0
2046 3405 1
3405 2046 0
2047 3405 1
3405 2047 0
2048 3405 1
3405 2048 0
2049 3405 1
3405 2049 0
2050 3405 1
3405 2050 0
2051 3405 1
3405 2051 0
2052 3405 1
3405 2052 0
2053 3405 1
3405 2053 0
2054 3405 1
3405 2054 0
2055 3405 1
3405 2055 0
2056 3405 1
3405 2056 0
2057 3405 1
3405 2057 0
2058 3405 1
3405 2058 0
2059 3405 1
3405 2059 0
2060 3405 1
3405 2060 0
2061 3405 1
3405 2061 0
2062 3405 1
3405 2062 0
2063 3405 1
3405 2063 0
2064 3405 1
3405 2064 0
2065 3405 1
3405 2065 0
2066 3405 1
3405 2066 0
2067 3405 1
3405 2067 0
2068 3405 1
3405 2068 0
2069 3405 1
3405 2069 0
2070 3405 1
3405 2070 0
2071 3405 1
3405 2071 0
2072 3405 1
3405 2072 0
2073 3405 1
3405 2073 0
2074 3405 1
3405 2074 0
2075 3405 1
3405 2075 0
2076 3405 1
3405 2076 0
2077 3405 1
3405 2077 0
2078 3405 1
3405 2078 0
2079 3405 1
3405 2079 0
2080 3405 1
3405 2080 0
2081 3405 1
3405 2081 0
2082 3405 1
3405 2082 0
2083 3405 1
3405 2083 0
2084 3405 1
3405 2084 0
2085 3405 1
3405 2085 0
2086 3405 1
3405 2086 0
2087 3405 1
3405 2087 0
2088 3405 1
3405 2088 0
2089 3405 1
3405 2089 0
2090 3405 1
3405 2090 0
2091 3405 1
3405 2091 0
2092 3405 1
3405 2092 0
2093 3405 1
3405 2093 0
2094 3405 1
3405 2094 0
2095 3405 1
3405 2095 0
2096 3405 1
3405 2096 0
2097 3405 1
3405 2097 0
2098 3405 1
3405 2098 0
2099 3405 1
3405 2099 0
2100 3405 1
3405 2100 0
2101 3405 1
3405 2101 0
2102 3405 1
3405 2102 0
2103 3405 1
3405 2103 0
2104 3405 1
3405 2104 0
2105 3405 1
3405 2105 0
2106 3405 1
3405 2106 0
2107 3405 1
3405 2107 0
2108 3405 1
3405 2108 0
2109 3405 1
3405 2109 0
2110 3405 1
3405 2110 0
2111 3405 1
3405 2111 0
2112 3405 1
3405 2112 0
2113 3405 1
3405 2113 0
2114 3405 1
3405 2114 0
2115 3405 1
3405 2115 0
2116 3405 1
3405 2116 0
2117 3405 1
3405 2117 0
2118 3405 1
3405 2118 0
2119 3405 1
3405 2119 0
2120 3405 1
3405 2120 0
2121 3405 1
3405 2121 0
2122 3405 1
3405 2122 0
2123 3405 1
3405 2123 0
2124 3405 1
3405 2124 0
2125 3405 1
3405 2125 0
2126 3405 1
3405 2126 0
2127 3405 1
3405 2127 0
2128 3405 1
3405 2128 0
2129 3405 1
3405 2129 0
2130 3405 1
3405 2130 0
2131 3405 1
3405 2131 0
2132 3405 1
3405 2132 0
2133 3405 1
3405 2133 0
2134 3405 1
3405 2134 0
2135 3405 1
3405 2135 0
2136 3405 1
3405 2136 0
2137 3405 1
3405 2137 0
2138 3405 1
3405 2138 0
2139 3405 1
3405 2139 0
2140 3405 1
3405 2140 0
2141 3405 1
3405 2141 0
2142 3405 1
3405 2142 0
2143 3405 1
3405 2143 0
2144 3405 1
3405 2144 0
2145 3405 1
3405 2145 0
2146 3405 1
3405 2146 0
2147 3405 1
3405 2147 0
2148 3405 1
3405 2148 0
2149 3405 1
3405 2149 0
2150 3405 1
3405 2150 0
2151 3405 1
3405 2151 0
2152 3405 1
3405 2152 0
2153 3405 1
3405 2153 0
2154 3405 1
3405 2154 0
2155 3405 1
3405 2155 0
2156 3405 1
3405 2156 0
2157 3405 1
3405 2157 0
2158 3405 1
3405 2158 0
2159 3405 1
3405 2159 0
2160 3405 1
3405 2160 0
2161 3405 1
3405 2161 0
2162 3405 1
3405 2162 0
2163 3405 1
3405 2163 0
2164 3405 1
3405 2164 0
2165 3405 1
3405 2165 0
2166 3405 1
3405 2166 0
2167 3405 1
3405 2167 0
2168 3405 1
3405 2168 0
2169 3405 1
3405 2169 0
2170 3405 1
3405 2170 0
2171 3405 1
3405 2171 0
2172 3405 1
3405 2172 0
2173 3405 1
3405 2173 0
2174 3405 1
3405 2174 0
2175 3405 1
3405 2175 0
2176 3405 1
3405 2176 0
2177 3405 1
3405 2177 0
2178 3405 1
3405 2178 0
2179 3405 1
3405 2179 0
2180 3405 1
3405 2180 0
2181 3405 1
3405 2181 0
2182 3405 1
3405 2182 0
2183 3405 1
3405 2183 0
2184 3405 1
3405 2184 0
2185 3405 1
3405 2185 0
2186 3405 1
3405 2186 0
2187 3405 1
3405 2187 0
2188 3405 1
3405 2188 0
2189 3405 1
3405 2189 0
2190 3405 1
3405 2190 0
2191 3405 1
3405 2191 0
2192 3405 1
3405 2192 0
2193 3405 1
3405 2193 0
2194 3405 1
3405 2194 0
2195 3405 1
3405 2195 0
2196 3405 1
3405 2196 0
2197 3405 1
3405 2197 0
2198 3405 1
3405 2198 0
2199 3405 1
3405 2199 0
2200 3405 1
3405 2200 0
2201 3405 1
3405 2201 0
2202 3405 1
3405 2202 0
2203 3405 1
3405 2203 0
2204 3405 1
3405 2204 0
2205 3405 1
3405 2205 0
2206 3405 1
3405 2206 0
2207 3405 1
3405 2207 0
2208 3405 1
3405 2208 0
2209 3405 1
3405 2209 0
2210 3405 1
3405 2210 0
2211 3405 1
3405 2211 0
2212 3405 1
3405 2212 0
2213 3405 1
3405 2213 0
2214 3405 1
3405 2214 0
2215 3405 1
3405 2215 0
2216 3405 1
3405 2216 0
2217 3405 1
3405 2217 0
2218 3405 1
3405 2218 0
2219 3405 1
3405 2219 0
2220 3405 1
3405 2220 0
2221 3405 1
3405 2221 0
2222 3405 1
3405 2222 0
2223 3405 1
3405 2223 0
2224 3405 1
3405 2224 0
2225 3405 1
3405 2225 0
2226 3405 1
3405 2226 0
2227 3405 1
3405 2227 0
2228 3405 1
3405 2228 0
2229 3405 1
3405 2229 0
2230 3405 1
3405 2230 0
2231 3405 1
3405 2231 0
2232 3405 1
3405 2232 0
2233 3405 1
3405 2233 0
2234 3405 1
3405 2234 0
2235 3405 1
3405 2235 0
2236 3405 1
3405 2236 0
2237 3405 1
3405 2237 0
2238 3405 1
3405 2238 0
2239 3405 1
3405 2239 0
2240 3405 1
3405 2240 0
2241 3405 1
3405 2241 0
2242 3405 1
3405 2242 0
2243 3405 1
3405 2243 0
2244 3405 1
3405 2244 0
2245 3405 1
3405 2245 0
2246 3405 1
3405 2246 0
2247 3405 1
3405 2247 0
2248 3405 1
3405 2248 0
2249 3405 1
3405 2249 0
2250 3405 1
3405 2250 0
2251 3405 1
3405 2251 0
2252 3405 1
3405 2252 0
2253 3405 1
3405 2253 0
2254 3405 1
3405 2254 0
2255 3405 1
3405 2255 0
2256 3405 1
3405 2256 0
2257 3405 1
3405 2257 0
2258 3405 1
3405 2258 0
2259 3405 1
3405 2259 0
2260 3405 1
3405 2260 0
2261 3405 1
3405 2261 0
2262 3405 1
3405 2262 0
2263 3405 1
3405 2263 0
2264 3405 1
3405 2264 0
2265 3405 1
3405 2265 0
2266 3405 1
3405 2266 0
2267 3405 1
3405 2267 0
2268 3405 1
3405 2268 0
2269 3405 1
3405 2269 0
2270 3405 1
3405 2270 0
2271 3405 1
3405 2271 0
2272 3405 1
3405 2272 0
2273 3405 1
3405 2273 0
2274 3405 1
3405 2274 0
2275 3405 1
3405 2275 0
2276 3405 1
3405 2276 0
2277 3405 1
3405 2277 0
2278 3405 1
3405 2278 0
2279 3405 1
3405 2279 0
2280 3405 1
3405 2280 0
2281 3405 1
3405 2281 0
2282 3405 1
3405 2282 0
2283 3405 1
3405 2283 0
2284 3405 1
3405 2284 0
2285 3405 1
3405 2285 0
2286 3405 1
3405 2286 0
2287 3405 1
3405 2287 0
2288 3405 1
3405 2288 0
2289 3405 1
3405 2289 0
2290 3405 1
3405 2290 0
2291 3405 1
3405 2291 0
2292 3405 1
3405 2292 0
2293 3405 1
3405 2293 0
2294 3405 1
3405 2294 0
2295 3405 1
3405 2295 0
2296 3405 1
3405 2296 0
2297 3405 1
3405 2297 0
2298 3405 1
3405 2298 0
2299 3405 1
3405 2299 0
2300 3405 1
3405 2300 0
2301 3405 1
3405 2301 0
2302 3405 1
3405 2302 0
2303 3405 1
3405 2303 0
2304 3405 1
3405 2304 0
2305 3405 1
3405 2305 0
2306 3405 1
3405 2306 0
2307 3405 1
3405 2307 0
2308 3405 1
3405 2308 0
2309 3405 1
3405 2309 0
2310 3405 1
3405 2310 0
2311 3405 1
3405 2311 0
2312 3405 1
3405 2312 0
2313 3405 1
3405 2313 0
2314 3405 1
3405 2314 0
2315 3405 1
3405 2315 0
2316 3405 1
3405 2316 0
2317 3405 1
3405 2317 0
2318 3405 1
3405 2318 0
2319 3405 1
3405 2319 0
2320 3405 1
3405 2320 0
2321 3405 1
3405 2321 0
2322 3405 1
3405 2322 0
2323 3405 1
3405 2323 0
2324 3405 1
3405 2324 0
2325 3405 1
3405 2325 0
2326 3405 1
3405 2326 0
2327 3405 1
3405 2327 0
2328 3405 1
3405 2328 0
2329 3405 1
3405 2329 0
2330 3405 1
3405 2330 0
2331 3405 1
3405 2331 0
2332 3405 1
3405 2332 0
2333 3405 1
3405 2333 0
2334 3405 1
3405 2334 0
2335 3405 1
3405 2335 0
2336 3405 1
3405 2336 0
2337 3405 1
3405 2337 0
2338 3405 1
3405 2338 0
2339 3405 1
3405 2339 0
2340 3405 1
3405 2340 0
2341 3405 1
3405 2341 0
2342 3405 1
3405 2342 0
2343 3405 1
3405 2343 0
2344 3405 1
3405 2344 0
2345 3405 1
3405 2345 0
2346 3405 1
3405 2346 0
2347 3405 1
3405 2347 0
2348 3405 1
3405 2348 0
2349 3405 1
3405 2349 0
2350 3405 1
3405 2350 0
2351 3405 1
3405 2351 0
2352 3405 1
3405 2352 0
2353 3405 1
3405 2353 0
2354 3405 1
3405 2354 0
2355 3405 1
3405 2355 0
2356 3405 1
3405 2356 0
2357 3405 1
3405 2357 0
2358 3405 1
3405 2358 0
2359 3405 1
3405 2359 0
2360 3405 1
3405 2360 0
2361 3405 1
3405 2361 0
2362 3405 1
3405 2362 0
2363 3405 1
3405 2363 0
2364 3405 1
3405 2364 0
2365 3405 1
3405 2365 0
2366 3405 1
3405 2366 0
2367 3405 1
3405 2367 0
2368 3405 1
3405 2368 0
2369 3405 1
3405 2369 0
2370 3405 1
3405 2370 0
2371 3405 1
3405 2371 0
2372 3405 1
3405 2372 0
2373 3405 1
3405 2373 0
2374 3405 1
3405 2374 0
2375 3405 1
3405 2375 0
2376 3405 1
3405 2376 0
2377 3405 1
3405 2377 0
2378 3405 1
3405 2378 0
2379 3405 1
3405 2379 0
2380 3405 1
3405 2380 0
2381 3405 1
3405 2381 0
2382 3405 1
3405 2382 0
2383 3405 1
3405 2383 0
2384 3405 1
3405 2384 0
2385 3405 1
3405 2385 0
2386 3405 1
3405 2386 0
2387 3405 1
3405 2387 0
2388 3405 1
3405 2388 0
2389 3405 1
3405 2389 0
2390 3405 1
3405 2390 0
2391 3405 1
3405 2391 0
2392 3405 1
3405 2392 0
2393 3405 1
3405 2393 0
2394 3405 1
3405 2394 0
2395 3405 1
3405 2395 0
2396 3405 1
3405 2396 0
2397 3405 1
3405 2397 0
2398 3405 1
3405 2398 0
2399 3405 1
3405 2399 0
2400 3405 1
3405 2400 0
2401 3405 1
3405 2401 0
2402 3405 1
3405 2402 0
2403 3405 1
3405 2403 0
2404 3405 1
3405 2404 0
2405 3405 1
3405 2405 0
2406 3405 1
3405 2406 0
2407 3405 1
3405 2407 0
2408 3405 1
3405 2408 0
2409 3405 1
3405 2409 0
2410 3405 1
3405 2410 0
2411 3405 1
3405 2411 0
2412 3405 1
3405 2412 0
2413 3405 1
3405 2413 0
2414 3405 1
3405 2414 0
2415 3405 1
3405 2415 0
2416 3405 1
3405 2416 0
2417 3405 1
3405 2417 0
2418 3405 1
3405 2418 0
2419 3405 1
3405 2419 0
2420 3405 1
3405 2420 0
2421 3405 1
3405 2421 0
2422 3405 1
3405 2422 0
2423 3405 1
3405 2423 0
2424 3405 1
3405 2424 0
2425 3405 1
3405 2425 0
2426 3405 1
3405 2426 0
2427 3405 1
3405 2427 0
2428 3405 1
3405 2428 0
2429 3405 1
3405 2429 0
2430 3405 1
3405 2430 0
2431 3405 1
3405 2431 0
2432 3405 1
3405 2432 0
2433 3405 1
3405 2433 0
2434 3405 1
3405 2434 0
2435 3405 1
3405 2435 0
2436 3405 1
3405 2436 0
2437 3405 1
3405 2437 0
2438 3405 1
3405 2438 0
2439 3405 1
3405 2439 0
2440 3405 1
3405 2440 0
2441 3405 1
3405 2441 0
2442 3405 1
3405 2442 0
2443 3405 1
3405 2443 0
2444 3405 1
3405 2444 0
2445 3405 1
3405 2445 0
2446 3405 1
3405 2446 0
2447 3405 1
3405 2447 0
2448 3405 1
3405 2448 0
2449 3405 1
3405 2449 0
2450 3405 1
3405 2450 0
2451 3405 1
3405 2451 0
2452 3405 1
3405 2452 0
2453 3405 1
3405 2453 0
2454 3405 1
3405 2454 0
2455 3405 1
3405 2455 0
2456 3405 1
3405 2456 0
2457 3405 1
3405 2457 0
2458 3405 1
3405 2458 0
2459 3405 1
3405 2459 0
2460 3405 1
3405 2460 0
2461 3405 1
3405 2461 0
2462 3405 1
3405 2462 0
2463 3405 1
3405 2463 0
2464 3405 1
3405 2464 0
2465 3405 1
3405 2465 0
2466 3405 1
3405 2466 0
2467 3405 1
3405 2467 0
2468 3405 1
3405 2468 0
2469 3405 1
3405 2469 0
2470 3405 1
3405 2470 0
2471 3405 1
3405 2471 0
2472 3405 1
3405 2472 0
2473 3405 1
3405 2473 0
2474 3405 1
3405 2474 0
2475 3405 1
3405 2475 0
2476 3405 1
3405 2476 0
2477 3405 1
3405 2477 0
2478 3405 1
3405 2478 0
2479 3405 1
3405 2479 0
2480 3405 1
3405 2480 0
2481 3405 1
3405 2481 0
2482 3405 1
3405 2482 0
2483 3405 1
3405 2483 0
2484 3405 1
3405 2484 0
2485 3405 1
3405 2485 0
2486 3405 1
3405 2486 0
2487 3405 1
3405 2487 0
2488 3405 1
3405 2488 0
2489 3405 1
3405 2489 0
2490 3405 1
3405 2490 0
2491 3405 1
3405 2491 0
2492 3405 1
3405 2492 0
2493 3405 1
3405 2493 0
2494 3405 1
3405 2494 0
2495 3405 1
3405 2495 0
2496 3405 1
3405 2496 0
2497 3405 1
3405 2497 0
2498 3405 1
3405 2498 0
2499 3405 1
3405 2499 0
2500 3405 1
3405 2500 0
2501 3405 1
3405 2501 0
2502 3405 1
3405 2502 0
2503 3405 1
3405 2503 0
2504 3405 1
3405 2504 0
2505 3405 1
3405 2505 0
2506 3405 1
3405 2506 0
2507 3405 1
3405 2507 0
2508 3405 1
3405 2508 0
2509 3405 1
3405 2509 0
2510 3405 1
3405 2510 0
2511 3405 1
3405 2511 0
2512 3405 1
3405 2512 0
2513 3405 1
3405 2513 0
2514 3405 1
3405 2514 0
2515 3405 1
3405 2515 0
2516 3405 1
3405 2516 0
2517 3405 1
3405 2517 0
2518 3405 1
3405 2518 0
2519 3405 1
3405 2519 0
2520 3405 1
3405 2520 0
2521 3405 1
3405 2521 0
2522 3405 1
3405 2522 0
2523 3405 1
3405 2523 0
2524 3405 1
3405 2524 0
2525 3405 1
3405 2525 0
2526 3405 1
3405 2526 0
2527 3405 1
3405 2527 0
2528 3405 1
3405 2528 0
2529 3405 1
3405 2529 0
2530 3405 1
3405 2530 0
2531 3405 1
3405 2531 0
2532 3405 1
3405 2532 0
2533 3405 1
3405 2533 0
2534 3405 1
3405 2534 0
2535 3405 1
3405 2535 0
2536 3405 1
3405 2536 0
2537 3405 1
3405 2537 0
2538 3405 1
3405 2538 0
2539 3405 1
3405 2539 0
2540 3405 1
3405 2540 0
2541 3405 1
3405 2541 0
2542 3405 1
3405 2542 0
2543 3405 1
3405 2543 0
2544 3405 1
3405 2544 0
2545 3405 1
3405 2545 0
2546 3405 1
3405 2546 0
2547 3405 1
3405 2547 0
2548 3405 24
3405 2548 0
2549 3405 24
3405 2549 0
2550 3405 24
3405 2550 0
2551 3405 24
3405 2551 0
2552 3405 24
3405 2552 0
2553 3405 24
3405 2553 0
2554 3405 24
3405 2554 0
2555 3405 24
3405 2555 0
2556 3405 24
3405 2556 0
2557 3405 24
3405 2557 0
2558 3405 24
3405 2558 0
2559 3405 24
3405 2559 0
2560 3405 24
3405 2560 0
2561 3405 24
3405 2561 0
2562 3405 24
3405 2562 0
2563 3405 24
3405 2563 0
2564 3405 24
3405 2564 0
2565 3405 24
3405 2565 0
2566 3405 24
3405 2566 0
2567 3405 24
3405 2567 0
2568 3405 24
3405 2568 0
2569 3405 24
3405 2569 0
2570 3405 24
3405 2570 0
2571 3405 24
3405 2571 0
2572 3405 24
3405 2572 0
2573 3405 24
3405 2573 0
2574 3405 24
3405 2574 0
2575 3405 24
3405 2575 0
2576 3405 24
3405 2576 0
2577 3405 24
3405 2577 0
2578 3405 24
3405 2578 0
2579 3405 24
3405 2579 0
2580 3405 24
3405 2580 0
2581 3405 24
3405 2581 0
2582 3405 24
3405 2582 0
2583 3405 24
3405 2583 0
2584 3405 24
3405 2584 0
2585 3405 24
3405 2585 0
2586 3405 24
3405 2586 0
2587 3405 24
3405 2587 0
2588 3405 24
3405 2588 0
2589 3405 24
3405 2589 0
2590 3405 24
3405 2590 0
2591 3405 24
3405 2591 0
2592 3405 24
3405 2592 0
2593 3405 24
3405 2593 0
2594 3405 24
3405 2594 0
2595 3405 24
3405 2595 0
2596 3405 24
3405 2596 0
2597 3405 24
3405 2597 0
2598 3405 24
3405 2598 0
2599 3405 24
3405 2599 0
2600 3405 24
3405 2600 0
2601 3405 24
3405 2601 0
2602 3405 24
3405 2602 0
2603 3405 24
3405 2603 0
2604 3405 24
3405 2604 0
2605 3405 24
3405 2605 0
2606 3405 24
3405 2606 0
2607 3405 24
3405 2607 0
2608 3405 24
3405 2608 0
2609 3405 24
3405 2609 0
2610 3405 24
3405 2610 0
2611 3405 24
3405 2611 0
2612 3405 24
3405 2612 0
2613 3405 24
3405 2613 0
2614 3405 24
3405 2614 0
2615 3405 24
3405 2615 0
2616 3405 24
3405 2616 0
2617 3405 24
3405 2617 0
2618 3405 24
3405 2618 0
2619 3405 24
3405 2619 0
2620 3405 24
3405 2620 0
2621 3405 24
3405 2621 0
2622 3405 24
3405 2622 0
2623 3405 24
3405 2623 0
2624 3405 24
3405 2624 0
2625 3405 24
3405 2625 0
2626 3405 24
3405 2626 0
2627 3405 24
3405 2627 0
2628 3405 24
3405 2628 0
2629 3405 24
3405 2629 0
2630 3405 24
3405 2630 0
2631 3405 24
3405 2631 0
2632 3405 24
3405 2632 0
2633 3405 24
3405 2633 0
2634 3405 24
3405 2634 0
2635 3405 24
3405 2635 0
2636 3405 24
3405 2636 0
2637 3405 24
3405 2637 0
2638 3405 24
3405 2638 0
2639 3405 24
3405 2639 0
2640 3405 24
3405 2640 0
2641 3405 24
3405 2641 0
2642 3405 24
3405 2642 0
2643 3405 24
3405 2643 0
2644 3405 24
3405 2644 0
2645 3405 24
3405 2645 0
2646 3405 24
3405 2646 0
2647 3405 24
3405 2647 0
2648 3405 24
3405 2648 0
2649 3405 24
3405 2649 0
2650 3405 24
3405 2650 0
2651 3405 24
3405 2651 0
2652 3405 24
3405 2652 0
2653 3405 24
3405 2653 0
2654 3405 24
3405 2654 0
2655 3405 24
3405 2655 0
2656 3405 24
3405 2656 0
2657 3405 24
3405 2657 0
2658 3405 24
3405 2658 0
2659 3405 24
3405 2659 0
2660 3405 24
3405 2660 0
2661 3405 24
3405 2661 0
2662 3405 24
3405 2662 0
2663 3405 24
3405 2663 0
2664 3405 24
3405 2664 0
2665 3405 24
3405 2665 0
2666 3405 24
3405 2666 0
2667 3405 24
3405 2667 0
2668 3405 24
3405 2668 0
2669 3405 24
3405 2669 0
2670 3405 24
3405 2670 0
2671 3405 24
3405 2671 0
2672 3405 24
3405 2672 0
2673 3405 24
3405 2673 0
2674 3405 24
3405 2674 0
2675 3405 24
3405 2675 0
2676 3405 24
3405 2676 0
2677 3405 24
3405 2677 0
2678 3405 24
3405 2678 0
2679 3405 24
3405 2679 0
2680 3405 24
3405 2680 0
2681 3405 24
3405 2681 0
2682 3405 24
3405 2682 0
2683 3405 24
3405 2683 0
2684 3405 24
3405 2684 0
2685 3405 24
3405 2685 0
2686 3405 24
3405 2686 0
2687 3405 24
3405 2687 0
2688 3405 24
3405 2688 0
2689 3405 24
3405 2689 0
2690 3405 24
3405 2690 0
2691 3405 24
3405 2691 0
2692 3405 24
3405 2692 0
2693 3405 24
3405 2693 0
2694 3405 24
3405 2694 0
2695 3405 24
3405 2695 0
2696 3405 24
3405 2696 0
2697 3405 24
3405 2697 0
2698 3405 24
3405 2698 0
2699 3405 24
3405 2699 0
2700 3405 24
3405 2700 0
2701 3405 24
3405 2701 0
2702 3405 24
3405 2702 0
2703 3405 24
3405 2703 0
2704 3405 24
3405 2704 0
2705 3405 24
3405 2705 0
2706 3405 24
3405 2706 0
2707 3405 24
3405 2707 0
2708 3405 24
3405 2708 0
2709 3405 24
3405 2709 0
2710 3405 24
3405 2710 0
2711 3405 24
3405 2711 0
2712 3405 24
3405 2712 0
2713 3405 24
3405 2713 0
2714 3405 24
3405 2714 0
2715 3405 24
3405 2715 0
2716 3405 24
3405 2716 0
2717 3405 24
3405 2717 0
2718 3405 24
3405 2718 0
2719 3405 24
3405 2719 0
2720 3405 24
3405 2720 0
2721 3405 24
3405 2721 0
2722 3405 24
3405 2722 0
2723 3405 24
3405 2723 0
2724 3405 24
3405 2724 0
2725 3405 24
3405 2725 0
2726 3405 24
3405 2726 0
2727 3405 24
3405 2727 0
2728 3405 24
3405 2728 0
2729 3405 24
3405 2729 0
2730 3405 24
3405 2730 0
2731 3405 24
3405 2731 0
2732 3405 24
3405 2732 0
2733 3405 24
3405 2733 0
2734 3405 24
3405 2734 0
2735 3405 24
3405 2735 0
2736 3405 24
3405 2736 0
2737 3405 24
3405 2737 0
2738 3405 24
3405 2738 0
2739 3405 24
3405 2739 0
2740 3405 24
3405 2740 0
2741 3405 24
3405 2741 0
2742 3405 24
3405 2742 0
2743 3405 24
3405 2743 0
2744 3405 24
3405 2744 0
2745 3405 24
3405 2745 0
2746 3405 24
3405 2746 0
2747 3405 24
3405 2747 0
2748 3405 24
3405 2748 0
2749 3405 24
3405 2749 0
2750 3405 24
3405 2750 0
2751 3405 24
3405 2751 0
2752 3405 24
3405 2752 0
2753 3405 24
3405 2753 0
2754 3405 24
3405 2754 0
2755 3405 24
3405 2755 0
2756 3405 24
3405 2756 0
2757 3405 24
3405 2757 0
2758 3405 24
3405 2758 0
2759 3405 24
3405 2759 0
2760 3405 24
3405 2760 0
2761 3405 24
3405 2761 0
2762 3405 24
3405 2762 0
2763 3405 24
3405 2763 0
2764 3405 24
3405 2764 0
2765 3405 24
3405 2765 0
2766 3405 24
3405 2766 0
2767 3405 24
3405 2767 0
2768 3405 24
3405 2768 0
2769 3405 24
3405 2769 0
2770 3405 24
3405 2770 0
2771 3405 24
3405 2771 0
2772 3405 24
3405 2772 0
2773 3405 24
3405 2773 0
2774 3405 24
3405 2774 0
2775 3405 24
3405 2775 0
2776 3405 24
3405 2776 0
2777 3405 24
3405 2777 0
2778 3405 24
3405 2778 0
2779 3405 24
3405 2779 0
2780 3405 24
3405 2780 0
2781 3405 24
3405 2781 0
2782 3405 24
3405 2782 0
2783 3405 24
3405 2783 0
2784 3405 24
3405 2784 0
2785 3405 24
3405 2785 0
2786 3405 24
3405 2786 0
2787 3405 24
3405 2787 0
2788 3405 24
3405 2788 0
2789 3405 24
3405 2789 0
2790 3405 24
3405 2790 0
2791 3405 24
3405 2791 0
2792 3405 24
3405 2792 0
2793 3405 24
3405 2793 0
2794 3405 24
3405 2794 0
2795 3405 24
3405 2795 0
2796 3405 24
3405 2796 0
2797 3405 24
3405 2797 0
2798 3405 24
3405 2798 0
2799 3405 24
3405 2799 0
2800 3405 24
3405 2800 0
2801 3405 24
3405 2801 0
2802 3405 24
3405 2802 0
2803 3405 24
3405 2803 0
2804 3405 24
3405 2804 0
2805 3405 24
3405 2805 0
2806 3405 24
3405 2806 0
2807 3405 24
3405 2807 0
2808 3405 24
3405 2808 0
2809 3405 24
3405 2809 0
2810 3405 24
3405 2810 0
2811 3405 24
3405 2811 0
2812 3405 24
3405 2812 0
2813 3405 24
3405 2813 0
2814 3405 24
3405 2814 0
2815 3405 24
3405 2815 0
2816 3405 24
3405 2816 0
2817 3405 24
3405 2817 0
2818 3405 24
3405 2818 0
2819 3405 24
3405 2819 0
2820 3405 24
3405 2820 0
2821 3405 24
3405 2821 0
2822 3405 24
3405 2822 0
2823 3405 24
3405 2823 0
2824 3405 24
3405 2824 0
2825 3405 24
3405 2825 0
2826 3405 24
3405 2826 0
2827 3405 24
3405 2827 0
2828 3405 24
3405 2828 0
2829 3405 24
3405 2829 0
2830 3405 24
3405 2830 0
2831 3405 24
3405 2831 0
2832 3405 24
3405 2832 0
2833 3405 24
3405 2833 0
2834 3405 24
3405 2834 0
2835 3405 24
3405 2835 0
2836 3405 24
3405 2836 0
2837 3405 24
3405 2837 0
2838 3405 24
3405 2838 0
2839 3405 24
3405 2839 0
2840 3405 24
3405 2840 0
2841 3405 24
3405 2841 0
2842 3405 24
3405 2842 0
2843 3405 24
3405 2843 0
2844 3405 24
3405 2844 0
2845 3405 24
3405 2845 0
2846 3405 24
3405 2846 0
2847 3405 24
3405 2847 0
2848 3405 24
3405 2848 0
2849 3405 24
3405 2849 0
2850 3405 24
3405 2850 0
2851 3405 24
3405 2851 0
2852 3405 24
3405 2852 0
2853 3405 24
3405 2853 0
2854 3405 24
3405 2854 0
2855 3405 24
3405 2855 0
2856 3405 24
3405 2856 0
2857 3405 24
3405 2857 0
2858 3405 24
3405 2858 0
2859 3405 24
3405 2859 0
2860 3405 24
3405 2860 0
2861 3405 24
3405 2861 0
2862 3405 24
3405 2862 0
2863 3405 24
3405 2863 0
2864 3405 24
3405 2864 0
2865 3405 24
3405 2865 0
2866 3405 24
3405 2866 0
2867 3405 24
3405 2867 0
2868 3405 24
3405 2868 0
2869 3405 24
3405 2869 0
2870 3405 24
3405 2870 0
2871 3405 24
3405 2871 0
2872 3405 24
3405 2872 0
2873 3405 24
3405 2873 0
2874 3405 24
3405 2874 0
2875 3405 24
3405 2875 0
2876 3405 24
3405 2876 0
2877 3405 24
3405 2877 0
2878 3405 24
3405 2878 0
2879 3405 24
3405 2879 0
2880 3405 24
3405 2880 0
2881 3405 24
3405 2881 0
2882 3405 24
3405 2882 0
2883 3405 24
3405 2883 0
2884 3405 24
3405 2884 0
2885 3405 24
3405 2885 0
2886 3405 24
3405 2886 0
2887 3405 24
3405 2887 0
2888 3405 24
3405 2888 0
2889 3405 24
3405 2889 0
2890 3405 24
3405 2890 0
2891 3405 24
3405 2891 0
2892 3405 24
3405 2892 0
2893 3405 24
3405 2893 0
2894 3405 24
3405 2894 0
2895 3405 24
3405 2895 0
2896 3405 24
3405 2896 0
2897 3405 24
3405 2897 0
2898 3405 24
3405 2898 0
2899 3405 24
3405 2899 0
2900 3405 24
3405 2900 0
2901 3405 24
3405 2901 0
2902 3405 24
3405 2902 0
2903 3405 24
3405 2903 0
2904 3405 24
3405 2904 0
2905 3405 24
3405 2905 0
2906 3405 24
3405 2906 0
2907 3405 24
3405 2907 0
2908 3405 24
3405 2908 0
2909 3405 24
3405 2909 0
2910 3405 24
3405 2910 0
2911 3405 24
3405 2911 0
2912 3405 24
3405 2912 0
2913 3405 24
3405 2913 0
2914 3405 24
3405 2914 0
2915 3405 24
3405 2915 0
2916 3405 24
3405 2916 0
2917 3405 24
3405 2917 0
2918 3405 24
3405 2918 0
2919 3405 24
3405 2919 0
2920 3405 24
3405 2920 0
2921 3405 24
3405 2921 0
2922 3405 24
3405 2922 0
2923 3405 24
3405 2923 0
2924 3405 24
3405 2924 0
2925 3405 24
3405 2925 0
2926 3405 24
3405 2926 0
2927 3405 24
3405 2927 0
2928 3405 24
3405 2928 0
2929 3405 24
3405 2929 0
2930 3405 24
3405 2930 0
2931 3405 24
3405 2931 0
2932 3405 24
3405 2932 0
2933 3405 24
3405 2933 0
2934 3405 24
3405 2934 0
2935 3405 24
3405 2935 0
2936 3405 24
3405 2936 0
2937 3405 24
3405 2937 0
2938 3405 24
3405 2938 0
2939 3405 24
3405 2939 0
2940 3405 24
3405 2940 0
2941 3405 24
3405 2941 0
2942 3405 24
3405 2942 0
2943 3405 24
3405 2943 0
2944 3405 24
3405 2944 0
2945 3405 24
3405 2945 0
2946 3405 24
3405 2946 0
2947 3405 24
3405 2947 0
2948 3405 24
3405 2948 0
2949 3405 24
3405 2949 0
2950 3405 24
3405 2950 0
2951 3405 24
3405 2951 0
2952 3405 24
3405 2952 0
2953 3405 24
3405 2953 0
2954 3405 24
3405 2954 0
2955 3405 24
3405 2955 0
2956 3405 24
3405 2956 0
2957 3405 24
3405 2957 0
2958 3405 24
3405 2958 0
2959 3405 24
3405 2959 0
2960 3405 24
3405 2960 0
2961 3405 24
3405 2961 0
2962 3405 24
3405 2962 0
2963 3405 24
3405 2963 0
2964 3405 24
3405 2964 0
2965 3405 24
3405 2965 0
2966 3405 24
3405 2966 0
2967 3405 24
3405 2967 0
2968 3405 24
3405 2968 0
2969 3405 24
3405 2969 0
2970 3405 24
3405 2970 0
2971 3405 24
3405 2971 0
2972 3405 24
3405 2972 0
2973 3405 24
3405 2973 0
2974 3405 24
3405 2974 0
2975 3405 24
3405 2975 0
2976 3405 24
3405 2976 0
2977 3405 24
3405 2977 0
2978 3405 24
3405 2978 0
2979 3405 24
3405 2979 0
2980 3405 24
3405 2980 0
2981 3405 24
3405 2981 0
2982 3405 24
3405 2982 0
2983 3405 24
3405 2983 0
2984 3405 24
3405 2984 0
2985 3405 24
3405 2985 0
2986 3405 24
3405 2986 0
2987 3405 24
3405 2987 0
2988 3405 24
3405 2988 0
2989 3405 24
3405 2989 0
2990 3405 24
3405 2990 0
2991 3405 24
3405 2991 0
2992 3405 24
3405 2992 0
2993 3405 24
3405 2993 0
2994 3405 24
3405 2994 0
2995 3405 24
3405 2995 0
2996 3405 24
3405 2996 0
2997 3405 24
3405 2997 0
2998 3405 24
3405 2998 0
2999 3405 24
3405 2999 0
3000 3405 24
3405 3000 0
3001 3405 24
3405 3001 0
3002 3405 24
3405 3002 0
3003 3405 24
3405 3003 0
3004 3405 24
3405 3004 0
3005 3405 24
3405 3005 0
3006 3405 24
3405 3006 0
3007 3405 24
3405 3007 0
3008 3405 24
3405 3008 0
3009 3405 24
3405 3009 0
3010 3405 24
3405 3010 0
3011 3405 24
3405 3011 0
3012 3405 24
3405 3012 0
3013 3405 24
3405 3013 0
3014 3405 24
3405 3014 0
3015 3405 24
3405 3015 0
3016 3405 24
3405 3016 0
3017 3405 24
3405 3017 0
3018 3405 24
3405 3018 0
3019 3405 24
3405 3019 0
3020 3405 24
3405 3020 0
3021 3405 24
3405 3021 0
3022 3405 24
3405 3022 0
3023 3405 24
3405 3023 0
3024 3405 24
3405 3024 0
3025 3405 24
3405 3025 0
3026 3405 24
3405 3026 0
3027 3405 24
3405 3027 0
3028 3405 24
3405 3028 0
3029 3405 24
3405 3029 0
3030 3405 24
3405 3030 0
3031 3405 24
3405 3031 0
3032 3405 24
3405 3032 0
3033 3405 24
3405 3033 0
3034 3405 24
3405 3034 0
3035 3405 24
3405 3035 0
3036 3405 24
3405 3036 0
3037 3405 24
3405 3037 0
3038 3405 24
3405 3038 0
3039 3405 24
3405 3039 0
3040 3405 24
3405 3040 0
3041 3405 24
3405 3041 0
3042 3405 24
3405 3042 0
3043 3405 24
3405 3043 0
3044 3405 24
3405 3044 0
3045 3405 24
3405 3045 0
3046 3405 24
3405 3046 0
3047 3405 24
3405 3047 0
3048 3405 24
3405 3048 0
3049 3405 24
3405 3049 0
3050 3405 24
3405 3050 0
3051 3405 24
3405 3051 0
3052 3405 24
3405 3052 0
3053 3405 24
3405 3053 0
3054 3405 24
3405 3054 0
3055 3405 24
3405 3055 0
3056 3405 24
3405 3056 0
3057 3405 24
3405 3057 0
3058 3405 24
3405 3058 0
3059 3405 24
3405 3059 0
3060 3405 24
3405 3060 0
3061 3405 24
3405 3061 0
3062 3405 24
3405 3062 0
3063 3405 24
3405 3063 0
3064 3405 24
3405 3064 0
3065 3405 24
3405 3065 0
3066 3405 24
3405 3066 0
3067 3405 24
3405 3067 0
3068 3405 24
3405 3068 0
3069 3405 24
3405 3069 0
3070 3405 24
3405 3070 0
3071 3405 24
3405 3071 0
3072 3405 24
3405 3072 0
3073 3405 24
3405 3073 0
3074 3405 24
3405 3074 0
3075 3405 24
3405 3075 0
3076 3405 24
3405 3076 0
3077 3405 24
3405 3077 0
3078 3405 24
3405 3078 0
3079 3405 24
3405 3079 0
3080 3405 24
3405 3080 0
3081 3405 24
3405 3081 0
3082 3405 24
3405 3082 0
3083 3405 24
3405 3083 0
3084 3405 24
3405 3084 0
3085 3405 24
3405 3085 0
3086 3405 24
3405 3086 0
3087 3405 24
3405 3087 0
3088 3405 24
3405 3088 0
3089 3405 24
3405 3089 0
3090 3405 24
3405 3090 0
3091 3405 24
3405 3091 0
3092 3405 24
3405 3092 0
3093 3405 24
3405 3093 0
3094 3405 24
3405 3094 0
3095 3405 24
3405 3095 0
3096 3405 24
3405 3096 0
3097 3405 24
3405 3097 0
3098 3405 24
3405 3098 0
3099 3405 24
3405 3099 0
3100 3405 24
3405 3100 0
3101 3405 24
3405 3101 0
3102 3405 24
3405 3102 0
3103 3405 24
3405 3103 0
3104 3405 24
3405 3104 0
3105 3405 24
3405 3105 0
3106 3405 24
3405 3106 0
3107 3405 24
3405 3107 0
3108 3405 24
3405 3108 0
3109 3405 24
3405 3109 0
3110 3405 24
3405 3110 0
3111 3405 24
3405 3111 0
3112 3405 24
3405 3112 0
3113 3405 24
3405 3113 0
3114 3405 24
3405 3114 0
3115 3405 24
3405 3115 0
3116 3405 24
3405 3116 0
3117 3405 24
3405 3117 0
3118 3405 24
3405 3118 0
3119 3405 24
3405 3119 0
3120 3405 24
3405 3120 0
3121 3405 24
3405 3121 0
3122 3405 24
3405 3122 0
3123 3405 24
3405 3123 0
3124 3405 24
3405 3124 0
3125 3405 24
3405 3125 0
3126 3405 24
3405 3126 0
3127 3405 24
3405 3127 0
3128 3405 24
3405 3128 0
3129 3405 24
3405 3129 0
3130 3405 24
3405 3130 0
3131 3405 24
3405 3131 0
3132 3405 24
3405 3132 0
3133 3405 24
3405 3133 0
3134 3405 24
3405 3134 0
3135 3405 24
3405 3135 0
3136 3405 24
3405 3136 0
3137 3405 24
3405 3137 0
3138 3405 24
3405 3138 0
3139 3405 24
3405 3139 0
3140 3405 24
3405 3140 0
3141 3405 24
3405 3141 0
3142 3405 24
3405 3142 0
3143 3405 24
3405 3143 0
3144 3405 24
3405 3144 0
3145 3405 24
3405 3145 0
3146 3405 24
3405 3146 0
3147 3405 24
3405 3147 0
3148 3405 24
3405 3148 0
3149 3405 24
3405 3149 0
3150 3405 24
3405 3150 0
3151 3405 24
3405 3151 0
3152 3405 24
3405 3152 0
3153 3405 24
3405 3153 0
3154 3405 24
3405 3154 0
3155 3405 24
3405 3155 0
3156 3405 24
3405 3156 0
3157 3405 24
3405 3157 0
3158 3405 24
3405 3158 0
3159 3405 24
3405 3159 0
3160 3405 24
3405 3160 0
3161 3405 24
3405 3161 0
3162 3405 24
3405 3162 0
3163 3405 24
3405 3163 0
3164 3405 24
3405 3164 0
3165 3405 24
3405 3165 0
3166 3405 24
3405 3166 0
3167 3405 24
3405 3167 0
3168 3405 24
3405 3168 0
3169 3405 24
3405 3169 0
3170 3405 24
3405 3170 0
3171 3405 24
3405 3171 0
3172 3405 24
3405 3172 0
3173 3405 24
3405 3173 0
3174 3405 24
3405 3174 0
3175 3405 24
3405 3175 0
3176 3405 24
3405 3176 0
3177 3405 24
3405 3177 0
3178 3405 24
3405 3178 0
3179 3405 24
3405 3179 0
3180 3405 24
3405 3180 0
3181 3405 24
3405 3181 0
3182 3405 24
3405 3182 0
3183 3405 24
3405 3183 0
3184 3405 24
3405 3184 0
3185 3405 24
3405 3185 0
3186 3405 24
3405 3186 0
3187 3405 24
3405 3187 0
3188 3405 24
3405 3188 0
3189 3405 24
3405 3189 0
3190 3405 24
3405 3190 0
3191 3405 24
3405 3191 0
3192 3405 24
3405 3192 0
3193 3405 24
3405 3193 0
3194 3405 24
3405 3194 0
3195 3405 24
3405 3195 0
3196 3405 24
3405 3196 0
3197 3405 24
3405 3197 0
3198 3405 24
3405 3198 0
3199 3405 24
3405 3199 0
3200 3405 24
3405 3200 0
3201 3405 24
3405 3201 0
3202 3405 24
3405 3202 0
3203 3405 24
3405 3203 0
3204 3405 24
3405 3204 0
3205 3405 24
3405 3205 0
3206 3405 24
3405 3206 0
3207 3405 24
3405 3207 0
3208 3405 24
3405 3208 0
3209 3405 24
3405 3209 0
3210 3405 24
3405 3210 0
3211 3405 24
3405 3211 0
3212 3405 24
3405 3212 0
3213 3405 24
3405 3213 0
3214 3405 24
3405 3214 0
3215 3405 24
3405 3215 0
3216 3405 24
3405 3216 0
3217 3405 24
3405 3217 0
3218 3405 24
3405 3218 0
3219 3405 24
3405 3219 0
3220 3405 24
3405 3220 0
3221 3405 24
3405 3221 0
3222 3405 24
3405 3222 0
3223 3405 24
3405 3223 0
3224 3405 24
3405 3224 0
3225 3405 24
3405 3225 0
3226 3405 24
3405 3226 0
3227 3405 24
3405 3227 0
3228 3405 24
3405 3228 0
3229 3405 24
3405 3229 0
3230 3405 24
3405 3230 0
3231 3405 24
3405 3231 0
3232 3405 24
3405 3232 0
3233 3405 24
3405 3233 0
3234 3405 24
3405 3234 0
3235 3405 24
3405 3235 0
3236 3405 24
3405 3236 0
3237 3405 24
3405 3237 0
3238 3405 24
3405 3238 0
3239 3405 24
3405 3239 0
3240 3405 24
3405 3240 0
3241 3405 24
3405 3241 0
3242 3405 24
3405 3242 0
3243 3405 24
3405 3243 0
3244 3405 24
3405 3244 0
3245 3405 24
3405 3245 0
3246 3405 24
3405 3246 0
3247 3405 24
3405 3247 0
3248 3405 24
3405 3248 0
3249 3405 24
3405 3249 0
3250 3405 24
3405 3250 0
3251 3405 24
3405 3251 0
3252 3405 24
3405 3252 0
3253 3405 24
3405 3253 0
3254 3405 24
3405 3254 0
3255 3405 24
3405 3255 0
3256 3405 24
3405 3256 0
3257 3405 24
3405 3257 0
3258 3405 24
3405 3258 0
3259 3405 24
3405 3259 0
3260 3405 24
3405 3260 0
3261 3405 24
3405 3261 0
3262 3405 24
3405 3262 0
3263 3405 24
3405 3263 0
3264 3405 24
3405 3264 0
3265 3405 24
3405 3265 0
3266 3405 24
3405 3266 0
3267 3405 24
3405 3267 0
3268 3405 24
3405 3268 0
3269 3405 24
3405 3269 0
3270 3405 24
3405 3270 0
3271 3405 24
3405 3271 0
3272 3405 24
3405 3272 0
3273 3405 24
3405 3273 0
3274 3405 24
3405 3274 0
3275 3405 24
3405 3275 0
3276 3405 24
3405 3276 0
3277 3405 24
3405 3277 0
3278 3405 24
3405 3278 0
3279 3405 24
3405 3279 0
3280 3405 24
3405 3280 0
3281 3405 24
3405 3281 0
3282 3405 24
3405 3282 0
3283 3405 24
3405 3283 0
3284 3405 24
3405 3284 0
3285 3405 24
3405 3285 0
3286 3405 24
3405 3286 0
3287 3405 24
3405 3287 0
3288 3405 24
3405 3288 0
3289 3405 24
3405 3289 0
3290 3405 24
3405 3290 0
3291 3405 24
3405 3291 0
3292 3405 24
3405 3292 0
3293 3405 24
3405 3293 0
3294 3405 24
3405 3294 0
3295 3405 24
3405 3295 0
3296 3405 24
3405 3296 0
3297 3405 24
3405 3297 0
3298 3405 24
3405 3298 0
3299 3405 24
3405 3299 0
3300 3405 24
3405 3300 0
3301 3405 24
3405 3301 0
3302 3405 24
3405 3302 0
3303 3405 24
3405 3303 0
3304 3405 24
3405 3304 0
3305 3405 24
3405 3305 0
3306 3405 24
3405 3306 0
3307 3405 24
3405 3307 0
3308 3405 24
3405 3308 0
3309 3405 24
3405 3309 0
3310 3405 24
3405 3310 0
3311 3405 24
3405 3311 0
3312 3405 24
3405 3312 0
3313 3405 24
3405 3313 0
3314 3405 24
3405 3314 0
3315 3405 24
3405 3315 0
3316 3405 24
3405 3316 0
3317 3405 24
3405 3317 0
3318 3405 24
3405 3318 0
3319 3405 24
3405 3319 0
3320 3405 24
3405 3320 0
3321 3405 24
3405 3321 0
3322 3405 24
3405 3322 0
3323 3405 24
3405 3323 0
3324 3405 24
3405 3324 0
3325 3405 24
3405 3325 0
3326 3405 24
3405 3326 0
3327 3405 24
3405 3327 0
3328 3405 24
3405 3328 0
3329 3405 24
3405 3329 0
3330 3405 24
3405 3330 0
3331 3405 24
3405 3331 0
3332 3405 24
3405 3332 0
3333 3405 24
3405 3333 0
3334 3405 24
3405 3334 0
3335 3405 24
3405 3335 0
3336 3405 24
3405 3336 0
3337 3405 24
3405 3337 0
3338 3405 24
3405 3338 0
3339 3405 24
3405 3339 0
3340 3405 24
3405 3340 0
3341 3405 24
3405 3341 0
3342 3405 24
3405 3342 0
3343 3405 24
3405 3343 0
3344 3405 24
3405 3344 0
3345 3405 24
3405 3345 0
3346 3405 24
3405 3346 0
3347 3405 24
3405 3347 0
3348 3405 24
3405 3348 0
3349 3405 24
3405 3349 0
3350 3405 24
3405 3350 0
3351 3405 24
3405 3351 0
3352 3405 24
3405 3352 0
3353 3405 24
3405 3353 0
3354 3405 24
3405 3354 0
3355 3405 24
3405 3355 0
3356 3405 24
3405 3356 0
3357 3405 24
3405 3357 0
3358 3405 24
3405 3358 0
3359 3405 24
3405 3359 0
3360 3405 24
3405 3360 0
3361 3405 24
3405 3361 0
3362 3405 24
3405 3362 0
3363 3405 24
3405 3363 0
3364 3405 24
3405 3364 0
3365 3405 24
3405 3365 0
3366 3405 24
3405 3366 0
3367 3405 24
3405 3367 0
3368 3405 24
3405 3368 0
3369 3405 24
3405 3369 0
3370 3405 24
3405 3370 0
3371 3405 24
3405 3371 0
3372 3405 24
3405 3372 0
3373 3405 24
3405 3373 0
3374 3405 24
3405 3374 0
3375 3405 24
3405 3375 0
3376 3405 24
3405 3376 0
3377 3405 24
3405 3377 0
3378 3405 24
3405 3378 0
3379 3405 24
3405 3379 0
3380 3405 24
3405 3380 0
3381 3405 24
3405 3381 0
3382 3405 24
3405 3382 0
3383 3405 24
3405 3383 0
3384 3405 24
3405 3384 0
3385 3405 24
3405 3385 0
3386 3405 24
3405 3386 0
3387 3405 24
3405 3387 0
3388 3405 24
3405 3388 0
3389 3405 24
3405 3389 0
3390 3405 24
3405 3390 0
3391 3405 24
3405 3391 0
3392 3405 24
3405 3392 0
3393 3405 24
3405 3393 0
3394 3405 24
3405 3394 0
3395 3405 24
3405 3395 0
3396 3405 24
3405 3396 0
3397 3405 24
3405 3397 0
3398 3405 24
3405 3398 0
3399 3405 24
3405 3399 0
3400 3405 24
3405 3400 0
3401 3405 24
3405 3401 0
3402 3405 24
3405 3402 0
3403 3405 24
3405 3403 0
3404 3405 24
3405 3404 0
