1445 1444 114 2888
1 1445 1
1445 1 0
2 1445 1
1445 2 0
3 1445 1
1445 3 0
4 1445 1
1445 4 0
5 1445 1
1445 5 0
6 1445 1
1445 6 0
7 1445 1
1445 7 0
8 1445 1
1445 8 0
9 1445 1
1445 9 0
10 1445 1
1445 10 0
11 1445 1
1445 11 0
12 1445 1
1445 12 0
13 1445 1
1445 13 0
14 1445 1
1445 14 0
15 1445 1
1445 15 0
16 1445 1
1445 16 0
17 1445 1
1445 17 0
18 1445 1
1445 18 0
19 1445 1
1445 19 0
20 1445 1
1445 20 0
21 1445 1
1445 21 0
22 1445 1
1445 22 0
23 1445 1
1445 23 0
24 1445 1
1445 24 0
25 1445 1
1445 25 0
26 1445 1
1445 26 0
27 1445 1
1445 27 0
28 1445 1
1445 28 0
29 1445 1
1445 29 0
30 1445 1
1445 30 0
31 1445 1
1445 31 0
32 1445 1
1445 32 0
33 1445 1
1445 33 0
34 1445 1
1445 34 0
35 1445 1
1445 35 0
36 1445 1
1445 36 0
37 1445 1
1445 37 0
38 1445 1
1445 38 0
39 1445 1
1445 39 0
40 1445 1
1445 40 0
41 1445 1
1445 41 0
42 1445 1
1445 42 0
43 1445 1
1445 43 0
44 1445 1
1445 44 0
45 1445 1
1445 45 0
46 1445 1
1445 46 0
47 1445 1
1445 47 0
48 1445 1
1445 48 0
49 1445 1
1445 49 0
50 1445 1
1445 50 0
51 1445 1
1445 51 0
52 1445 1
1445 52 0
53 1445 1
1445 53 0
54 1445 1
1445 54 0
55 1445 1
1445 55 0
56 1445 1
1445 56 0
57 1445 1
1445 57 0
58 1445 1
1445 58 0
59 1445 1
1445 59 0
60 1445 1
1445 60 0
61 1445 1
1445 61 0
62 1445 1
1445 62 0
63 1445 1
1445 63 0
64 1445 1
1445 64 0
65 1445 1
1445 65 0
66 1445 1
1445 66 0
67 1445 1
1445 67 0
68 1445 1
1445 68 0
69 1445 1
1445 69 0
70 1445 1
1445 70 0
71 1445 1
1445 71 0
72 1445 1
1445 72 0
73 1445 1
1445 73 0
74 1445 1
1445 74 0
75 1445 1
1445 75 0
76 1445 1
1445 76 0
77 1445 1
1445 77 0
78 1445 1
1445 78 0
79 1445 1
1445 79 0
80 1445 1
1445 80 0
81 1445 1
1445 81 0
82 1445 1
1445 82 0
83 1445 1
1445 83 0
84 1445 1
1445 84 0
85 1445 1
1445 85 0
86 1445 1
1445 86 0
87 1445 1
1445 87 0
88 1445 1
1445 88 0
89 1445 1
1445 89 0
90 1445 1
1445 90 0
91 1445 1
1445 91 0
92 1445 1
1445 92 0
93 1445 1
1445 93 0
94 1445 1
1445 94 0
95 1445 1
1445 95 0
96 1445 1
1445 96 0
97 1445 1
1445 97 0
98 1445 1
1445 98 0
99 1445 1
1445 99 0
100 1445 1
1445 100 0
101 1445 1
1445 101 0
102 1445 1
1445 102 0
103 1445 1
1445 103 0
104 1445 1
1445 104 0
105 1445 1
1445 105 0
106 1445 1
1445 106 0
107 1445 1
1445 107 0
108 1445 1
1445 108 0
109 1445 1
1445 109 0
110 1445 1
1445 110 0
111 1445 1
1445 111 0
112 1445 1
1445 112 0
113 1445 1
1445 113 0
114 1445 1
1445 114 0
115 1445 1
1445 115 0
116 1445 1
1445 116 0
117 1445 1
1445 117 0
118 1445 1
1445 118 0
119 1445 1
1445 119 0
120 1445 1
1445 120 0
121 1445 1
1445 121 0
122 1445 1
1445 122 0
123 1445 1
1445 123 0
124 1445 1
1445 124 0
125 1445 1
1445 125 0
126 1445 1
1445 126 0
127 1445 1
1445 127 0
128 1445 1
1445 128 0
129 1445 1
1445 129 0
130 1445 1
1445 130 0
131 1445 1
1445 131 0
132 1445 1
1445 132 0
133 1445 1
1445 133 0
134 1445 1
1445 134 0
135 1445 1
1445 135 0
136 1445 1
1445 136 0
137 1445 1
1445 137 0
138 1445 1
1445 138 0
139 1445 1
1445 139 0
140 1445 1
1445 140 0
141 1445 1
1445 141 0
142 1445 1
1445 142 0
143 1445 1
1445 143 0
144 1445 1
1445 144 0
145 1445 1
1445 145 0
146 1445 1
1445 146 0
147 1445 1
1445 147 0
148 1445 1
1445 148 0
149 1445 1
1445 149 0
150 1445 1
1445 150 0
151 1445 1
1445 151 0
152 1445 1
1445 152 0
153 1445 1
1445 153 0
154 1445 1
1445 154 0
155 1445 1
1445 155 0
156 1445 1
1445 156 0
157 1445 1
1445 157 0
158 1445 1
1445 158 0
159 1445 1
1445 159 0
160 1445 1
1445 160 0
161 1445 1
1445 161 0
162 1445 1
1445 162 0
163 1445 1
1445 163 0
164 1445 1
1445 164 0
165 1445 1
1445 165 0
166 1445 1
1445 166 0
167 1445 1
1445 167 0
168 1445 1
1445 168 0
169 1445 1
1445 169 0
170 1445 1
1445 170 0
171 1445 1
1445 171 0
172 1445 1
1445 172 0
173 1445 1
1445 173 0
174 1445 1
1445 174 0
175 1445 1
1445 175 0
176 1445 1
1445 176 0
177 1445 1
1445 177 0
178 1445 1
1445 178 0
179 1445 1
1445 179 0
180 1445 1
1445 180 0
181 1445 1
1445 181 0
182 1445 1
1445 182 0
183 1445 1
1445 183 0
184 1445 1
1445 184 0
185 1445 1
1445 185 0
186 1445 1
1445 186 0
187 1445 1
1445 187 0
188 1445 1
1445 188 0
189 1445 1
1445 189 0
190 1445 1
1445 190 0
191 1445 1
1445 191 0
192 1445 1
1445 192 0
193 1445 1
1445 193 0
194 1445 1
1445 194 0
195 1445 1
1445 195 0
196 1445 1
1445 196 0
197 1445 1
1445 197 0
198 1445 1
1445 198 0
199 1445 1
1445 199 0
200 1445 1
1445 200 0
201 1445 1
1445 201 0
202 1445 1
1445 202 0
203 1445 1
1445 203 0
204 1445 1
1445 204 0
205 1445 1
1445 205 0
206 1445 1
1445 206 0
207 1445 1
1445 207 0
208 1445 1
1445 208 0
209 1445 1
1445 209 0
210 1445 1
1445 210 0
211 1445 1
1445 211 0
212 1445 1
1445 212 0
213 1445 1
1445 213 0
214 1445 1
1445 214 0
215 1445 1
1445 215 0
216 1445 1
1445 216 0
217 1445 1
1445 217 0
218 1445 1
1445 218 0
219 1445 1
1445 219 0
220 1445 1
1445 220 0
221 1445 1
1445 221 0
222 1445 1
1445 222 0
223 1445 1
1445 223 0
224 1445 1
1445 224 0
225 1445 1
1445 225 0
226 1445 1
1445 226 0
227 1445 1
1445 227 0
228 1445 1
1445 228 0
229 1445 1
1445 229 0
230 1445 1
1445 230 0
231 1445 1
1445 231 0
232 1445 1
1445 232 0
233 1445 1
1445 233 0
234 1445 1
1445 234 0
235 1445 1
1445 235 0
236 1445 1
1445 236 0
237 1445 1
1445 237 0
238 1445 1
1445 238 0
239 1445 1
1445 239 0
240 1445 1
1445 240 0
241 1445 1
1445 241 0
242 1445 1
1445 242 0
243 1445 1
1445 243 0
244 1445 1
1445 244 0
245 1445 1
1445 245 0
246 1445 1
1445 246 0
247 1445 1
1445 247 0
248 1445 1
1445 248 0
249 1445 1
1445 249 0
250 1445 1
1445 250 0
251 1445 1
1445 251 0
252 1445 1
1445 252 0
253 1445 1
1445 253 0
254 1445 1
1445 254 0
255 1445 1
1445 255 0
256 1445 1
1445 256 0
257 1445 1
1445 257 0
258 1445 1
1445 258 0
259 1445 1
1445 259 0
260 1445 1
1445 260 0
261 1445 1
1445 261 0
262 1445 1
1445 262 0
263 1445 1
1445 263 0
264 1445 1
1445 264 0
265 1445 1
1445 265 0
266 1445 1
1445 266 0
267 1445 1
1445 267 0
268 1445 1
1445 268 0
269 1445 1
1445 269 0
270 1445 1
1445 270 0
271 1445 1
1445 271 0
272 1445 1
1445 272 0
273 1445 1
1445 273 0
274 1445 1
1445 274 0
275 1445 1
1445 275 0
276 1445 1
1445 276 0
277 1445 1
1445 277 0
278 1445 1
1445 278 0
279 1445 1
1445 279 0
280 1445 1
1445 280 0
281 1445 1
1445 281 0
282 1445 1
1445 282 0
283 1445 1
1445 283 0
284 1445 1
1445 284 0
285 1445 1
1445 285 0
286 1445 1
1445 286 0
287 1445 1
1445 287 0
288 1445 1
1445 288 0
289 1445 1
1445 289 0
290 1445 1
1445 290 0
291 1445 1
1445 291 0
292 1445 1
1445 292 0
293 1445 1
1445 293 0
294 1445 1
1445 294 0
295 1445 1
1445 295 0
296 1445 1
1445 296 0
297 1445 1
1445 297 0
298 1445 1
1445 298 0
299 1445 1
1445 299 0
300 1445 1
1445 300 0
301 1445 1
1445 301 0
302 1445 1
1445 302 0
303 1445 1
1445 303 0
304 1445 1
1445 304 0
305 1445 1
1445 305 0
306 1445 1
1445 306 0
307 1445 1
1445 307 0
308 1445 1
1445 308 0
309 1445 1
1445 309 0
310 1445 1
1445 310 0
311 1445 1
1445 311 0
312 1445 1
1445 312 0
313 1445 1
1445 313 0
314 1445 1
1445 314 0
315 1445 1
1445 315 0
316 1445 1
1445 316 0
317 1445 1
1445 317 0
318 1445 1
1445 318 0
319 1445 1
1445 319 0
320 1445 1
1445 320 0
321 1445 1
1445 321 0
322 1445 1
1445 322 0
323 1445 1
1445 323 0
324 1445 1
1445 324 0
325 1445 1
1445 325 0
326 1445 1
1445 326 0
327 1445 1
1445 327 0
328 1445 1
1445 328 0
329 1445 1
1445 329 0
330 1445 1
1445 330 0
331 1445 1
1445 331 0
332 1445 1
1445 332 0
333 1445 1
1445 333 0
334 1445 1
1445 334 0
335 1445 1
1445 335 0
336 1445 1
1445 336 0
337 1445 1
1445 337 0
338 1445 1
1445 338 0
339 1445 1
1445 339 0
340 1445 1
1445 340 0
341 1445 1
1445 341 0
342 1445 1
1445 342 0
343 1445 1
1445 343 0
344 1445 1
1445 344 0
345 1445 1
1445 345 0
346 1445 1
1445 346 0
347 1445 1
1445 347 0
348 1445 1
1445 348 0
349 1445 1
1445 349 0
350 1445 1
1445 350 0
351 1445 1
1445 351 0
352 1445 1
1445 352 0
353 1445 1
1445 353 0
354 1445 1
1445 354 0
355 1445 1
1445 355 0
356 1445 1
1445 356 0
357 1445 1
1445 357 0
358 1445 1
1445 358 0
359 1445 1
1445 359 0
360 1445 1
1445 360 0
361 1445 1
1445 361 0
362 1445 1
1445 362 0
363 1445 1
1445 363 0
364 1445 1
1445 364 0
365 1445 1
1445 365 0
366 1445 1
1445 366 0
367 1445 1
1445 367 0
368 1445 1
1445 368 0
369 1445 1
1445 369 0
370 1445 1
1445 370 0
371 1445 1
1445 371 0
372 1445 1
1445 372 0
373 1445 1
1445 373 0
374 1445 1
1445 374 0
375 1445 1
1445 375 0
376 1445 1
1445 376 0
377 1445 1
1445 377 0
378 1445 1
1445 378 0
379 1445 1
1445 379 0
380 1445 1
1445 380 0
381 1445 1
1445 381 0
382 1445 1
1445 382 0
383 1445 1
1445 383 0
384 1445 1
1445 384 0
385 1445 1
1445 385 0
386 1445 1
1445 386 0
387 1445 1
1445 387 0
388 1445 1
1445 388 0
389 1445 1
1445 389 0
390 1445 1
1445 390 0
391 1445 1
1445 391 0
392 1445 1
1445 392 0
393 1445 1
1445 393 0
394 1445 1
1445 394 0
395 1445 1
1445 395 0
396 1445 1
1445 396 0
397 1445 1
1445 397 0
398 1445 1
1445 398 0
399 1445 1
1445 399 0
400 1445 1
1445 400 0
401 1445 1
1445 401 0
402 1445 1
1445 402 0
403 1445 1
1445 403 0
404 1445 1
1445 404 0
405 1445 1
1445 405 0
406 1445 1
1445 406 0
407 1445 1
1445 407 0
408 1445 1
1445 408 0
409 1445 1
1445 409 0
410 1445 1
1445 410 0
411 1445 1
1445 411 0
412 1445 1
1445 412 0
413 1445 1
1445 413 0
414 1445 1
1445 414 0
415 1445 1
1445 415 0
416 1445 1
1445 416 0
417 1445 1
1445 417 0
418 1445 1
1445 418 0
419 1445 1
1445 419 0
420 1445 1
1445 420 0
421 1445 1
1445 421 0
422 1445 1
1445 422 0
423 1445 1
1445 423 0
424 1445 1
1445 424 0
425 1445 1
1445 425 0
426 1445 1
1445 426 0
427 1445 1
1445 427 0
428 1445 1
1445 428 0
429 1445 1
1445 429 0
430 1445 1
1445 430 0
431 1445 1
1445 431 0
432 1445 1
1445 432 0
433 1445 1
1445 433 0
434 1445 1
1445 434 0
435 1445 1
1445 435 0
436 1445 1
1445 436 0
437 1445 1
1445 437 0
438 1445 1
1445 438 0
439 1445 1
1445 439 0
440 1445 1
1445 440 0
441 1445 1
1445 441 0
442 1445 1
1445 442 0
443 1445 1
1445 443 0
444 1445 1
1445 444 0
445 1445 1
1445 445 0
446 1445 1
1445 446 0
447 1445 1
1445 447 0
448 1445 1
1445 448 0
449 1445 1
1445 449 0
450 1445 1
1445 450 0
451 1445 1
1445 451 0
452 1445 1
1445 452 0
453 1445 1
1445 453 0
454 1445 1
1445 454 0
455 1445 1
1445 455 0
456 1445 1
1445 456 0
457 1445 1
1445 457 0
458 1445 1
1445 458 0
459 1445 1
1445 459 0
460 1445 1
1445 460 0
461 1445 1
1445 461 0
462 1445 1
1445 462 0
463 1445 1
1445 463 0
464 1445 1
1445 464 0
465 1445 1
1445 465 0
466 1445 1
1445 466 0
467 1445 1
1445 467 0
468 1445 1
1445 468 0
469 1445 1
1445 469 0
470 1445 1
1445 470 0
471 1445 1
1445 471 0
472 1445 1
1445 472 0
473 1445 1
1445 473 0
474 1445 1
1445 474 0
475 1445 1
1445 475 0
476 1445 1
1445 476 0
477 1445 1
1445 477 0
478 1445 1
1445 478 0
479 1445 1
1445 479 0
480 1445 1
1445 480 0
481 1445 1
1445 481 0
482 1445 1
1445 482 0
483 1445 1
1445 483 0
484 1445 1
1445 484 0
485 1445 1
1445 485 0
486 1445 1
1445 486 0
487 1445 1
1445 487 0
488 1445 1
1445 488 0
489 1445 1
1445 489 0
490 1445 1
1445 490 0
491 1445 1
1445 491 0
492 1445 1
1445 492 0
493 1445 1
1445 493 0
494 1445 1
1445 494 0
495 1445 1
1445 495 0
496 1445 1
1445 496 0
497 1445 1
1445 497 0
498 1445 1
1445 498 0
499 1445 1
1445 499 0
500 1445 1
1445 500 0
501 1445 1
1445 501 0
502 1445 1
1445 502 0
503 1445 1
1445 503 0
504 1445 1
1445 504 0
505 1445 1
1445 505 0
506 1445 1
1445 506 0
507 1445 1
1445 507 0
508 1445 1
1445 508 0
509 1445 1
1445 509 0
510 1445 1
1445 510 0
511 1445 1
1445 511 0
512 1445 1
1445 512 0
513 1445 1
1445 513 0
514 1445 1
1445 514 0
515 1445 1
1445 515 0
516 1445 1
1445 516 0
517 1445 1
1445 517 0
518 1445 1
1445 518 0
519 1445 1
1445 519 0
520 1445 1
1445 520 0
521 1445 1
1445 521 0
522 1445 1
1445 522 0
523 1445 1
1445 523 0
524 1445 1
1445 524 0
525 1445 1
1445 525 0
526 1445 1
1445 526 0
527 1445 1
1445 527 0
528 1445 1
1445 528 0
529 1445 1
1445 529 0
530 1445 1
1445 530 0
531 1445 1
1445 531 0
532 1445 1
1445 532 0
533 1445 1
1445 533 0
534 1445 1
1445 534 0
535 1445 1
1445 535 0
536 1445 1
1445 536 0
537 1445 1
1445 537 0
538 1445 1
1445 538 0
539 1445 1
1445 539 0
540 1445 1
1445 540 0
541 1445 1
1445 541 0
542 1445 1
1445 542 0
543 1445 1
1445 543 0
544 1445 1
1445 544 0
545 1445 1
1445 545 0
546 1445 1
1445 546 0
547 1445 1
1445 547 0
548 1445 1
1445 548 0
549 1445 1
1445 549 0
550 1445 1
1445 550 0
551 1445 1
1445 551 0
552 1445 1
1445 552 0
553 1445 1
1445 553 0
554 1445 1
1445 554 0
555 1445 1
1445 555 0
556 1445 1
1445 556 0
557 1445 1
1445 557 0
558 1445 1
1445 558 0
559 1445 1
1445 559 0
560 1445 1
1445 560 0
561 1445 1
1445 561 0
562 1445 1
1445 562 0
563 1445 1
1445 563 0
564 1445 1
1445 564 0
565 1445 1
1445 565 0
566 1445 1
1445 566 0
567 1445 1
1445 567 0
568 1445 1
1445 568 0
569 1445 1
1445 569 0
570 1445 1
1445 570 0
571 1445 1
1445 571 0
572 1445 1
1445 572 0
573 1445 1
1445 573 0
574 1445 1
1445 574 0
575 1445 1
1445 575 0
576 1445 1
1445 576 0
577 1445 1
1445 577 0
578 1445 1
1445 578 0
579 1445 1
1445 579 0
580 1445 1
1445 580 0
581 1445 1
1445 581 0
582 1445 1
1445 582 0
583 1445 1
1445 583 0
584 1445 1
1445 584 0
585 1445 1
1445 585 0
586 1445 1
1445 586 0
587 1445 1
1445 587 0
588 1445 1
1445 588 0
589 1445 1
1445 589 0
590 1445 1
1445 590 0
591 1445 1
1445 591 0
592 1445 1
1445 592 0
593 1445 1
1445 593 0
594 1445 1
1445 594 0
595 1445 1
1445 595 0
596 1445 1
1445 596 0
597 1445 1
1445 597 0
598 1445 1
1445 598 0
599 1445 1
1445 599 0
600 1445 1
1445 600 0
601 1445 1
1445 601 0
602 1445 1
1445 602 0
603 1445 1
1445 603 0
604 1445 1
1445 604 0
605 1445 1
1445 605 0
606 1445 1
1445 606 0
607 1445 1
1445 607 0
608 1445 1
1445 608 0
609 1445 1
1445 609 0
610 1445 1
1445 610 0
611 1445 1
1445 611 0
612 1445 1
1445 612 0
613 1445 1
1445 613 0
614 1445 1
1445 614 0
615 1445 1
1445 615 0
616 1445 1
1445 616 0
617 1445 1
1445 617 0
618 1445 1
1445 618 0
619 1445 1
1445 619 0
620 1445 1
1445 620 0
621 1445 1
1445 621 0
622 1445 1
1445 622 0
623 1445 1
1445 623 0
624 1445 1
1445 624 0
625 1445 1
1445 625 0
626 1445 1
1445 626 0
627 1445 1
1445 627 0
628 1445 1
1445 628 0
629 1445 1
1445 629 0
630 1445 1
1445 630 0
631 1445 1
1445 631 0
632 1445 1
1445 632 0
633 1445 1
1445 633 0
634 1445 1
1445 634 0
635 1445 1
1445 635 0
636 1445 1
1445 636 0
637 1445 1
1445 637 0
638 1445 1
1445 638 0
639 1445 1
1445 639 0
640 1445 1
1445 640 0
641 1445 1
1445 641 0
642 1445 1
1445 642 0
643 1445 1
1445 643 0
644 1445 1
1445 644 0
645 1445 1
1445 645 0
646 1445 1
1445 646 0
647 1445 1
1445 647 0
648 1445 1
1445 648 0
649 1445 1
1445 649 0
650 1445 1
1445 650 0
651 1445 1
1445 651 0
652 1445 1
1445 652 0
653 1445 1
1445 653 0
654 1445 1
1445 654 0
655 1445 1
1445 655 0
656 1445 1
1445 656 0
657 1445 1
1445 657 0
658 1445 1
1445 658 0
659 1445 1
1445 659 0
660 1445 1
1445 660 0
661 1445 1
1445 661 0
662 1445 1
1445 662 0
663 1445 1
1445 663 0
664 1445 1
1445 664 0
665 1445 1
1445 665 0
666 1445 1
1445 666 0
667 1445 1
1445 667 0
668 1445 1
1445 668 0
669 1445 1
1445 669 0
670 1445 1
1445 670 0
671 1445 1
1445 671 0
672 1445 1
1445 672 0
673 1445 1
1445 673 0
674 1445 1
1445 674 0
675 1445 1
1445 675 0
676 1445 1
1445 676 0
677 1445 1
1445 677 0
678 1445 1
1445 678 0
679 1445 1
1445 679 0
680 1445 1
1445 680 0
681 1445 1
1445 681 0
682 1445 1
1445 682 0
683 1445 1
1445 683 0
684 1445 1
1445 684 0
685 1445 1
1445 685 0
686 1445 1
1445 686 0
687 1445 1
1445 687 0
688 1445 1
1445 688 0
689 1445 1
1445 689 0
690 1445 1
1445 690 0
691 1445 1
1445 691 0
692 1445 1
1445 692 0
693 1445 1
1445 693 0
694 1445 1
1445 694 0
695 1445 1
1445 695 0
696 1445 1
1445 696 0
697 1445 1
1445 697 0
698 1445 1
1445 698 0
699 1445 1
1445 699 0
700 1445 1
1445 700 0
701 1445 1
1445 701 0
702 1445 1
1445 702 0
703 1445 1
1445 703 0
704 1445 1
1445 704 0
705 1445 1
1445 705 0
706 1445 1
1445 706 0
707 1445 1
1445 707 0
708 1445 1
1445 708 0
709 1445 1
1445 709 0
710 1445 1
1445 710 0
711 1445 1
1445 711 0
712 1445 1
1445 712 0
713 1445 1
1445 713 0
714 1445 1
1445 714 0
715 1445 1
1445 715 0
716 1445 1
1445 716 0
717 1445 1
1445 717 0
718 1445 1
1445 718 0
719 1445 1
1445 719 0
720 1445 1
1445 720 0
721 1445 1
1445 721 0
722 1445 1
1445 722 0
723 1445 1
1445 723 0
724 1445 1
1445 724 0
725 1445 1
1445 725 0
726 1445 1
1445 726 0
727 1445 1
1445 727 0
728 1445 1
1445 728 0
729 1445 1
1445 729 0
730 1445 1
1445 730 0
731 1445 1
1445 731 0
732 1445 1
1445 732 0
733 1445 1
1445 733 0
734 1445 1
1445 734 0
735 1445 1
1445 735 0
736 1445 1
1445 736 0
737 1445 1
1445 737 0
738 1445 1
1445 738 0
739 1445 1
1445 739 0
740 1445 1
1445 740 0
741 1445 1
1445 741 0
742 1445 1
1445 742 0
743 1445 1
1445 743 0
744 1445 21
1445 744 0
745 1445 21
1445 745 0
746 1445 21
1445 746 0
747 1445 21
1445 747 0
748 1445 21
1445 748 0
749 1445 21
1445 749 0
750 1445 21
1445 750 0
751 1445 21
1445 751 0
752 1445 21
1445 752 0
753 1445 21
1445 753 0
754 1445 21
1445 754 0
755 1445 21
1445 755 0
756 1445 21
1445 756 0
757 1445 21
1445 757 0
758 1445 21
1445 758 0
759 1445 21
1445 759 0
760 1445 21
1445 760 0
761 1445 21
1445 761 0
762 1445 21
1445 762 0
763 1445 21
1445 763 0
764 1445 21
1445 764 0
765 1445 21
1445 765 0
766 1445 21
1445 766 0
767 1445 21
1445 767 0
768 1445 21
1445 768 0
769 1445 21
1445 769 0
770 1445 21
1445 770 0
771 1445 21
1445 771 0
772 1445 21
1445 772 0
773 1445 21
1445 773 0
774 1445 21
1445 774 0
775 1445 21
1445 775 0
776 1445 21
1445 776 0
777 1445 21
1445 777 0
778 1445 21
1445 778 0
779 1445 21
1445 779 0
780 1445 21
1445 780 0
781 1445 21
1445 781 0
782 1445 21
1445 782 0
783 1445 21
1445 783 0
784 1445 21
1445 784 0
785 1445 21
1445 785 0
786 1445 21
1445 786 0
787 1445 21
1445 787 0
788 1445 21
1445 788 0
789 1445 21
1445 789 0
790 1445 21
1445 790 0
791 1445 21
1445 791 0
792 1445 21
1445 792 0
793 1445 21
1445 793 0
794 1445 21
1445 794 0
795 1445 21
1445 795 0
796 1445 21
1445 796 0
797 1445 21
1445 797 0
798 1445 21
1445 798 0
799 1445 21
1445 799 0
800 1445 21
1445 800 0
801 1445 21
1445 801 0
802 1445 21
1445 802 0
803 1445 21
1445 803 0
804 1445 21
1445 804 0
805 1445 21
1445 805 0
806 1445 21
1445 806 0
807 1445 21
1445 807 0
808 1445 21
1445 808 0
809 1445 21
1445 809 0
810 1445 21
1445 810 0
811 1445 21
1445 811 0
812 1445 21
1445 812 0
813 1445 21
1445 813 0
814 1445 21
1445 814 0
815 1445 21
1445 815 0
816 1445 21
1445 816 0
817 1445 21
1445 817 0
818 1445 21
1445 818 0
819 1445 21
1445 819 0
820 1445 21
1445 820 0
821 1445 21
1445 821 0
822 1445 21
1445 822 0
823 1445 21
1445 823 0
824 1445 21
1445 824 0
825 1445 21
1445 825 0
826 1445 21
1445 826 0
827 1445 21
1445 827 0
828 1445 21
1445 828 0
829 1445 21
1445 829 0
830 1445 21
1445 830 0
831 1445 21
1445 831 0
832 1445 21
1445 832 0
833 1445 21
1445 833 0
834 1445 21
1445 834 0
835 1445 21
1445 835 0
836 1445 21
1445 836 0
837 1445 21
1445 837 0
838 1445 21
1445 838 0
839 1445 21
1445 839 0
840 1445 21
1445 840 0
841 1445 21
1445 841 0
842 1445 21
1445 842 0
843 1445 21
1445 843 0
844 1445 21
1445 844 0
845 1445 21
1445 845 0
846 1445 21
1445 846 0
847 1445 21
1445 847 0
848 1445 21
1445 848 0
849 1445 21
1445 849 0
850 1445 21
1445 850 0
851 1445 21
1445 851 0
852 1445 21
1445 852 0
853 1445 21
1445 853 0
854 1445 21
1445 854 0
855 1445 21
1445 855 0
856 1445 21
1445 856 0
857 1445 21
1445 857 0
858 1445 21
1445 858 0
859 1445 21
1445 859 0
860 1445 21
1445 860 0
861 1445 21
1445 861 0
862 1445 21
1445 862 0
863 1445 21
1445 863 0
864 1445 21
1445 864 0
865 1445 21
1445 865 0
866 1445 21
1445 866 0
867 1445 21
1445 867 0
868 1445 21
1445 868 0
869 1445 21
1445 869 0
870 1445 21
1445 870 0
871 1445 21
1445 871 0
872 1445 21
1445 872 0
873 1445 21
1445 873 0
874 1445 21
1445 874 0
875 1445 21
1445 875 0
876 1445 21
1445 876 0
877 1445 21
1445 877 0
878 1445 21
1445 878 0
879 1445 21
1445 879 0
880 1445 21
1445 880 0
881 1445 21
1445 881 0
882 1445 21
1445 882 0
883 1445 21
1445 883 0
884 1445 21
1445 884 0
885 1445 21
1445 885 0
886 1445 21
1445 886 0
887 1445 21
1445 887 0
888 1445 21
1445 888 0
889 1445 21
1445 889 0
890 1445 21
1445 890 0
891 1445 21
1445 891 0
892 1445 21
1445 892 0
893 1445 21
1445 893 0
894 1445 21
1445 894 0
895 1445 21
1445 895 0
896 1445 21
1445 896 0
897 1445 21
1445 897 0
898 1445 21
1445 898 0
899 1445 21
1445 899 0
900 1445 21
1445 900 0
901 1445 21
1445 901 0
902 1445 21
1445 902 0
903 1445 21
1445 903 0
904 1445 21
1445 904 0
905 1445 21
1445 905 0
906 1445 21
1445 906 0
907 1445 21
1445 907 0
908 1445 21
1445 908 0
909 1445 21
1445 909 0
910 1445 21
1445 910 0
911 1445 21
1445 911 0
912 1445 21
1445 912 0
913 1445 21
1445 913 0
914 1445 21
1445 914 0
915 1445 21
1445 915 0
916 1445 21
1445 916 0
917 1445 21
1445 917 0
918 1445 21
1445 918 0
919 1445 21
1445 919 0
920 1445 21
1445 920 0
921 1445 21
1445 921 0
922 1445 21
1445 922 0
923 1445 21
1445 923 0
924 1445 21
1445 924 0
925 1445 21
1445 925 0
926 1445 21
1445 926 0
927 1445 21
1445 927 0
928 1445 21
1445 928 0
929 1445 21
1445 929 0
930 1445 21
1445 930 0
931 1445 21
1445 931 0
932 1445 21
1445 932 0
933 1445 21
1445 933 0
934 1445 21
1445 934 0
935 1445 21
1445 935 0
936 1445 21
1445 936 0
937 1445 21
1445 937 0
938 1445 21
1445 938 0
939 1445 21
1445 939 0
940 1445 21
1445 940 0
941 1445 21
1445 941 0
942 1445 21
1445 942 0
943 1445 21
1445 943 0
944 1445 21
1445 944 0
945 1445 21
1445 945 0
946 1445 21
1445 946 0
947 1445 21
1445 947 0
948 1445 21
1445 948 0
949 1445 21
1445 949 0
950 1445 21
1445 950 0
951 1445 21
1445 951 0
952 1445 21
1445 952 0
953 1445 21
1445 953 0
954 1445 21
1445 954 0
955 1445 21
1445 955 0
956 1445 21
1445 956 0
957 1445 21
1445 957 0
958 1445 21
1445 958 0
959 1445 21
1445 959 0
960 1445 21
1445 960 0
961 1445 21
1445 961 0
962 1445 21
1445 962 0
963 1445 21
1445 963 0
964 1445 21
1445 964 0
965 1445 21
1445 965 0
966 1445 21
1445 966 0
967 1445 21
1445 967 0
968 1445 21
1445 968 0
969 1445 21
1445 969 0
970 1445 21
1445 970 0
971 1445 21
1445 971 0
972 1445 21
1445 972 0
973 1445 21
1445 973 0
974 1445 21
1445 974 0
975 1445 21
1445 975 0
976 1445 21
1445 976 0
977 1445 21
1445 977 0
978 1445 21
1445 978 0
979 1445 21
1445 979 0
980 1445 21
1445 980 0
981 1445 21
1445 981 0
982 1445 21
1445 982 0
983 1445 21
1445 983 0
984 1445 21
1445 984 0
985 1445 21
1445 985 0
986 1445 21
1445 986 0
987 1445 21
1445 987 0
988 1445 21
1445 988 0
989 1445 21
1445 989 0
990 1445 21
1445 990 0
991 1445 21
1445 991 0
992 1445 21
1445 992 0
993 1445 21
1445 993 0
994 1445 21
1445 994 0
995 1445 21
1445 995 0
996 1445 21
1445 996 0
997 1445 21
1445 997 0
998 1445 21
1445 998 0
999 1445 21
1445 999 0
1000 1445 21
1445 1000 0
1001 1445 21
1445 1001 0
1002 1445 21
1445 1002 0
1003 1445 21
1445 1003 0
1004 1445 21
1445 1004 0
1005 1445 21
1445 1005 0
1006 1445 21
1445 1006 0
1007 1445 21
1445 1007 0
1008 1445 21
1445 1008 0
1009 1445 21
1445 1009 0
1010 1445 21
1445 1010 0
1011 1445 21
1445 1011 0
1012 1445 21
1445 1012 0
1013 1445 21
1445 1013 0
1014 1445 21
1445 1014 0
1015 1445 21
1445 1015 0
1016 1445 21
1445 1016 0
1017 1445 21
1445 1017 0
1018 1445 21
1445 1018 0
1019 1445 21
1445 1019 0
1020 1445 21
1445 1020 0
1021 1445 21
1445 1021 0
1022 1445 21
1445 1022 0
1023 1445 21
1445 1023 0
1024 1445 21
1445 1024 0
1025 1445 21
1445 1025 0
1026 1445 21
1445 1026 0
1027 1445 21
1445 1027 0
1028 1445 21
1445 1028 0
1029 1445 21
1445 1029 0
1030 1445 21
1445 1030 0
1031 1445 21
1445 1031 0
1032 1445 21
1445 1032 0
1033 1445 21
1445 1033 0
1034 1445 21
1445 1034 0
1035 1445 21
1445 1035 0
1036 1445 21
1445 1036 0
1037 1445 21
1445 1037 0
1038 1445 21
1445 1038 0
1039 1445 21
1445 1039 0
1040 1445 21
1445 1040 0
1041 1445 21
1445 1041 0
1042 1445 21
1445 1042 0
1043 1445 21
1445 1043 0
1044 1445 21
1445 1044 0
1045 1445 21
1445 1045 0
1046 1445 21
1445 1046 0
1047 1445 21
1445 1047 0
1048 1445 21
1445 1048 0
1049 1445 21
1445 1049 0
1050 1445 21
1445 1050 0
1051 1445 21
1445 1051 0
1052 1445 21
1445 1052 0
1053 1445 21
1445 1053 0
1054 1445 21
1445 1054 0
1055 1445 21
1445 1055 0
1056 1445 21
1445 1056 0
1057 1445 21
1445 1057 0
1058 1445 21
1445 1058 0
1059 1445 21
1445 1059 0
1060 1445 21
1445 1060 0
1061 1445 21
1445 1061 0
1062 1445 21
1445 1062 0
1063 1445 21
1445 1063 0
1064 1445 21
1445 1064 0
1065 1445 21
1445 1065 0
1066 1445 21
1445 1066 0
1067 1445 21
1445 1067 0
1068 1445 21
1445 1068 0
1069 1445 21
1445 1069 0
1070 1445 21
1445 1070 0
1071 1445 21
1445 1071 0
1072 1445 21
1445 1072 0
1073 1445 21
1445 1073 0
1074 1445 21
1445 1074 0
1075 1445 21
1445 1075 0
1076 1445 21
1445 1076 0
1077 1445 21
1445 1077 0
1078 1445 21
1445 1078 0
1079 1445 21
1445 1079 0
1080 1445 21
1445 1080 0
1081 1445 21
1445 1081 0
1082 1445 21
1445 1082 0
1083 1445 21
1445 1083 0
1084 1445 21
1445 1084 0
1085 1445 21
1445 1085 0
1086 1445 21
1445 1086 0
1087 1445 21
1445 1087 0
1088 1445 21
1445 1088 0
1089 1445 21
1445 1089 0
1090 1445 21
1445 1090 0
1091 1445 21
1445 1091 0
1092 1445 21
1445 1092 0
1093 1445 21
1445 1093 0
1094 1445 21
1445 1094 0
1095 1445 21
1445 1095 0
1096 1445 21
1445 1096 0
1097 1445 21
1445 1097 0
1098 1445 21
1445 1098 0
1099 1445 21
1445 1099 0
1100 1445 21
1445 1100 0
1101 1445 21
1445 1101 0
1102 1445 21
1445 1102 0
1103 1445 21
1445 1103 0
1104 1445 21
1445 1104 0
1105 1445 21
1445 1105 0
1106 1445 21
1445 1106 0
1107 1445 21
1445 1107 0
1108 1445 21
1445 1108 0
1109 1445 21
1445 1109 0
1110 1445 21
1445 1110 0
1111 1445 21
1445 1111 0
1112 1445 21
1445 1112 0
1113 1445 21
1445 1113 0
1114 1445 21
1445 1114 0
1115 1445 21
1445 1115 0
1116 1445 21
1445 1116 0
1117 1445 21
1445 1117 0
1118 1445 21
1445 1118 0
1119 1445 21
1445 1119 0
1120 1445 21
1445 1120 0
1121 1445 21
1445 1121 0
1122 1445 21
1445 1122 0
1123 1445 21
1445 1123 0
1124 1445 21
1445 1124 0
1125 1445 21
1445 1125 0
1126 1445 21
1445 1126 0
1127 1445 21
1445 1127 0
1128 1445 21
1445 1128 0
1129 1445 21
1445 1129 0
1130 1445 21
1445 1130 0
1131 1445 21
1445 1131 0
1132 1445 21
1445 1132 0
1133 1445 21
1445 1133 0
1134 1445 21
1445 1134 0
1135 1445 21
1445 1135 0
1136 1445 21
1445 1136 0
1137 1445 21
1445 1137 0
1138 1445 21
1445 1138 0
1139 1445 21
1445 1139 0
1140 1445 21
1445 1140 0
1141 1445 21
1445 1141 0
1142 1445 21
1445 1142 0
1143 1445 21
1445 1143 0
1144 1445 21
1445 1144 0
1145 1445 21
1445 1145 0
1146 1445 21
1445 1146 0
1147 1445 21
1445 1147 0
1148 1445 21
1445 1148 0
1149 1445 21
1445 1149 0
1150 1445 21
1445 1150 0
1151 1445 21
1445 1151 0
1152 1445 21
1445 1152 0
1153 1445 21
1445 1153 0
1154 1445 21
1445 1154 0
1155 1445 21
1445 1155 0
1156 1445 21
1445 1156 0
1157 1445 21
1445 1157 0
1158 1445 21
1445 1158 0
1159 1445 21
1445 1159 0
1160 1445 21
1445 1160 0
1161 1445 21
1445 1161 0
1162 1445 21
1445 1162 0
1163 1445 21
1445 1163 0
1164 1445 21
1445 1164 0
1165 1445 21
1445 1165 0
1166 1445 21
1445 1166 0
1167 1445 21
1445 1167 0
1168 1445 21
1445 1168 0
1169 1445 21
1445 1169 0
1170 1445 21
1445 1170 0
1171 1445 21
1445 1171 0
1172 1445 21
1445 1172 0
1173 1445 21
1445 1173 0
1174 1445 21
1445 1174 0
1175 1445 21
1445 1175 0
1176 1445 21
1445 1176 0
1177 1445 21
1445 1177 0
1178 1445 21
1445 1178 0
1179 1445 21
1445 1179 0
1180 1445 21
1445 1180 0
1181 1445 21
1445 1181 0
1182 1445 21
1445 1182 0
1183 1445 21
1445 1183 0
1184 1445 21
1445 1184 0
1185 1445 21
1445 1185 0
1186 1445 21
1445 1186 0
1187 1445 21
1445 1187 0
1188 1445 21
1445 1188 0
1189 1445 21
1445 1189 0
1190 1445 21
1445 1190 0
1191 1445 21
1445 1191 0
1192 1445 21
1445 1192 0
1193 1445 21
1445 1193 0
1194 1445 21
1445 1194 0
1195 1445 21
1445 1195 0
1196 1445 21
1445 1196 0
1197 1445 21
1445 1197 0
1198 1445 21
1445 1198 0
1199 1445 21
1445 1199 0
1200 1445 21
1445 1200 0
1201 1445 21
1445 1201 0
1202 1445 21
1445 1202 0
1203 1445 21
1445 1203 0
1204 1445 21
1445 1204 0
1205 1445 21
1445 1205 0
1206 1445 21
1445 1206 0
1207 1445 21
1445 1207 0
1208 1445 21
1445 1208 0
1209 1445 21
1445 1209 0
1210 1445 21
1445 1210 0
1211 1445 21
1445 1211 0
1212 1445 21
1445 1212 0
1213 1445 21
1445 1213 0
1214 1445 21
1445 1214 0
1215 1445 21
1445 1215 0
1216 1445 21
1445 1216 0
1217 1445 21
1445 1217 0
1218 1445 21
1445 1218 0
1219 1445 21
1445 1219 0
1220 1445 21
1445 1220 0
1221 1445 21
1445 1221 0
1222 1445 21
1445 1222 0
1223 1445 21
1445 1223 0
1224 1445 21
1445 1224 0
1225 1445 21
1445 1225 0
1226 1445 21
1445 1226 0
1227 1445 21
1445 1227 0
1228 1445 21
1445 1228 0
1229 1445 21
1445 1229 0
1230 1445 21
1445 1230 0
1231 1445 21
1445 1231 0
1232 1445 21
1445 1232 0
1233 1445 21
1445 1233 0
1234 1445 21
1445 1234 0
1235 1445 21
1445 1235 0
1236 1445 21
1445 1236 0
1237 1445 21
1445 1237 0
1238 1445 21
1445 1238 0
1239 1445 21
1445 1239 0
1240 1445 21
1445 1240 0
1241 1445 21
1445 1241 0
1242 1445 21
1445 1242 0
1243 1445 21
1445 1243 0
1244 1445 21
1445 1244 0
1245 1445 21
1445 1245 0
1246 1445 21
1445 1246 0
1247 1445 21
1445 1247 0
1248 1445 21
1445 1248 0
1249 1445 21
1445 1249 0
1250 1445 21
1445 1250 0
1251 1445 21
1445 1251 0
1252 1445 21
1445 1252 0
1253 1445 21
1445 1253 0
1254 1445 21
1445 1254 0
1255 1445 21
1445 1255 0
1256 1445 21
1445 1256 0
1257 1445 21
1445 1257 0
1258 1445 21
1445 1258 0
1259 1445 21
1445 1259 0
1260 1445 21
1445 1260 0
1261 1445 21
1445 1261 0
1262 1445 21
1445 1262 0
1263 1445 21
1445 1263 0
1264 1445 21
1445 1264 0
1265 1445 21
1445 1265 0
1266 1445 21
1445 1266 0
1267 1445 21
1445 1267 0
1268 1445 21
1445 1268 0
1269 1445 21
1445 1269 0
1270 1445 21
1445 1270 0
1271 1445 21
1445 1271 0
1272 1445 21
1445 1272 0
1273 1445 21
1445 1273 0
1274 1445 21
1445 1274 0
1275 1445 21
1445 1275 0
1276 1445 21
1445 1276 0
1277 1445 21
1445 1277 0
1278 1445 21
1445 1278 0
1279 1445 21
1445 1279 0
1280 1445 21
1445 1280 0
1281 1445 21
1445 1281 0
1282 1445 21
1445 1282 0
1283 1445 21
1445 1283 0
1284 1445 21
1445 1284 0
1285 1445 21
1445 1285 0
1286 1445 21
1445 1286 0
1287 1445 21
1445 1287 0
1288 1445 21
1445 1288 0
1289 1445 21
1445 1289 0
1290 1445 21
1445 1290 0
1291 1445 21
1445 1291 0
1292 1445 21
1445 1292 0
1293 1445 21
1445 1293 0
1294 1445 21
1445 1294 0
1295 1445 21
1445 1295 0
1296 1445 21
1445 1296 0
1297 1445 21
1445 1297 0
1298 1445 21
1445 1298 0
1299 1445 21
1445 1299 0
1300 1445 21
1445 1300 0
1301 1445 21
1445 1301 0
1302 1445 21
1445 1302 0
1303 1445 21
1445 1303 0
1304 1445 21
1445 1304 0
1305 1445 21
1445 1305 0
1306 1445 21
1445 1306 0
1307 1445 21
1445 1307 0
1308 1445 21
1445 1308 0
1309 1445 21
1445 1309 0
1310 1445 21
1445 1310 0
1311 1445 21
1445 1311 0
1312 1445 21
1445 1312 0
1313 1445 21
1445 1313 0
1314 1445 21
1445 1314 0
1315 1445 21
1445 1315 0
1316 1445 21
1445 1316 0
1317 1445 21
1445 1317 0
1318 1445 21
1445 1318 0
1319 1445 21
1445 1319 0
1320 1445 21
1445 1320 0
1321 1445 21
1445 1321 0
1322 1445 21
1445 1322 0
1323 1445 21
1445 1323 0
1324 1445 21
1445 1324 0
1325 1445 21
1445 1325 0
1326 1445 21
1445 1326 0
1327 1445 21
1445 1327 0
1328 1445 21
1445 1328 0
1329 1445 21
1445 1329 0
1330 1445 21
1445 1330 0
1331 1445 21
1445 1331 0
1332 1445 21
1445 1332 0
1333 1445 21
1445 1333 0
1334 1445 21
1445 1334 0
1335 1445 21
1445 1335 0
1336 1445 21
1445 1336 0
1337 1445 21
1445 1337 0
1338 1445 21
1445 1338 0
1339 1445 21
1445 1339 0
1340 1445 21
1445 1340 0
1341 1445 21
1445 1341 0
1342 1445 21
1445 1342 0
1343 1445 21
1445 1343 0
1344 1445 21
1445 1344 0
1345 1445 21
1445 1345 0
1346 1445 21
1445 1346 0
1347 1445 21
1445 1347 0
1348 1445 21
1445 1348 0
1349 1445 21
1445 1349 0
1350 1445 21
1445 1350 0
1351 1445 21
1445 1351 0
1352 1445 21
1445 1352 0
1353 1445 21
1445 1353 0
1354 1445 21
1445 1354 0
1355 1445 21
1445 1355 0
1356 1445 21
1445 1356 0
1357 1445 21
1445 1357 0
1358 1445 21
1445 1358 0
1359 1445 21
1445 1359 0
1360 1445 21
1445 1360 0
1361 1445 21
1445 1361 0
1362 1445 21
1445 1362 0
1363 1445 21
1445 1363 0
1364 1445 21
1445 1364 0
1365 1445 21
1445 1365 0
1366 1445 21
1445 1366 0
1367 1445 21
1445 1367 0
1368 1445 21
1445 1368 0
1369 1445 21
1445 1369 0
1370 1445 21
1445 1370 0
1371 1445 21
1445 1371 0
1372 1445 21
1445 1372 0
1373 1445 21
1445 1373 0
1374 1445 21
1445 1374 0
1375 1445 21
1445 1375 0
1376 1445 21
1445 1376 0
1377 1445 21
1445 1377 0
1378 1445 21
1445 1378 0
1379 1445 21
1445 1379 0
1380 1445 21
1445 1380 0
1381 1445 21
1445 1381 0
1382 1445 21
1445 1382 0
1383 1445 21
1445 1383 0
1384 1445 21
1445 1384 0
1385 1445 21
1445 1385 0
1386 1445 21
1445 1386 0
1387 1445 21
1445 1387 0
1388 1445 21
1445 1388 0
1389 1445 21
1445 1389 0
1390 1445 21
1445 1390 0
1391 1445 21
1445 1391 0
1392 1445 21
1445 1392 0
1393 1445 21
1445 1393 0
1394 1445 21
1445 1394 0
1395 1445 21
1445 1395 0
1396 1445 21
1445 1396 0
1397 1445 21
1445 1397 0
1398 1445 21
1445 1398 0
1399 1445 21
1445 1399 0
1400 1445 21
1445 1400 0
1401 1445 21
1445 1401 0
1402 1445 21
1445 1402 0
1403 1445 21
1445 1403 0
1404 1445 21
1445 1404 0
1405 1445 21
1445 1405 0
1406 1445 21
1445 1406 0
1407 1445 21
1445 1407 0
1408 1445 21
1445 1408 0
1409 1445 21
1445 1409 0
1410 1445 21
1445 1410 0
1411 1445 21
1445 1411 0
1412 1445 21
1445 1412 0
1413 1445 21
1445 1413 0
1414 1445 21
1445 1414 0
1415 1445 21
1445 1415 0
1416 1445 21
1445 1416 0
1417 1445 21
1445 1417 0
1418 1445 21
1445 1418 0
1419 1445 21
1445 1419 0
1420 1445 21
1445 1420 0
1421 1445 21
1445 1421 0
1422 1445 21
1445 1422 0
1423 1445 21
1445 1423 0
1424 1445 21
1445 1424 0
1425 1445 21
1445 1425 0
1426 1445 21
1445 1426 0
1427 1445 21
1445 1427 0
1428 1445 21
1445 1428 0
1429 1445 21
1445 1429 0
1430 1445 21
1445 1430 0
1431 1445 21
1445 1431 0
1432 1445 21
1445 1432 0
1433 1445 21
1445 1433 0
1434 1445 21
1445 1434 0
1435 1445 21
1445 1435 0
1436 1445 21
1445 1436 0
1437 1445 21
1445 1437 0
1438 1445 21
1445 1438 0
1439 1445 21
1445 1439 0
1440 1445 21
1445 1440 0
1441 1445 21
1445 1441 0
1442 1445 21
1445 1442 0
1443 1445 21
1445 1443 0
1444 1445 21
1445 1444 0
