1795 1794 49 3588
1 1795 1
1795 1 0
2 1795 1
1795 2 0
3 1795 1
1795 3 0
4 1795 1
1795 4 0
5 1795 1
1795 5 0
6 1795 1
1795 6 0
7 1795 1
1795 7 0
8 1795 1
1795 8 0
9 1795 1
1795 9 0
10 1795 1
1795 10 0
11 1795 1
1795 11 0
12 1795 1
1795 12 0
13 1795 1
1795 13 0
14 1795 1
1795 14 0
15 1795 1
1795 15 0
16 1795 1
1795 16 0
17 1795 1
1795 17 0
18 1795 1
1795 18 0
19 1795 1
1795 19 0
20 1795 1
1795 20 0
21 1795 1
1795 21 0
22 1795 1
1795 22 0
23 1795 1
1795 23 0
24 1795 1
1795 24 0
25 1795 1
1795 25 0
26 1795 1
1795 26 0
27 1795 1
1795 27 0
28 1795 1
1795 28 0
29 1795 1
1795 29 0
30 1795 1
1795 30 0
31 1795 1
1795 31 0
32 1795 1
1795 32 0
33 1795 1
1795 33 0
34 1795 1
1795 34 0
35 1795 1
1795 35 0
36 1795 1
1795 36 0
37 1795 1
1795 37 0
38 1795 1
1795 38 0
39 1795 1
1795 39 0
40 1795 1
1795 40 0
41 1795 1
1795 41 0
42 1795 1
1795 42 0
43 1795 1
1795 43 0
44 1795 1
1795 44 0
45 1795 1
1795 45 0
46 1795 1
1795 46 0
47 1795 1
1795 47 0
48 1795 1
1795 48 0
49 1795 1
1795 49 0
50 1795 1
1795 50 0
51 1795 1
1795 51 0
52 1795 1
1795 52 0
53 1795 1
1795 53 0
54 1795 1
1795 54 0
55 1795 1
1795 55 0
56 1795 1
1795 56 0
57 1795 1
1795 57 0
58 1795 1
1795 58 0
59 1795 1
1795 59 0
60 1795 1
1795 60 0
61 1795 1
1795 61 0
62 1795 1
1795 62 0
63 1795 1
1795 63 0
64 1795 1
1795 64 0
65 1795 1
1795 65 0
66 1795 1
1795 66 0
67 1795 1
1795 67 0
68 1795 1
1795 68 0
69 1795 1
1795 69 0
70 1795 1
1795 70 0
71 1795 1
1795 71 0
72 1795 1
1795 72 0
73 1795 1
1795 73 0
74 1795 1
1795 74 0
75 1795 1
1795 75 0
76 1795 1
1795 76 0
77 1795 1
1795 77 0
78 1795 1
1795 78 0
79 1795 1
1795 79 0
80 1795 1
1795 80 0
81 1795 1
1795 81 0
82 1795 1
1795 82 0
83 1795 1
1795 83 0
84 1795 1
1795 84 0
85 1795 1
1795 85 0
86 1795 1
1795 86 0
87 1795 1
1795 87 0
88 1795 1
1795 88 0
89 1795 1
1795 89 0
90 1795 1
1795 90 0
91 1795 1
1795 91 0
92 1795 1
1795 92 0
93 1795 1
1795 93 0
94 1795 1
1795 94 0
95 1795 1
1795 95 0
96 1795 1
1795 96 0
97 1795 1
1795 97 0
98 1795 1
1795 98 0
99 1795 1
1795 99 0
100 1795 1
1795 100 0
101 1795 1
1795 101 0
102 1795 1
1795 102 0
103 1795 1
1795 103 0
104 1795 1
1795 104 0
105 1795 1
1795 105 0
106 1795 1
1795 106 0
107 1795 1
1795 107 0
108 1795 1
1795 108 0
109 1795 1
1795 109 0
110 1795 1
1795 110 0
111 1795 1
1795 111 0
112 1795 1
1795 112 0
113 1795 1
1795 113 0
114 1795 1
1795 114 0
115 1795 1
1795 115 0
116 1795 1
1795 116 0
117 1795 1
1795 117 0
118 1795 1
1795 118 0
119 1795 1
1795 119 0
120 1795 1
1795 120 0
121 1795 1
1795 121 0
122 1795 1
1795 122 0
123 1795 1
1795 123 0
124 1795 1
1795 124 0
125 1795 1
1795 125 0
126 1795 1
1795 126 0
127 1795 1
1795 127 0
128 1795 1
1795 128 0
129 1795 1
1795 129 0
130 1795 1
1795 130 0
131 1795 1
1795 131 0
132 1795 1
1795 132 0
133 1795 1
1795 133 0
134 1795 1
1795 134 0
135 1795 1
1795 135 0
136 1795 1
1795 136 0
137 1795 1
1795 137 0
138 1795 1
1795 138 0
139 1795 1
1795 139 0
140 1795 1
1795 140 0
141 1795 1
1795 141 0
142 1795 1
1795 142 0
143 1795 1
1795 143 0
144 1795 1
1795 144 0
145 1795 1
1795 145 0
146 1795 1
1795 146 0
147 1795 1
1795 147 0
148 1795 1
1795 148 0
149 1795 1
1795 149 0
150 1795 1
1795 150 0
151 1795 1
1795 151 0
152 1795 1
1795 152 0
153 1795 1
1795 153 0
154 1795 1
1795 154 0
155 1795 1
1795 155 0
156 1795 1
1795 156 0
157 1795 1
1795 157 0
158 1795 1
1795 158 0
159 1795 1
1795 159 0
160 1795 1
1795 160 0
161 1795 1
1795 161 0
162 1795 1
1795 162 0
163 1795 1
1795 163 0
164 1795 1
1795 164 0
165 1795 1
1795 165 0
166 1795 1
1795 166 0
167 1795 1
1795 167 0
168 1795 1
1795 168 0
169 1795 1
1795 169 0
170 1795 1
1795 170 0
171 1795 1
1795 171 0
172 1795 1
1795 172 0
173 1795 1
1795 173 0
174 1795 1
1795 174 0
175 1795 1
1795 175 0
176 1795 1
1795 176 0
177 1795 1
1795 177 0
178 1795 1
1795 178 0
179 1795 1
1795 179 0
180 1795 1
1795 180 0
181 1795 1
1795 181 0
182 1795 1
1795 182 0
183 1795 1
1795 183 0
184 1795 1
1795 184 0
185 1795 1
1795 185 0
186 1795 1
1795 186 0
187 1795 1
1795 187 0
188 1795 1
1795 188 0
189 1795 1
1795 189 0
190 1795 1
1795 190 0
191 1795 1
1795 191 0
192 1795 1
1795 192 0
193 1795 1
1795 193 0
194 1795 1
1795 194 0
195 1795 1
1795 195 0
196 1795 1
1795 196 0
197 1795 1
1795 197 0
198 1795 1
1795 198 0
199 1795 1
1795 199 0
200 1795 1
1795 200 0
201 1795 1
1795 201 0
202 1795 1
1795 202 0
203 1795 1
1795 203 0
204 1795 1
1795 204 0
205 1795 1
1795 205 0
206 1795 1
1795 206 0
207 1795 1
1795 207 0
208 1795 1
1795 208 0
209 1795 1
1795 209 0
210 1795 1
1795 210 0
211 1795 1
1795 211 0
212 1795 1
1795 212 0
213 1795 1
1795 213 0
214 1795 1
1795 214 0
215 1795 1
1795 215 0
216 1795 1
1795 216 0
217 1795 1
1795 217 0
218 1795 1
1795 218 0
219 1795 1
1795 219 0
220 1795 1
1795 220 0
221 1795 1
1795 221 0
222 1795 1
1795 222 0
223 1795 1
1795 223 0
224 1795 1
1795 224 0
225 1795 1
1795 225 0
226 1795 1
1795 226 0
227 1795 1
1795 227 0
228 1795 1
1795 228 0
229 1795 1
1795 229 0
230 1795 1
1795 230 0
231 1795 1
1795 231 0
232 1795 1
1795 232 0
233 1795 1
1795 233 0
234 1795 1
1795 234 0
235 1795 1
1795 235 0
236 1795 1
1795 236 0
237 1795 1
1795 237 0
238 1795 1
1795 238 0
239 1795 1
1795 239 0
240 1795 1
1795 240 0
241 1795 1
1795 241 0
242 1795 1
1795 242 0
243 1795 1
1795 243 0
244 1795 1
1795 244 0
245 1795 1
1795 245 0
246 1795 1
1795 246 0
247 1795 1
1795 247 0
248 1795 1
1795 248 0
249 1795 1
1795 249 0
250 1795 1
1795 250 0
251 1795 1
1795 251 0
252 1795 1
1795 252 0
253 1795 1
1795 253 0
254 1795 1
1795 254 0
255 1795 1
1795 255 0
256 1795 1
1795 256 0
257 1795 1
1795 257 0
258 1795 1
1795 258 0
259 1795 1
1795 259 0
260 1795 1
1795 260 0
261 1795 1
1795 261 0
262 1795 1
1795 262 0
263 1795 1
1795 263 0
264 1795 1
1795 264 0
265 1795 1
1795 265 0
266 1795 1
1795 266 0
267 1795 1
1795 267 0
268 1795 1
1795 268 0
269 1795 1
1795 269 0
270 1795 1
1795 270 0
271 1795 1
1795 271 0
272 1795 1
1795 272 0
273 1795 1
1795 273 0
274 1795 1
1795 274 0
275 1795 1
1795 275 0
276 1795 1
1795 276 0
277 1795 1
1795 277 0
278 1795 1
1795 278 0
279 1795 1
1795 279 0
280 1795 1
1795 280 0
281 1795 1
1795 281 0
282 1795 1
1795 282 0
283 1795 1
1795 283 0
284 1795 1
1795 284 0
285 1795 1
1795 285 0
286 1795 1
1795 286 0
287 1795 1
1795 287 0
288 1795 1
1795 288 0
289 1795 1
1795 289 0
290 1795 1
1795 290 0
291 1795 1
1795 291 0
292 1795 1
1795 292 0
293 1795 1
1795 293 0
294 1795 1
1795 294 0
295 1795 1
1795 295 0
296 1795 1
1795 296 0
297 1795 1
1795 297 0
298 1795 1
1795 298 0
299 1795 1
1795 299 0
300 1795 1
1795 300 0
301 1795 1
1795 301 0
302 1795 1
1795 302 0
303 1795 1
1795 303 0
304 1795 1
1795 304 0
305 1795 1
1795 305 0
306 1795 1
1795 306 0
307 1795 1
1795 307 0
308 1795 1
1795 308 0
309 1795 1
1795 309 0
310 1795 1
1795 310 0
311 1795 1
1795 311 0
312 1795 1
1795 312 0
313 1795 1
1795 313 0
314 1795 1
1795 314 0
315 1795 1
1795 315 0
316 1795 1
1795 316 0
317 1795 1
1795 317 0
318 1795 1
1795 318 0
319 1795 1
1795 319 0
320 1795 1
1795 320 0
321 1795 1
1795 321 0
322 1795 1
1795 322 0
323 1795 1
1795 323 0
324 1795 1
1795 324 0
325 1795 1
1795 325 0
326 1795 1
1795 326 0
327 1795 1
1795 327 0
328 1795 1
1795 328 0
329 1795 1
1795 329 0
330 1795 1
1795 330 0
331 1795 1
1795 331 0
332 1795 1
1795 332 0
333 1795 1
1795 333 0
334 1795 1
1795 334 0
335 1795 1
1795 335 0
336 1795 1
1795 336 0
337 1795 1
1795 337 0
338 1795 1
1795 338 0
339 1795 1
1795 339 0
340 1795 1
1795 340 0
341 1795 1
1795 341 0
342 1795 1
1795 342 0
343 1795 1
1795 343 0
344 1795 1
1795 344 0
345 1795 1
1795 345 0
346 1795 1
1795 346 0
347 1795 1
1795 347 0
348 1795 1
1795 348 0
349 1795 1
1795 349 0
350 1795 1
1795 350 0
351 1795 1
1795 351 0
352 1795 1
1795 352 0
353 1795 1
1795 353 0
354 1795 1
1795 354 0
355 1795 1
1795 355 0
356 1795 1
1795 356 0
357 1795 1
1795 357 0
358 1795 1
1795 358 0
359 1795 1
1795 359 0
360 1795 1
1795 360 0
361 1795 1
1795 361 0
362 1795 1
1795 362 0
363 1795 1
1795 363 0
364 1795 1
1795 364 0
365 1795 1
1795 365 0
366 1795 1
1795 366 0
367 1795 1
1795 367 0
368 1795 1
1795 368 0
369 1795 1
1795 369 0
370 1795 1
1795 370 0
371 1795 1
1795 371 0
372 1795 1
1795 372 0
373 1795 1
1795 373 0
374 1795 1
1795 374 0
375 1795 1
1795 375 0
376 1795 1
1795 376 0
377 1795 1
1795 377 0
378 1795 1
1795 378 0
379 1795 1
1795 379 0
380 1795 1
1795 380 0
381 1795 1
1795 381 0
382 1795 1
1795 382 0
383 1795 1
1795 383 0
384 1795 1
1795 384 0
385 1795 1
1795 385 0
386 1795 1
1795 386 0
387 1795 1
1795 387 0
388 1795 1
1795 388 0
389 1795 1
1795 389 0
390 1795 1
1795 390 0
391 1795 1
1795 391 0
392 1795 1
1795 392 0
393 1795 1
1795 393 0
394 1795 1
1795 394 0
395 1795 1
1795 395 0
396 1795 1
1795 396 0
397 1795 1
1795 397 0
398 1795 1
1795 398 0
399 1795 1
1795 399 0
400 1795 1
1795 400 0
401 1795 1
1795 401 0
402 1795 1
1795 402 0
403 1795 1
1795 403 0
404 1795 1
1795 404 0
405 1795 1
1795 405 0
406 1795 1
1795 406 0
407 1795 1
1795 407 0
408 1795 1
1795 408 0
409 1795 1
1795 409 0
410 1795 1
1795 410 0
411 1795 1
1795 411 0
412 1795 1
1795 412 0
413 1795 1
1795 413 0
414 1795 1
1795 414 0
415 1795 1
1795 415 0
416 1795 1
1795 416 0
417 1795 1
1795 417 0
418 1795 1
1795 418 0
419 1795 1
1795 419 0
420 1795 1
1795 420 0
421 1795 1
1795 421 0
422 1795 1
1795 422 0
423 1795 1
1795 423 0
424 1795 1
1795 424 0
425 1795 1
1795 425 0
426 1795 1
1795 426 0
427 1795 1
1795 427 0
428 1795 1
1795 428 0
429 1795 1
1795 429 0
430 1795 1
1795 430 0
431 1795 1
1795 431 0
432 1795 1
1795 432 0
433 1795 1
1795 433 0
434 1795 1
1795 434 0
435 1795 1
1795 435 0
436 1795 1
1795 436 0
437 1795 1
1795 437 0
438 1795 1
1795 438 0
439 1795 1
1795 439 0
440 1795 1
1795 440 0
441 1795 1
1795 441 0
442 1795 1
1795 442 0
443 1795 1
1795 443 0
444 1795 1
1795 444 0
445 1795 1
1795 445 0
446 1795 1
1795 446 0
447 1795 1
1795 447 0
448 1795 1
1795 448 0
449 1795 1
1795 449 0
450 1795 1
1795 450 0
451 1795 1
1795 451 0
452 1795 1
1795 452 0
453 1795 1
1795 453 0
454 1795 1
1795 454 0
455 1795 1
1795 455 0
456 1795 1
1795 456 0
457 1795 1
1795 457 0
458 1795 1
1795 458 0
459 1795 1
1795 459 0
460 1795 1
1795 460 0
461 1795 1
1795 461 0
462 1795 1
1795 462 0
463 1795 1
1795 463 0
464 1795 1
1795 464 0
465 1795 1
1795 465 0
466 1795 1
1795 466 0
467 1795 1
1795 467 0
468 1795 1
1795 468 0
469 1795 1
1795 469 0
470 1795 1
1795 470 0
471 1795 1
1795 471 0
472 1795 1
1795 472 0
473 1795 1
1795 473 0
474 1795 1
1795 474 0
475 1795 1
1795 475 0
476 1795 1
1795 476 0
477 1795 1
1795 477 0
478 1795 1
1795 478 0
479 1795 1
1795 479 0
480 1795 1
1795 480 0
481 1795 1
1795 481 0
482 1795 1
1795 482 0
483 1795 1
1795 483 0
484 1795 1
1795 484 0
485 1795 1
1795 485 0
486 1795 1
1795 486 0
487 1795 1
1795 487 0
488 1795 1
1795 488 0
489 1795 1
1795 489 0
490 1795 1
1795 490 0
491 1795 1
1795 491 0
492 1795 1
1795 492 0
493 1795 1
1795 493 0
494 1795 1
1795 494 0
495 1795 1
1795 495 0
496 1795 1
1795 496 0
497 1795 1
1795 497 0
498 1795 1
1795 498 0
499 1795 1
1795 499 0
500 1795 1
1795 500 0
501 1795 1
1795 501 0
502 1795 1
1795 502 0
503 1795 1
1795 503 0
504 1795 1
1795 504 0
505 1795 1
1795 505 0
506 1795 1
1795 506 0
507 1795 1
1795 507 0
508 1795 1
1795 508 0
509 1795 1
1795 509 0
510 1795 1
1795 510 0
511 1795 1
1795 511 0
512 1795 1
1795 512 0
513 1795 1
1795 513 0
514 1795 1
1795 514 0
515 1795 1
1795 515 0
516 1795 1
1795 516 0
517 1795 1
1795 517 0
518 1795 1
1795 518 0
519 1795 1
1795 519 0
520 1795 1
1795 520 0
521 1795 1
1795 521 0
522 1795 1
1795 522 0
523 1795 1
1795 523 0
524 1795 1
1795 524 0
525 1795 1
1795 525 0
526 1795 1
1795 526 0
527 1795 1
1795 527 0
528 1795 1
1795 528 0
529 1795 1
1795 529 0
530 1795 1
1795 530 0
531 1795 1
1795 531 0
532 1795 1
1795 532 0
533 1795 1
1795 533 0
534 1795 1
1795 534 0
535 1795 1
1795 535 0
536 1795 1
1795 536 0
537 1795 1
1795 537 0
538 1795 1
1795 538 0
539 1795 1
1795 539 0
540 1795 1
1795 540 0
541 1795 1
1795 541 0
542 1795 1
1795 542 0
543 1795 1
1795 543 0
544 1795 1
1795 544 0
545 1795 1
1795 545 0
546 1795 1
1795 546 0
547 1795 1
1795 547 0
548 1795 1
1795 548 0
549 1795 1
1795 549 0
550 1795 1
1795 550 0
551 1795 1
1795 551 0
552 1795 1
1795 552 0
553 1795 1
1795 553 0
554 1795 1
1795 554 0
555 1795 1
1795 555 0
556 1795 1
1795 556 0
557 1795 1
1795 557 0
558 1795 1
1795 558 0
559 1795 1
1795 559 0
560 1795 1
1795 560 0
561 1795 1
1795 561 0
562 1795 1
1795 562 0
563 1795 1
1795 563 0
564 1795 1
1795 564 0
565 1795 1
1795 565 0
566 1795 1
1795 566 0
567 1795 1
1795 567 0
568 1795 1
1795 568 0
569 1795 1
1795 569 0
570 1795 1
1795 570 0
571 1795 1
1795 571 0
572 1795 1
1795 572 0
573 1795 1
1795 573 0
574 1795 1
1795 574 0
575 1795 1
1795 575 0
576 1795 1
1795 576 0
577 1795 1
1795 577 0
578 1795 1
1795 578 0
579 1795 1
1795 579 0
580 1795 1
1795 580 0
581 1795 1
1795 581 0
582 1795 1
1795 582 0
583 1795 1
1795 583 0
584 1795 1
1795 584 0
585 1795 1
1795 585 0
586 1795 1
1795 586 0
587 1795 1
1795 587 0
588 1795 1
1795 588 0
589 1795 1
1795 589 0
590 1795 1
1795 590 0
591 1795 1
1795 591 0
592 1795 1
1795 592 0
593 1795 1
1795 593 0
594 1795 1
1795 594 0
595 1795 1
1795 595 0
596 1795 1
1795 596 0
597 1795 1
1795 597 0
598 1795 1
1795 598 0
599 1795 1
1795 599 0
600 1795 1
1795 600 0
601 1795 1
1795 601 0
602 1795 1
1795 602 0
603 1795 1
1795 603 0
604 1795 1
1795 604 0
605 1795 1
1795 605 0
606 1795 1
1795 606 0
607 1795 1
1795 607 0
608 1795 1
1795 608 0
609 1795 1
1795 609 0
610 1795 1
1795 610 0
611 1795 1
1795 611 0
612 1795 1
1795 612 0
613 1795 1
1795 613 0
614 1795 1
1795 614 0
615 1795 1
1795 615 0
616 1795 1
1795 616 0
617 1795 1
1795 617 0
618 1795 1
1795 618 0
619 1795 1
1795 619 0
620 1795 1
1795 620 0
621 1795 1
1795 621 0
622 1795 1
1795 622 0
623 1795 1
1795 623 0
624 1795 1
1795 624 0
625 1795 1
1795 625 0
626 1795 1
1795 626 0
627 1795 1
1795 627 0
628 1795 1
1795 628 0
629 1795 1
1795 629 0
630 1795 1
1795 630 0
631 1795 1
1795 631 0
632 1795 1
1795 632 0
633 1795 1
1795 633 0
634 1795 1
1795 634 0
635 1795 1
1795 635 0
636 1795 1
1795 636 0
637 1795 1
1795 637 0
638 1795 1
1795 638 0
639 1795 1
1795 639 0
640 1795 1
1795 640 0
641 1795 1
1795 641 0
642 1795 1
1795 642 0
643 1795 1
1795 643 0
644 1795 1
1795 644 0
645 1795 1
1795 645 0
646 1795 1
1795 646 0
647 1795 1
1795 647 0
648 1795 1
1795 648 0
649 1795 1
1795 649 0
650 1795 1
1795 650 0
651 1795 1
1795 651 0
652 1795 1
1795 652 0
653 1795 1
1795 653 0
654 1795 1
1795 654 0
655 1795 1
1795 655 0
656 1795 1
1795 656 0
657 1795 1
1795 657 0
658 1795 1
1795 658 0
659 1795 1
1795 659 0
660 1795 1
1795 660 0
661 1795 1
1795 661 0
662 1795 1
1795 662 0
663 1795 1
1795 663 0
664 1795 1
1795 664 0
665 1795 1
1795 665 0
666 1795 1
1795 666 0
667 1795 1
1795 667 0
668 1795 1
1795 668 0
669 1795 1
1795 669 0
670 1795 1
1795 670 0
671 1795 1
1795 671 0
672 1795 1
1795 672 0
673 1795 1
1795 673 0
674 1795 1
1795 674 0
675 1795 1
1795 675 0
676 1795 1
1795 676 0
677 1795 1
1795 677 0
678 1795 1
1795 678 0
679 1795 1
1795 679 0
680 1795 1
1795 680 0
681 1795 1
1795 681 0
682 1795 1
1795 682 0
683 1795 1
1795 683 0
684 1795 1
1795 684 0
685 1795 1
1795 685 0
686 1795 1
1795 686 0
687 1795 1
1795 687 0
688 1795 1
1795 688 0
689 1795 1
1795 689 0
690 1795 1
1795 690 0
691 1795 1
1795 691 0
692 1795 1
1795 692 0
693 1795 1
1795 693 0
694 1795 1
1795 694 0
695 1795 1
1795 695 0
696 1795 1
1795 696 0
697 1795 1
1795 697 0
698 1795 1
1795 698 0
699 1795 1
1795 699 0
700 1795 1
1795 700 0
701 1795 1
1795 701 0
702 1795 1
1795 702 0
703 1795 1
1795 703 0
704 1795 1
1795 704 0
705 1795 1
1795 705 0
706 1795 1
1795 706 0
707 1795 1
1795 707 0
708 1795 1
1795 708 0
709 1795 1
1795 709 0
710 1795 1
1795 710 0
711 1795 1
1795 711 0
712 1795 1
1795 712 0
713 1795 1
1795 713 0
714 1795 1
1795 714 0
715 1795 1
1795 715 0
716 1795 1
1795 716 0
717 1795 1
1795 717 0
718 1795 1
1795 718 0
719 1795 1
1795 719 0
720 1795 1
1795 720 0
721 1795 1
1795 721 0
722 1795 1
1795 722 0
723 1795 1
1795 723 0
724 1795 1
1795 724 0
725 1795 1
1795 725 0
726 1795 1
1795 726 0
727 1795 1
1795 727 0
728 1795 1
1795 728 0
729 1795 1
1795 729 0
730 1795 1
1795 730 0
731 1795 1
1795 731 0
732 1795 1
1795 732 0
733 1795 1
1795 733 0
734 1795 1
1795 734 0
735 1795 1
1795 735 0
736 1795 1
1795 736 0
737 1795 1
1795 737 0
738 1795 1
1795 738 0
739 1795 1
1795 739 0
740 1795 1
1795 740 0
741 1795 1
1795 741 0
742 1795 1
1795 742 0
743 1795 1
1795 743 0
744 1795 1
1795 744 0
745 1795 1
1795 745 0
746 1795 1
1795 746 0
747 1795 1
1795 747 0
748 1795 1
1795 748 0
749 1795 1
1795 749 0
750 1795 1
1795 750 0
751 1795 1
1795 751 0
752 1795 1
1795 752 0
753 1795 1
1795 753 0
754 1795 1
1795 754 0
755 1795 1
1795 755 0
756 1795 1
1795 756 0
757 1795 1
1795 757 0
758 1795 1
1795 758 0
759 1795 1
1795 759 0
760 1795 1
1795 760 0
761 1795 1
1795 761 0
762 1795 1
1795 762 0
763 1795 1
1795 763 0
764 1795 1
1795 764 0
765 1795 1
1795 765 0
766 1795 1
1795 766 0
767 1795 1
1795 767 0
768 1795 1
1795 768 0
769 1795 1
1795 769 0
770 1795 1
1795 770 0
771 1795 1
1795 771 0
772 1795 1
1795 772 0
773 1795 1
1795 773 0
774 1795 1
1795 774 0
775 1795 1
1795 775 0
776 1795 1
1795 776 0
777 1795 1
1795 777 0
778 1795 1
1795 778 0
779 1795 1
1795 779 0
780 1795 1
1795 780 0
781 1795 1
1795 781 0
782 1795 1
1795 782 0
783 1795 1
1795 783 0
784 1795 1
1795 784 0
785 1795 1
1795 785 0
786 1795 1
1795 786 0
787 1795 1
1795 787 0
788 1795 1
1795 788 0
789 1795 1
1795 789 0
790 1795 1
1795 790 0
791 1795 1
1795 791 0
792 1795 1
1795 792 0
793 1795 1
1795 793 0
794 1795 1
1795 794 0
795 1795 1
1795 795 0
796 1795 1
1795 796 0
797 1795 1
1795 797 0
798 1795 1
1795 798 0
799 1795 1
1795 799 0
800 1795 1
1795 800 0
801 1795 1
1795 801 0
802 1795 1
1795 802 0
803 1795 1
1795 803 0
804 1795 1
1795 804 0
805 1795 1
1795 805 0
806 1795 1
1795 806 0
807 1795 1
1795 807 0
808 1795 1
1795 808 0
809 1795 1
1795 809 0
810 1795 1
1795 810 0
811 1795 1
1795 811 0
812 1795 1
1795 812 0
813 1795 1
1795 813 0
814 1795 1
1795 814 0
815 1795 1
1795 815 0
816 1795 1
1795 816 0
817 1795 1
1795 817 0
818 1795 1
1795 818 0
819 1795 1
1795 819 0
820 1795 1
1795 820 0
821 1795 1
1795 821 0
822 1795 1
1795 822 0
823 1795 1
1795 823 0
824 1795 1
1795 824 0
825 1795 1
1795 825 0
826 1795 1
1795 826 0
827 1795 1
1795 827 0
828 1795 1
1795 828 0
829 1795 1
1795 829 0
830 1795 1
1795 830 0
831 1795 1
1795 831 0
832 1795 1
1795 832 0
833 1795 1
1795 833 0
834 1795 1
1795 834 0
835 1795 1
1795 835 0
836 1795 1
1795 836 0
837 1795 1
1795 837 0
838 1795 1
1795 838 0
839 1795 1
1795 839 0
840 1795 1
1795 840 0
841 1795 1
1795 841 0
842 1795 1
1795 842 0
843 1795 1
1795 843 0
844 1795 1
1795 844 0
845 1795 1
1795 845 0
846 1795 1
1795 846 0
847 1795 1
1795 847 0
848 1795 1
1795 848 0
849 1795 1
1795 849 0
850 1795 1
1795 850 0
851 1795 1
1795 851 0
852 1795 1
1795 852 0
853 1795 1
1795 853 0
854 1795 1
1795 854 0
855 1795 1
1795 855 0
856 1795 1
1795 856 0
857 1795 1
1795 857 0
858 1795 1
1795 858 0
859 1795 1
1795 859 0
860 1795 1
1795 860 0
861 1795 1
1795 861 0
862 1795 1
1795 862 0
863 1795 1
1795 863 0
864 1795 1
1795 864 0
865 1795 1
1795 865 0
866 1795 1
1795 866 0
867 1795 1
1795 867 0
868 1795 1
1795 868 0
869 1795 1
1795 869 0
870 1795 1
1795 870 0
871 1795 1
1795 871 0
872 1795 1
1795 872 0
873 1795 1
1795 873 0
874 1795 1
1795 874 0
875 1795 1
1795 875 0
876 1795 1
1795 876 0
877 1795 1
1795 877 0
878 1795 1
1795 878 0
879 1795 1
1795 879 0
880 1795 1
1795 880 0
881 1795 1
1795 881 0
882 1795 1
1795 882 0
883 1795 1
1795 883 0
884 1795 1
1795 884 0
885 1795 1
1795 885 0
886 1795 1
1795 886 0
887 1795 1
1795 887 0
888 1795 1
1795 888 0
889 1795 1
1795 889 0
890 1795 1
1795 890 0
891 1795 1
1795 891 0
892 1795 1
1795 892 0
893 1795 1
1795 893 0
894 1795 1
1795 894 0
895 1795 1
1795 895 0
896 1795 1
1795 896 0
897 1795 1
1795 897 0
898 1795 1
1795 898 0
899 1795 1
1795 899 0
900 1795 1
1795 900 0
901 1795 1
1795 901 0
902 1795 1
1795 902 0
903 1795 1
1795 903 0
904 1795 1
1795 904 0
905 1795 1
1795 905 0
906 1795 1
1795 906 0
907 1795 1
1795 907 0
908 1795 1
1795 908 0
909 1795 1
1795 909 0
910 1795 1
1795 910 0
911 1795 1
1795 911 0
912 1795 1
1795 912 0
913 1795 1
1795 913 0
914 1795 1
1795 914 0
915 1795 1
1795 915 0
916 1795 1
1795 916 0
917 1795 1
1795 917 0
918 1795 1
1795 918 0
919 1795 1
1795 919 0
920 1795 1
1795 920 0
921 1795 1
1795 921 0
922 1795 1
1795 922 0
923 1795 1
1795 923 0
924 1795 1
1795 924 0
925 1795 1
1795 925 0
926 1795 1
1795 926 0
927 1795 1
1795 927 0
928 1795 1
1795 928 0
929 1795 1
1795 929 0
930 1795 1
1795 930 0
931 1795 1
1795 931 0
932 1795 1
1795 932 0
933 1795 1
1795 933 0
934 1795 1
1795 934 0
935 1795 1
1795 935 0
936 1795 1
1795 936 0
937 1795 1
1795 937 0
938 1795 1
1795 938 0
939 1795 1
1795 939 0
940 1795 1
1795 940 0
941 1795 1
1795 941 0
942 1795 1
1795 942 0
943 1795 1
1795 943 0
944 1795 1
1795 944 0
945 1795 1
1795 945 0
946 1795 1
1795 946 0
947 1795 1
1795 947 0
948 1795 1
1795 948 0
949 1795 1
1795 949 0
950 1795 1
1795 950 0
951 1795 1
1795 951 0
952 1795 1
1795 952 0
953 1795 1
1795 953 0
954 1795 1
1795 954 0
955 1795 1
1795 955 0
956 1795 1
1795 956 0
957 1795 1
1795 957 0
958 1795 1
1795 958 0
959 1795 1
1795 959 0
960 1795 1
1795 960 0
961 1795 1
1795 961 0
962 1795 1
1795 962 0
963 1795 1
1795 963 0
964 1795 1
1795 964 0
965 1795 1
1795 965 0
966 1795 1
1795 966 0
967 1795 1
1795 967 0
968 1795 1
1795 968 0
969 1795 1
1795 969 0
970 1795 1
1795 970 0
971 1795 1
1795 971 0
972 1795 1
1795 972 0
973 1795 1
1795 973 0
974 1795 1
1795 974 0
975 1795 1
1795 975 0
976 1795 1
1795 976 0
977 1795 1
1795 977 0
978 1795 1
1795 978 0
979 1795 1
1795 979 0
980 1795 1
1795 980 0
981 1795 1
1795 981 0
982 1795 1
1795 982 0
983 1795 1
1795 983 0
984 1795 1
1795 984 0
985 1795 1
1795 985 0
986 1795 1
1795 986 0
987 1795 1
1795 987 0
988 1795 1
1795 988 0
989 1795 1
1795 989 0
990 1795 1
1795 990 0
991 1795 1
1795 991 0
992 1795 1
1795 992 0
993 1795 1
1795 993 0
994 1795 1
1795 994 0
995 1795 1
1795 995 0
996 1795 1
1795 996 0
997 1795 1
1795 997 0
998 1795 1
1795 998 0
999 1795 1
1795 999 0
1000 1795 1
1795 1000 0
1001 1795 1
1795 1001 0
1002 1795 1
1795 1002 0
1003 1795 1
1795 1003 0
1004 1795 1
1795 1004 0
1005 1795 1
1795 1005 0
1006 1795 1
1795 1006 0
1007 1795 1
1795 1007 0
1008 1795 1
1795 1008 0
1009 1795 1
1795 1009 0
1010 1795 1
1795 1010 0
1011 1795 1
1795 1011 0
1012 1795 1
1795 1012 0
1013 1795 1
1795 1013 0
1014 1795 1
1795 1014 0
1015 1795 1
1795 1015 0
1016 1795 1
1795 1016 0
1017 1795 1
1795 1017 0
1018 1795 1
1795 1018 0
1019 1795 1
1795 1019 0
1020 1795 1
1795 1020 0
1021 1795 1
1795 1021 0
1022 1795 1
1795 1022 0
1023 1795 1
1795 1023 0
1024 1795 1
1795 1024 0
1025 1795 1
1795 1025 0
1026 1795 1
1795 1026 0
1027 1795 1
1795 1027 0
1028 1795 1
1795 1028 0
1029 1795 1
1795 1029 0
1030 1795 1
1795 1030 0
1031 1795 1
1795 1031 0
1032 1795 1
1795 1032 0
1033 1795 1
1795 1033 0
1034 1795 1
1795 1034 0
1035 1795 1
1795 1035 0
1036 1795 1
1795 1036 0
1037 1795 1
1795 1037 0
1038 1795 1
1795 1038 0
1039 1795 1
1795 1039 0
1040 1795 1
1795 1040 0
1041 1795 1
1795 1041 0
1042 1795 1
1795 1042 0
1043 1795 1
1795 1043 0
1044 1795 1
1795 1044 0
1045 1795 1
1795 1045 0
1046 1795 1
1795 1046 0
1047 1795 1
1795 1047 0
1048 1795 1
1795 1048 0
1049 1795 1
1795 1049 0
1050 1795 1
1795 1050 0
1051 1795 1
1795 1051 0
1052 1795 1
1795 1052 0
1053 1795 1
1795 1053 0
1054 1795 1
1795 1054 0
1055 1795 1
1795 1055 0
1056 1795 1
1795 1056 0
1057 1795 1
1795 1057 0
1058 1795 1
1795 1058 0
1059 1795 1
1795 1059 0
1060 1795 1
1795 1060 0
1061 1795 1
1795 1061 0
1062 1795 1
1795 1062 0
1063 1795 1
1795 1063 0
1064 1795 1
1795 1064 0
1065 1795 1
1795 1065 0
1066 1795 1
1795 1066 0
1067 1795 1
1795 1067 0
1068 1795 1
1795 1068 0
1069 1795 1
1795 1069 0
1070 1795 1
1795 1070 0
1071 1795 1
1795 1071 0
1072 1795 1
1795 1072 0
1073 1795 1
1795 1073 0
1074 1795 1
1795 1074 0
1075 1795 1
1795 1075 0
1076 1795 1
1795 1076 0
1077 1795 1
1795 1077 0
1078 1795 1
1795 1078 0
1079 1795 1
1795 1079 0
1080 1795 1
1795 1080 0
1081 1795 1
1795 1081 0
1082 1795 1
1795 1082 0
1083 1795 1
1795 1083 0
1084 1795 1
1795 1084 0
1085 1795 1
1795 1085 0
1086 1795 1
1795 1086 0
1087 1795 1
1795 1087 0
1088 1795 1
1795 1088 0
1089 1795 1
1795 1089 0
1090 1795 1
1795 1090 0
1091 1795 1
1795 1091 0
1092 1795 1
1795 1092 0
1093 1795 1
1795 1093 0
1094 1795 1
1795 1094 0
1095 1795 1
1795 1095 0
1096 1795 1
1795 1096 0
1097 1795 1
1795 1097 0
1098 1795 1
1795 1098 0
1099 1795 1
1795 1099 0
1100 1795 1
1795 1100 0
1101 1795 1
1795 1101 0
1102 1795 1
1795 1102 0
1103 1795 1
1795 1103 0
1104 1795 1
1795 1104 0
1105 1795 1
1795 1105 0
1106 1795 1
1795 1106 0
1107 1795 1
1795 1107 0
1108 1795 1
1795 1108 0
1109 1795 1
1795 1109 0
1110 1795 1
1795 1110 0
1111 1795 1
1795 1111 0
1112 1795 1
1795 1112 0
1113 1795 1
1795 1113 0
1114 1795 1
1795 1114 0
1115 1795 1
1795 1115 0
1116 1795 1
1795 1116 0
1117 1795 1
1795 1117 0
1118 1795 1
1795 1118 0
1119 1795 1
1795 1119 0
1120 1795 1
1795 1120 0
1121 1795 1
1795 1121 0
1122 1795 1
1795 1122 0
1123 1795 1
1795 1123 0
1124 1795 1
1795 1124 0
1125 1795 1
1795 1125 0
1126 1795 1
1795 1126 0
1127 1795 1
1795 1127 0
1128 1795 1
1795 1128 0
1129 1795 1
1795 1129 0
1130 1795 1
1795 1130 0
1131 1795 1
1795 1131 0
1132 1795 1
1795 1132 0
1133 1795 1
1795 1133 0
1134 1795 1
1795 1134 0
1135 1795 1
1795 1135 0
1136 1795 1
1795 1136 0
1137 1795 1
1795 1137 0
1138 1795 1
1795 1138 0
1139 1795 1
1795 1139 0
1140 1795 1
1795 1140 0
1141 1795 1
1795 1141 0
1142 1795 1
1795 1142 0
1143 1795 1
1795 1143 0
1144 1795 1
1795 1144 0
1145 1795 1
1795 1145 0
1146 1795 1
1795 1146 0
1147 1795 1
1795 1147 0
1148 1795 1
1795 1148 0
1149 1795 1
1795 1149 0
1150 1795 1
1795 1150 0
1151 1795 1
1795 1151 0
1152 1795 1
1795 1152 0
1153 1795 1
1795 1153 0
1154 1795 1
1795 1154 0
1155 1795 1
1795 1155 0
1156 1795 1
1795 1156 0
1157 1795 1
1795 1157 0
1158 1795 1
1795 1158 0
1159 1795 1
1795 1159 0
1160 1795 1
1795 1160 0
1161 1795 1
1795 1161 0
1162 1795 1
1795 1162 0
1163 1795 1
1795 1163 0
1164 1795 1
1795 1164 0
1165 1795 1
1795 1165 0
1166 1795 1
1795 1166 0
1167 1795 1
1795 1167 0
1168 1795 1
1795 1168 0
1169 1795 1
1795 1169 0
1170 1795 1
1795 1170 0
1171 1795 1
1795 1171 0
1172 1795 1
1795 1172 0
1173 1795 1
1795 1173 0
1174 1795 1
1795 1174 0
1175 1795 1
1795 1175 0
1176 1795 1
1795 1176 0
1177 1795 1
1795 1177 0
1178 1795 1
1795 1178 0
1179 1795 1
1795 1179 0
1180 1795 1
1795 1180 0
1181 1795 1
1795 1181 0
1182 1795 1
1795 1182 0
1183 1795 1
1795 1183 0
1184 1795 1
1795 1184 0
1185 1795 1
1795 1185 0
1186 1795 1
1795 1186 0
1187 1795 1
1795 1187 0
1188 1795 1
1795 1188 0
1189 1795 1
1795 1189 0
1190 1795 1
1795 1190 0
1191 1795 1
1795 1191 0
1192 1795 1
1795 1192 0
1193 1795 1
1795 1193 0
1194 1795 1
1795 1194 0
1195 1795 1
1795 1195 0
1196 1795 1
1795 1196 0
1197 1795 1
1795 1197 0
1198 1795 1
1795 1198 0
1199 1795 1
1795 1199 0
1200 1795 1
1795 1200 0
1201 1795 1
1795 1201 0
1202 1795 1
1795 1202 0
1203 1795 1
1795 1203 0
1204 1795 1
1795 1204 0
1205 1795 1
1795 1205 0
1206 1795 1
1795 1206 0
1207 1795 1
1795 1207 0
1208 1795 1
1795 1208 0
1209 1795 1
1795 1209 0
1210 1795 1
1795 1210 0
1211 1795 1
1795 1211 0
1212 1795 1
1795 1212 0
1213 1795 1
1795 1213 0
1214 1795 1
1795 1214 0
1215 1795 1
1795 1215 0
1216 1795 1
1795 1216 0
1217 1795 1
1795 1217 0
1218 1795 1
1795 1218 0
1219 1795 1
1795 1219 0
1220 1795 1
1795 1220 0
1221 1795 1
1795 1221 0
1222 1795 1
1795 1222 0
1223 1795 1
1795 1223 0
1224 1795 1
1795 1224 0
1225 1795 1
1795 1225 0
1226 1795 1
1795 1226 0
1227 1795 1
1795 1227 0
1228 1795 1
1795 1228 0
1229 1795 1
1795 1229 0
1230 1795 1
1795 1230 0
1231 1795 1
1795 1231 0
1232 1795 1
1795 1232 0
1233 1795 1
1795 1233 0
1234 1795 1
1795 1234 0
1235 1795 1
1795 1235 0
1236 1795 21
1795 1236 0
1237 1795 21
1795 1237 0
1238 1795 21
1795 1238 0
1239 1795 21
1795 1239 0
1240 1795 21
1795 1240 0
1241 1795 21
1795 1241 0
1242 1795 21
1795 1242 0
1243 1795 21
1795 1243 0
1244 1795 21
1795 1244 0
1245 1795 21
1795 1245 0
1246 1795 21
1795 1246 0
1247 1795 21
1795 1247 0
1248 1795 21
1795 1248 0
1249 1795 21
1795 1249 0
1250 1795 21
1795 1250 0
1251 1795 21
1795 1251 0
1252 1795 21
1795 1252 0
1253 1795 21
1795 1253 0
1254 1795 21
1795 1254 0
1255 1795 21
1795 1255 0
1256 1795 21
1795 1256 0
1257 1795 21
1795 1257 0
1258 1795 21
1795 1258 0
1259 1795 21
1795 1259 0
1260 1795 21
1795 1260 0
1261 1795 21
1795 1261 0
1262 1795 21
1795 1262 0
1263 1795 21
1795 1263 0
1264 1795 21
1795 1264 0
1265 1795 21
1795 1265 0
1266 1795 21
1795 1266 0
1267 1795 21
1795 1267 0
1268 1795 21
1795 1268 0
1269 1795 21
1795 1269 0
1270 1795 21
1795 1270 0
1271 1795 21
1795 1271 0
1272 1795 21
1795 1272 0
1273 1795 21
1795 1273 0
1274 1795 21
1795 1274 0
1275 1795 21
1795 1275 0
1276 1795 21
1795 1276 0
1277 1795 21
1795 1277 0
1278 1795 21
1795 1278 0
1279 1795 21
1795 1279 0
1280 1795 21
1795 1280 0
1281 1795 21
1795 1281 0
1282 1795 21
1795 1282 0
1283 1795 21
1795 1283 0
1284 1795 21
1795 1284 0
1285 1795 21
1795 1285 0
1286 1795 21
1795 1286 0
1287 1795 21
1795 1287 0
1288 1795 21
1795 1288 0
1289 1795 21
1795 1289 0
1290 1795 21
1795 1290 0
1291 1795 21
1795 1291 0
1292 1795 21
1795 1292 0
1293 1795 21
1795 1293 0
1294 1795 21
1795 1294 0
1295 1795 21
1795 1295 0
1296 1795 21
1795 1296 0
1297 1795 21
1795 1297 0
1298 1795 21
1795 1298 0
1299 1795 21
1795 1299 0
1300 1795 21
1795 1300 0
1301 1795 21
1795 1301 0
1302 1795 21
1795 1302 0
1303 1795 21
1795 1303 0
1304 1795 21
1795 1304 0
1305 1795 21
1795 1305 0
1306 1795 21
1795 1306 0
1307 1795 21
1795 1307 0
1308 1795 21
1795 1308 0
1309 1795 21
1795 1309 0
1310 1795 21
1795 1310 0
1311 1795 21
1795 1311 0
1312 1795 21
1795 1312 0
1313 1795 21
1795 1313 0
1314 1795 21
1795 1314 0
1315 1795 21
1795 1315 0
1316 1795 21
1795 1316 0
1317 1795 21
1795 1317 0
1318 1795 21
1795 1318 0
1319 1795 21
1795 1319 0
1320 1795 21
1795 1320 0
1321 1795 21
1795 1321 0
1322 1795 21
1795 1322 0
1323 1795 21
1795 1323 0
1324 1795 21
1795 1324 0
1325 1795 21
1795 1325 0
1326 1795 21
1795 1326 0
1327 1795 21
1795 1327 0
1328 1795 21
1795 1328 0
1329 1795 21
1795 1329 0
1330 1795 21
1795 1330 0
1331 1795 21
1795 1331 0
1332 1795 21
1795 1332 0
1333 1795 21
1795 1333 0
1334 1795 21
1795 1334 0
1335 1795 21
1795 1335 0
1336 1795 21
1795 1336 0
1337 1795 21
1795 1337 0
1338 1795 21
1795 1338 0
1339 1795 21
1795 1339 0
1340 1795 21
1795 1340 0
1341 1795 21
1795 1341 0
1342 1795 21
1795 1342 0
1343 1795 21
1795 1343 0
1344 1795 21
1795 1344 0
1345 1795 21
1795 1345 0
1346 1795 21
1795 1346 0
1347 1795 21
1795 1347 0
1348 1795 21
1795 1348 0
1349 1795 21
1795 1349 0
1350 1795 21
1795 1350 0
1351 1795 21
1795 1351 0
1352 1795 21
1795 1352 0
1353 1795 21
1795 1353 0
1354 1795 21
1795 1354 0
1355 1795 21
1795 1355 0
1356 1795 21
1795 1356 0
1357 1795 21
1795 1357 0
1358 1795 21
1795 1358 0
1359 1795 21
1795 1359 0
1360 1795 21
1795 1360 0
1361 1795 21
1795 1361 0
1362 1795 21
1795 1362 0
1363 1795 21
1795 1363 0
1364 1795 21
1795 1364 0
1365 1795 21
1795 1365 0
1366 1795 21
1795 1366 0
1367 1795 21
1795 1367 0
1368 1795 21
1795 1368 0
1369 1795 21
1795 1369 0
1370 1795 21
1795 1370 0
1371 1795 21
1795 1371 0
1372 1795 21
1795 1372 0
1373 1795 21
1795 1373 0
1374 1795 21
1795 1374 0
1375 1795 21
1795 1375 0
1376 1795 21
1795 1376 0
1377 1795 21
1795 1377 0
1378 1795 21
1795 1378 0
1379 1795 21
1795 1379 0
1380 1795 21
1795 1380 0
1381 1795 21
1795 1381 0
1382 1795 21
1795 1382 0
1383 1795 21
1795 1383 0
1384 1795 21
1795 1384 0
1385 1795 21
1795 1385 0
1386 1795 21
1795 1386 0
1387 1795 21
1795 1387 0
1388 1795 21
1795 1388 0
1389 1795 21
1795 1389 0
1390 1795 21
1795 1390 0
1391 1795 21
1795 1391 0
1392 1795 21
1795 1392 0
1393 1795 21
1795 1393 0
1394 1795 21
1795 1394 0
1395 1795 21
1795 1395 0
1396 1795 21
1795 1396 0
1397 1795 21
1795 1397 0
1398 1795 21
1795 1398 0
1399 1795 21
1795 1399 0
1400 1795 21
1795 1400 0
1401 1795 21
1795 1401 0
1402 1795 21
1795 1402 0
1403 1795 21
1795 1403 0
1404 1795 21
1795 1404 0
1405 1795 21
1795 1405 0
1406 1795 21
1795 1406 0
1407 1795 21
1795 1407 0
1408 1795 21
1795 1408 0
1409 1795 21
1795 1409 0
1410 1795 21
1795 1410 0
1411 1795 21
1795 1411 0
1412 1795 21
1795 1412 0
1413 1795 21
1795 1413 0
1414 1795 21
1795 1414 0
1415 1795 21
1795 1415 0
1416 1795 21
1795 1416 0
1417 1795 21
1795 1417 0
1418 1795 21
1795 1418 0
1419 1795 21
1795 1419 0
1420 1795 21
1795 1420 0
1421 1795 21
1795 1421 0
1422 1795 21
1795 1422 0
1423 1795 21
1795 1423 0
1424 1795 21
1795 1424 0
1425 1795 21
1795 1425 0
1426 1795 21
1795 1426 0
1427 1795 21
1795 1427 0
1428 1795 21
1795 1428 0
1429 1795 21
1795 1429 0
1430 1795 21
1795 1430 0
1431 1795 21
1795 1431 0
1432 1795 21
1795 1432 0
1433 1795 21
1795 1433 0
1434 1795 21
1795 1434 0
1435 1795 21
1795 1435 0
1436 1795 21
1795 1436 0
1437 1795 21
1795 1437 0
1438 1795 21
1795 1438 0
1439 1795 21
1795 1439 0
1440 1795 21
1795 1440 0
1441 1795 21
1795 1441 0
1442 1795 21
1795 1442 0
1443 1795 21
1795 1443 0
1444 1795 21
1795 1444 0
1445 1795 21
1795 1445 0
1446 1795 21
1795 1446 0
1447 1795 21
1795 1447 0
1448 1795 21
1795 1448 0
1449 1795 21
1795 1449 0
1450 1795 21
1795 1450 0
1451 1795 21
1795 1451 0
1452 1795 21
1795 1452 0
1453 1795 21
1795 1453 0
1454 1795 21
1795 1454 0
1455 1795 21
1795 1455 0
1456 1795 21
1795 1456 0
1457 1795 21
1795 1457 0
1458 1795 21
1795 1458 0
1459 1795 21
1795 1459 0
1460 1795 21
1795 1460 0
1461 1795 21
1795 1461 0
1462 1795 21
1795 1462 0
1463 1795 21
1795 1463 0
1464 1795 21
1795 1464 0
1465 1795 21
1795 1465 0
1466 1795 21
1795 1466 0
1467 1795 21
1795 1467 0
1468 1795 21
1795 1468 0
1469 1795 21
1795 1469 0
1470 1795 21
1795 1470 0
1471 1795 21
1795 1471 0
1472 1795 21
1795 1472 0
1473 1795 21
1795 1473 0
1474 1795 21
1795 1474 0
1475 1795 21
1795 1475 0
1476 1795 21
1795 1476 0
1477 1795 21
1795 1477 0
1478 1795 21
1795 1478 0
1479 1795 21
1795 1479 0
1480 1795 21
1795 1480 0
1481 1795 21
1795 1481 0
1482 1795 21
1795 1482 0
1483 1795 21
1795 1483 0
1484 1795 21
1795 1484 0
1485 1795 21
1795 1485 0
1486 1795 21
1795 1486 0
1487 1795 21
1795 1487 0
1488 1795 21
1795 1488 0
1489 1795 21
1795 1489 0
1490 1795 21
1795 1490 0
1491 1795 21
1795 1491 0
1492 1795 21
1795 1492 0
1493 1795 21
1795 1493 0
1494 1795 21
1795 1494 0
1495 1795 21
1795 1495 0
1496 1795 21
1795 1496 0
1497 1795 21
1795 1497 0
1498 1795 21
1795 1498 0
1499 1795 21
1795 1499 0
1500 1795 21
1795 1500 0
1501 1795 21
1795 1501 0
1502 1795 21
1795 1502 0
1503 1795 21
1795 1503 0
1504 1795 21
1795 1504 0
1505 1795 21
1795 1505 0
1506 1795 21
1795 1506 0
1507 1795 21
1795 1507 0
1508 1795 21
1795 1508 0
1509 1795 21
1795 1509 0
1510 1795 21
1795 1510 0
1511 1795 21
1795 1511 0
1512 1795 21
1795 1512 0
1513 1795 21
1795 1513 0
1514 1795 21
1795 1514 0
1515 1795 21
1795 1515 0
1516 1795 21
1795 1516 0
1517 1795 21
1795 1517 0
1518 1795 21
1795 1518 0
1519 1795 21
1795 1519 0
1520 1795 21
1795 1520 0
1521 1795 21
1795 1521 0
1522 1795 21
1795 1522 0
1523 1795 21
1795 1523 0
1524 1795 21
1795 1524 0
1525 1795 21
1795 1525 0
1526 1795 21
1795 1526 0
1527 1795 21
1795 1527 0
1528 1795 21
1795 1528 0
1529 1795 21
1795 1529 0
1530 1795 21
1795 1530 0
1531 1795 21
1795 1531 0
1532 1795 21
1795 1532 0
1533 1795 21
1795 1533 0
1534 1795 21
1795 1534 0
1535 1795 21
1795 1535 0
1536 1795 21
1795 1536 0
1537 1795 21
1795 1537 0
1538 1795 21
1795 1538 0
1539 1795 21
1795 1539 0
1540 1795 21
1795 1540 0
1541 1795 21
1795 1541 0
1542 1795 21
1795 1542 0
1543 1795 21
1795 1543 0
1544 1795 21
1795 1544 0
1545 1795 21
1795 1545 0
1546 1795 21
1795 1546 0
1547 1795 21
1795 1547 0
1548 1795 21
1795 1548 0
1549 1795 21
1795 1549 0
1550 1795 21
1795 1550 0
1551 1795 21
1795 1551 0
1552 1795 21
1795 1552 0
1553 1795 21
1795 1553 0
1554 1795 21
1795 1554 0
1555 1795 21
1795 1555 0
1556 1795 21
1795 1556 0
1557 1795 21
1795 1557 0
1558 1795 21
1795 1558 0
1559 1795 21
1795 1559 0
1560 1795 21
1795 1560 0
1561 1795 21
1795 1561 0
1562 1795 21
1795 1562 0
1563 1795 21
1795 1563 0
1564 1795 21
1795 1564 0
1565 1795 21
1795 1565 0
1566 1795 21
1795 1566 0
1567 1795 21
1795 1567 0
1568 1795 21
1795 1568 0
1569 1795 21
1795 1569 0
1570 1795 21
1795 1570 0
1571 1795 21
1795 1571 0
1572 1795 21
1795 1572 0
1573 1795 21
1795 1573 0
1574 1795 21
1795 1574 0
1575 1795 21
1795 1575 0
1576 1795 21
1795 1576 0
1577 1795 21
1795 1577 0
1578 1795 21
1795 1578 0
1579 1795 21
1795 1579 0
1580 1795 21
1795 1580 0
1581 1795 21
1795 1581 0
1582 1795 21
1795 1582 0
1583 1795 21
1795 1583 0
1584 1795 21
1795 1584 0
1585 1795 21
1795 1585 0
1586 1795 21
1795 1586 0
1587 1795 21
1795 1587 0
1588 1795 21
1795 1588 0
1589 1795 21
1795 1589 0
1590 1795 21
1795 1590 0
1591 1795 21
1795 1591 0
1592 1795 21
1795 1592 0
1593 1795 21
1795 1593 0
1594 1795 21
1795 1594 0
1595 1795 21
1795 1595 0
1596 1795 21
1795 1596 0
1597 1795 21
1795 1597 0
1598 1795 21
1795 1598 0
1599 1795 21
1795 1599 0
1600 1795 21
1795 1600 0
1601 1795 21
1795 1601 0
1602 1795 21
1795 1602 0
1603 1795 21
1795 1603 0
1604 1795 21
1795 1604 0
1605 1795 21
1795 1605 0
1606 1795 21
1795 1606 0
1607 1795 21
1795 1607 0
1608 1795 21
1795 1608 0
1609 1795 21
1795 1609 0
1610 1795 21
1795 1610 0
1611 1795 21
1795 1611 0
1612 1795 21
1795 1612 0
1613 1795 21
1795 1613 0
1614 1795 21
1795 1614 0
1615 1795 21
1795 1615 0
1616 1795 21
1795 1616 0
1617 1795 21
1795 1617 0
1618 1795 21
1795 1618 0
1619 1795 21
1795 1619 0
1620 1795 21
1795 1620 0
1621 1795 21
1795 1621 0
1622 1795 21
1795 1622 0
1623 1795 21
1795 1623 0
1624 1795 21
1795 1624 0
1625 1795 21
1795 1625 0
1626 1795 21
1795 1626 0
1627 1795 21
1795 1627 0
1628 1795 21
1795 1628 0
1629 1795 21
1795 1629 0
1630 1795 21
1795 1630 0
1631 1795 21
1795 1631 0
1632 1795 21
1795 1632 0
1633 1795 21
1795 1633 0
1634 1795 21
1795 1634 0
1635 1795 21
1795 1635 0
1636 1795 21
1795 1636 0
1637 1795 21
1795 1637 0
1638 1795 21
1795 1638 0
1639 1795 21
1795 1639 0
1640 1795 21
1795 1640 0
1641 1795 21
1795 1641 0
1642 1795 21
1795 1642 0
1643 1795 21
1795 1643 0
1644 1795 21
1795 1644 0
1645 1795 21
1795 1645 0
1646 1795 21
1795 1646 0
1647 1795 21
1795 1647 0
1648 1795 21
1795 1648 0
1649 1795 21
1795 1649 0
1650 1795 21
1795 1650 0
1651 1795 21
1795 1651 0
1652 1795 21
1795 1652 0
1653 1795 21
1795 1653 0
1654 1795 21
1795 1654 0
1655 1795 21
1795 1655 0
1656 1795 21
1795 1656 0
1657 1795 21
1795 1657 0
1658 1795 21
1795 1658 0
1659 1795 21
1795 1659 0
1660 1795 21
1795 1660 0
1661 1795 21
1795 1661 0
1662 1795 21
1795 1662 0
1663 1795 21
1795 1663 0
1664 1795 21
1795 1664 0
1665 1795 21
1795 1665 0
1666 1795 21
1795 1666 0
1667 1795 21
1795 1667 0
1668 1795 21
1795 1668 0
1669 1795 21
1795 1669 0
1670 1795 21
1795 1670 0
1671 1795 21
1795 1671 0
1672 1795 21
1795 1672 0
1673 1795 21
1795 1673 0
1674 1795 21
1795 1674 0
1675 1795 21
1795 1675 0
1676 1795 21
1795 1676 0
1677 1795 21
1795 1677 0
1678 1795 21
1795 1678 0
1679 1795 21
1795 1679 0
1680 1795 21
1795 1680 0
1681 1795 21
1795 1681 0
1682 1795 21
1795 1682 0
1683 1795 21
1795 1683 0
1684 1795 21
1795 1684 0
1685 1795 21
1795 1685 0
1686 1795 21
1795 1686 0
1687 1795 21
1795 1687 0
1688 1795 21
1795 1688 0
1689 1795 21
1795 1689 0
1690 1795 21
1795 1690 0
1691 1795 21
1795 1691 0
1692 1795 21
1795 1692 0
1693 1795 21
1795 1693 0
1694 1795 21
1795 1694 0
1695 1795 21
1795 1695 0
1696 1795 21
1795 1696 0
1697 1795 21
1795 1697 0
1698 1795 21
1795 1698 0
1699 1795 21
1795 1699 0
1700 1795 21
1795 1700 0
1701 1795 21
1795 1701 0
1702 1795 21
1795 1702 0
1703 1795 21
1795 1703 0
1704 1795 21
1795 1704 0
1705 1795 21
1795 1705 0
1706 1795 21
1795 1706 0
1707 1795 21
1795 1707 0
1708 1795 21
1795 1708 0
1709 1795 21
1795 1709 0
1710 1795 21
1795 1710 0
1711 1795 21
1795 1711 0
1712 1795 21
1795 1712 0
1713 1795 21
1795 1713 0
1714 1795 21
1795 1714 0
1715 1795 21
1795 1715 0
1716 1795 21
1795 1716 0
1717 1795 21
1795 1717 0
1718 1795 21
1795 1718 0
1719 1795 21
1795 1719 0
1720 1795 21
1795 1720 0
1721 1795 21
1795 1721 0
1722 1795 21
1795 1722 0
1723 1795 21
1795 1723 0
1724 1795 21
1795 1724 0
1725 1795 21
1795 1725 0
1726 1795 21
1795 1726 0
1727 1795 21
1795 1727 0
1728 1795 21
1795 1728 0
1729 1795 21
1795 1729 0
1730 1795 21
1795 1730 0
1731 1795 21
1795 1731 0
1732 1795 21
1795 1732 0
1733 1795 21
1795 1733 0
1734 1795 21
1795 1734 0
1735 1795 21
1795 1735 0
1736 1795 21
1795 1736 0
1737 1795 21
1795 1737 0
1738 1795 21
1795 1738 0
1739 1795 21
1795 1739 0
1740 1795 21
1795 1740 0
1741 1795 21
1795 1741 0
1742 1795 21
1795 1742 0
1743 1795 21
1795 1743 0
1744 1795 21
1795 1744 0
1745 1795 21
1795 1745 0
1746 1795 21
1795 1746 0
1747 1795 21
1795 1747 0
1748 1795 21
1795 1748 0
1749 1795 21
1795 1749 0
1750 1795 21
1795 1750 0
1751 1795 21
1795 1751 0
1752 1795 21
1795 1752 0
1753 1795 21
1795 1753 0
1754 1795 21
1795 1754 0
1755 1795 21
1795 1755 0
1756 1795 21
1795 1756 0
1757 1795 21
1795 1757 0
1758 1795 21
1795 1758 0
1759 1795 21
1795 1759 0
1760 1795 21
1795 1760 0
1761 1795 21
1795 1761 0
1762 1795 21
1795 1762 0
1763 1795 21
1795 1763 0
1764 1795 21
1795 1764 0
1765 1795 21
1795 1765 0
1766 1795 21
1795 1766 0
1767 1795 21
1795 1767 0
1768 1795 21
1795 1768 0
1769 1795 21
1795 1769 0
1770 1795 21
1795 1770 0
1771 1795 21
1795 1771 0
1772 1795 21
1795 1772 0
1773 1795 21
1795 1773 0
1774 1795 21
1795 1774 0
1775 1795 21
1795 1775 0
1776 1795 21
1795 1776 0
1777 1795 21
1795 1777 0
1778 1795 21
1795 1778 0
1779 1795 21
1795 1779 0
1780 1795 21
1795 1780 0
1781 1795 21
1795 1781 0
1782 1795 21
1795 1782 0
1783 1795 21
1795 1783 0
1784 1795 21
1795 1784 0
1785 1795 21
1795 1785 0
1786 1795 21
1795 1786 0
1787 1795 21
1795 1787 0
1788 1795 21
1795 1788 0
1789 1795 21
1795 1789 0
1790 1795 21
1795 1790 0
1791 1795 21
1795 1791 0
1792 1795 21
1795 1792 0
1793 1795 21
1795 1793 0
1794 1795 21
1795 1794 0
