1499 1498 123 2996
1 1499 1
1499 1 0
2 1499 1
1499 2 0
3 1499 1
1499 3 0
4 1499 1
1499 4 0
5 1499 1
1499 5 0
6 1499 1
1499 6 0
7 1499 1
1499 7 0
8 1499 1
1499 8 0
9 1499 1
1499 9 0
10 1499 1
1499 10 0
11 1499 1
1499 11 0
12 1499 1
1499 12 0
13 1499 1
1499 13 0
14 1499 1
1499 14 0
15 1499 1
1499 15 0
16 1499 1
1499 16 0
17 1499 1
1499 17 0
18 1499 1
1499 18 0
19 1499 1
1499 19 0
20 1499 1
1499 20 0
21 1499 1
1499 21 0
22 1499 1
1499 22 0
23 1499 1
1499 23 0
24 1499 1
1499 24 0
25 1499 1
1499 25 0
26 1499 1
1499 26 0
27 1499 1
1499 27 0
28 1499 1
1499 28 0
29 1499 1
1499 29 0
30 1499 1
1499 30 0
31 1499 1
1499 31 0
32 1499 1
1499 32 0
33 1499 1
1499 33 0
34 1499 1
1499 34 0
35 1499 1
1499 35 0
36 1499 1
1499 36 0
37 1499 1
1499 37 0
38 1499 1
1499 38 0
39 1499 1
1499 39 0
40 1499 1
1499 40 0
41 1499 1
1499 41 0
42 1499 1
1499 42 0
43 1499 1
1499 43 0
44 1499 1
1499 44 0
45 1499 1
1499 45 0
46 1499 1
1499 46 0
47 1499 1
1499 47 0
48 1499 1
1499 48 0
49 1499 1
1499 49 0
50 1499 1
1499 50 0
51 1499 1
1499 51 0
52 1499 1
1499 52 0
53 1499 1
1499 53 0
54 1499 1
1499 54 0
55 1499 1
1499 55 0
56 1499 1
1499 56 0
57 1499 1
1499 57 0
58 1499 1
1499 58 0
59 1499 1
1499 59 0
60 1499 1
1499 60 0
61 1499 1
1499 61 0
62 1499 1
1499 62 0
63 1499 1
1499 63 0
64 1499 1
1499 64 0
65 1499 1
1499 65 0
66 1499 1
1499 66 0
67 1499 1
1499 67 0
68 1499 1
1499 68 0
69 1499 1
1499 69 0
70 1499 1
1499 70 0
71 1499 1
1499 71 0
72 1499 1
1499 72 0
73 1499 1
1499 73 0
74 1499 1
1499 74 0
75 1499 1
1499 75 0
76 1499 1
1499 76 0
77 1499 1
1499 77 0
78 1499 1
1499 78 0
79 1499 1
1499 79 0
80 1499 1
1499 80 0
81 1499 1
1499 81 0
82 1499 1
1499 82 0
83 1499 1
1499 83 0
84 1499 1
1499 84 0
85 1499 1
1499 85 0
86 1499 1
1499 86 0
87 1499 1
1499 87 0
88 1499 1
1499 88 0
89 1499 1
1499 89 0
90 1499 1
1499 90 0
91 1499 1
1499 91 0
92 1499 1
1499 92 0
93 1499 1
1499 93 0
94 1499 1
1499 94 0
95 1499 1
1499 95 0
96 1499 1
1499 96 0
97 1499 1
1499 97 0
98 1499 1
1499 98 0
99 1499 1
1499 99 0
100 1499 1
1499 100 0
101 1499 1
1499 101 0
102 1499 1
1499 102 0
103 1499 1
1499 103 0
104 1499 1
1499 104 0
105 1499 1
1499 105 0
106 1499 1
1499 106 0
107 1499 1
1499 107 0
108 1499 1
1499 108 0
109 1499 1
1499 109 0
110 1499 1
1499 110 0
111 1499 1
1499 111 0
112 1499 1
1499 112 0
113 1499 1
1499 113 0
114 1499 1
1499 114 0
115 1499 1
1499 115 0
116 1499 1
1499 116 0
117 1499 1
1499 117 0
118 1499 1
1499 118 0
119 1499 1
1499 119 0
120 1499 1
1499 120 0
121 1499 1
1499 121 0
122 1499 1
1499 122 0
123 1499 1
1499 123 0
124 1499 1
1499 124 0
125 1499 1
1499 125 0
126 1499 1
1499 126 0
127 1499 1
1499 127 0
128 1499 1
1499 128 0
129 1499 1
1499 129 0
130 1499 1
1499 130 0
131 1499 1
1499 131 0
132 1499 1
1499 132 0
133 1499 1
1499 133 0
134 1499 1
1499 134 0
135 1499 1
1499 135 0
136 1499 1
1499 136 0
137 1499 1
1499 137 0
138 1499 1
1499 138 0
139 1499 1
1499 139 0
140 1499 1
1499 140 0
141 1499 1
1499 141 0
142 1499 1
1499 142 0
143 1499 1
1499 143 0
144 1499 1
1499 144 0
145 1499 1
1499 145 0
146 1499 1
1499 146 0
147 1499 1
1499 147 0
148 1499 1
1499 148 0
149 1499 1
1499 149 0
150 1499 1
1499 150 0
151 1499 1
1499 151 0
152 1499 1
1499 152 0
153 1499 1
1499 153 0
154 1499 1
1499 154 0
155 1499 1
1499 155 0
156 1499 1
1499 156 0
157 1499 1
1499 157 0
158 1499 1
1499 158 0
159 1499 1
1499 159 0
160 1499 1
1499 160 0
161 1499 1
1499 161 0
162 1499 1
1499 162 0
163 1499 1
1499 163 0
164 1499 1
1499 164 0
165 1499 1
1499 165 0
166 1499 1
1499 166 0
167 1499 1
1499 167 0
168 1499 1
1499 168 0
169 1499 1
1499 169 0
170 1499 1
1499 170 0
171 1499 1
1499 171 0
172 1499 1
1499 172 0
173 1499 1
1499 173 0
174 1499 1
1499 174 0
175 1499 1
1499 175 0
176 1499 1
1499 176 0
177 1499 1
1499 177 0
178 1499 1
1499 178 0
179 1499 1
1499 179 0
180 1499 1
1499 180 0
181 1499 1
1499 181 0
182 1499 1
1499 182 0
183 1499 1
1499 183 0
184 1499 1
1499 184 0
185 1499 1
1499 185 0
186 1499 1
1499 186 0
187 1499 1
1499 187 0
188 1499 1
1499 188 0
189 1499 1
1499 189 0
190 1499 1
1499 190 0
191 1499 1
1499 191 0
192 1499 1
1499 192 0
193 1499 1
1499 193 0
194 1499 1
1499 194 0
195 1499 1
1499 195 0
196 1499 1
1499 196 0
197 1499 1
1499 197 0
198 1499 1
1499 198 0
199 1499 1
1499 199 0
200 1499 1
1499 200 0
201 1499 1
1499 201 0
202 1499 1
1499 202 0
203 1499 1
1499 203 0
204 1499 1
1499 204 0
205 1499 1
1499 205 0
206 1499 1
1499 206 0
207 1499 1
1499 207 0
208 1499 1
1499 208 0
209 1499 1
1499 209 0
210 1499 1
1499 210 0
211 1499 1
1499 211 0
212 1499 1
1499 212 0
213 1499 1
1499 213 0
214 1499 1
1499 214 0
215 1499 1
1499 215 0
216 1499 1
1499 216 0
217 1499 1
1499 217 0
218 1499 1
1499 218 0
219 1499 1
1499 219 0
220 1499 1
1499 220 0
221 1499 1
1499 221 0
222 1499 1
1499 222 0
223 1499 1
1499 223 0
224 1499 1
1499 224 0
225 1499 1
1499 225 0
226 1499 1
1499 226 0
227 1499 1
1499 227 0
228 1499 1
1499 228 0
229 1499 1
1499 229 0
230 1499 1
1499 230 0
231 1499 1
1499 231 0
232 1499 1
1499 232 0
233 1499 1
1499 233 0
234 1499 1
1499 234 0
235 1499 1
1499 235 0
236 1499 1
1499 236 0
237 1499 1
1499 237 0
238 1499 1
1499 238 0
239 1499 1
1499 239 0
240 1499 1
1499 240 0
241 1499 1
1499 241 0
242 1499 1
1499 242 0
243 1499 1
1499 243 0
244 1499 1
1499 244 0
245 1499 1
1499 245 0
246 1499 1
1499 246 0
247 1499 1
1499 247 0
248 1499 1
1499 248 0
249 1499 1
1499 249 0
250 1499 1
1499 250 0
251 1499 1
1499 251 0
252 1499 1
1499 252 0
253 1499 1
1499 253 0
254 1499 1
1499 254 0
255 1499 1
1499 255 0
256 1499 1
1499 256 0
257 1499 1
1499 257 0
258 1499 1
1499 258 0
259 1499 1
1499 259 0
260 1499 1
1499 260 0
261 1499 1
1499 261 0
262 1499 1
1499 262 0
263 1499 1
1499 263 0
264 1499 1
1499 264 0
265 1499 1
1499 265 0
266 1499 1
1499 266 0
267 1499 1
1499 267 0
268 1499 1
1499 268 0
269 1499 1
1499 269 0
270 1499 1
1499 270 0
271 1499 1
1499 271 0
272 1499 1
1499 272 0
273 1499 1
1499 273 0
274 1499 1
1499 274 0
275 1499 1
1499 275 0
276 1499 1
1499 276 0
277 1499 1
1499 277 0
278 1499 1
1499 278 0
279 1499 1
1499 279 0
280 1499 1
1499 280 0
281 1499 1
1499 281 0
282 1499 1
1499 282 0
283 1499 1
1499 283 0
284 1499 1
1499 284 0
285 1499 1
1499 285 0
286 1499 1
1499 286 0
287 1499 1
1499 287 0
288 1499 1
1499 288 0
289 1499 1
1499 289 0
290 1499 1
1499 290 0
291 1499 1
1499 291 0
292 1499 1
1499 292 0
293 1499 1
1499 293 0
294 1499 1
1499 294 0
295 1499 1
1499 295 0
296 1499 1
1499 296 0
297 1499 1
1499 297 0
298 1499 1
1499 298 0
299 1499 1
1499 299 0
300 1499 1
1499 300 0
301 1499 1
1499 301 0
302 1499 1
1499 302 0
303 1499 1
1499 303 0
304 1499 1
1499 304 0
305 1499 1
1499 305 0
306 1499 1
1499 306 0
307 1499 1
1499 307 0
308 1499 1
1499 308 0
309 1499 1
1499 309 0
310 1499 1
1499 310 0
311 1499 1
1499 311 0
312 1499 1
1499 312 0
313 1499 1
1499 313 0
314 1499 1
1499 314 0
315 1499 1
1499 315 0
316 1499 1
1499 316 0
317 1499 1
1499 317 0
318 1499 1
1499 318 0
319 1499 1
1499 319 0
320 1499 1
1499 320 0
321 1499 1
1499 321 0
322 1499 1
1499 322 0
323 1499 1
1499 323 0
324 1499 1
1499 324 0
325 1499 1
1499 325 0
326 1499 1
1499 326 0
327 1499 1
1499 327 0
328 1499 1
1499 328 0
329 1499 1
1499 329 0
330 1499 1
1499 330 0
331 1499 1
1499 331 0
332 1499 1
1499 332 0
333 1499 1
1499 333 0
334 1499 1
1499 334 0
335 1499 1
1499 335 0
336 1499 1
1499 336 0
337 1499 1
1499 337 0
338 1499 1
1499 338 0
339 1499 1
1499 339 0
340 1499 1
1499 340 0
341 1499 1
1499 341 0
342 1499 1
1499 342 0
343 1499 1
1499 343 0
344 1499 1
1499 344 0
345 1499 1
1499 345 0
346 1499 1
1499 346 0
347 1499 1
1499 347 0
348 1499 1
1499 348 0
349 1499 1
1499 349 0
350 1499 1
1499 350 0
351 1499 1
1499 351 0
352 1499 1
1499 352 0
353 1499 1
1499 353 0
354 1499 1
1499 354 0
355 1499 1
1499 355 0
356 1499 1
1499 356 0
357 1499 1
1499 357 0
358 1499 1
1499 358 0
359 1499 1
1499 359 0
360 1499 1
1499 360 0
361 1499 1
1499 361 0
362 1499 1
1499 362 0
363 1499 1
1499 363 0
364 1499 1
1499 364 0
365 1499 1
1499 365 0
366 1499 1
1499 366 0
367 1499 1
1499 367 0
368 1499 1
1499 368 0
369 1499 1
1499 369 0
370 1499 1
1499 370 0
371 1499 1
1499 371 0
372 1499 1
1499 372 0
373 1499 1
1499 373 0
374 1499 1
1499 374 0
375 1499 1
1499 375 0
376 1499 1
1499 376 0
377 1499 1
1499 377 0
378 1499 1
1499 378 0
379 1499 1
1499 379 0
380 1499 1
1499 380 0
381 1499 1
1499 381 0
382 1499 1
1499 382 0
383 1499 1
1499 383 0
384 1499 1
1499 384 0
385 1499 1
1499 385 0
386 1499 1
1499 386 0
387 1499 1
1499 387 0
388 1499 1
1499 388 0
389 1499 1
1499 389 0
390 1499 1
1499 390 0
391 1499 1
1499 391 0
392 1499 1
1499 392 0
393 1499 1
1499 393 0
394 1499 1
1499 394 0
395 1499 1
1499 395 0
396 1499 1
1499 396 0
397 1499 1
1499 397 0
398 1499 1
1499 398 0
399 1499 1
1499 399 0
400 1499 1
1499 400 0
401 1499 1
1499 401 0
402 1499 1
1499 402 0
403 1499 1
1499 403 0
404 1499 1
1499 404 0
405 1499 1
1499 405 0
406 1499 1
1499 406 0
407 1499 1
1499 407 0
408 1499 1
1499 408 0
409 1499 1
1499 409 0
410 1499 1
1499 410 0
411 1499 1
1499 411 0
412 1499 1
1499 412 0
413 1499 1
1499 413 0
414 1499 1
1499 414 0
415 1499 1
1499 415 0
416 1499 1
1499 416 0
417 1499 1
1499 417 0
418 1499 1
1499 418 0
419 1499 1
1499 419 0
420 1499 1
1499 420 0
421 1499 1
1499 421 0
422 1499 1
1499 422 0
423 1499 1
1499 423 0
424 1499 1
1499 424 0
425 1499 1
1499 425 0
426 1499 1
1499 426 0
427 1499 1
1499 427 0
428 1499 1
1499 428 0
429 1499 1
1499 429 0
430 1499 1
1499 430 0
431 1499 1
1499 431 0
432 1499 1
1499 432 0
433 1499 1
1499 433 0
434 1499 1
1499 434 0
435 1499 1
1499 435 0
436 1499 1
1499 436 0
437 1499 1
1499 437 0
438 1499 1
1499 438 0
439 1499 1
1499 439 0
440 1499 1
1499 440 0
441 1499 1
1499 441 0
442 1499 1
1499 442 0
443 1499 1
1499 443 0
444 1499 1
1499 444 0
445 1499 1
1499 445 0
446 1499 1
1499 446 0
447 1499 1
1499 447 0
448 1499 1
1499 448 0
449 1499 1
1499 449 0
450 1499 1
1499 450 0
451 1499 1
1499 451 0
452 1499 1
1499 452 0
453 1499 1
1499 453 0
454 1499 1
1499 454 0
455 1499 1
1499 455 0
456 1499 1
1499 456 0
457 1499 1
1499 457 0
458 1499 1
1499 458 0
459 1499 1
1499 459 0
460 1499 1
1499 460 0
461 1499 1
1499 461 0
462 1499 1
1499 462 0
463 1499 1
1499 463 0
464 1499 1
1499 464 0
465 1499 1
1499 465 0
466 1499 1
1499 466 0
467 1499 1
1499 467 0
468 1499 1
1499 468 0
469 1499 1
1499 469 0
470 1499 1
1499 470 0
471 1499 1
1499 471 0
472 1499 1
1499 472 0
473 1499 1
1499 473 0
474 1499 1
1499 474 0
475 1499 1
1499 475 0
476 1499 1
1499 476 0
477 1499 1
1499 477 0
478 1499 1
1499 478 0
479 1499 1
1499 479 0
480 1499 1
1499 480 0
481 1499 1
1499 481 0
482 1499 1
1499 482 0
483 1499 1
1499 483 0
484 1499 1
1499 484 0
485 1499 1
1499 485 0
486 1499 1
1499 486 0
487 1499 1
1499 487 0
488 1499 1
1499 488 0
489 1499 1
1499 489 0
490 1499 1
1499 490 0
491 1499 1
1499 491 0
492 1499 1
1499 492 0
493 1499 1
1499 493 0
494 1499 1
1499 494 0
495 1499 1
1499 495 0
496 1499 1
1499 496 0
497 1499 1
1499 497 0
498 1499 1
1499 498 0
499 1499 1
1499 499 0
500 1499 1
1499 500 0
501 1499 1
1499 501 0
502 1499 1
1499 502 0
503 1499 1
1499 503 0
504 1499 1
1499 504 0
505 1499 1
1499 505 0
506 1499 1
1499 506 0
507 1499 1
1499 507 0
508 1499 1
1499 508 0
509 1499 1
1499 509 0
510 1499 1
1499 510 0
511 1499 1
1499 511 0
512 1499 1
1499 512 0
513 1499 1
1499 513 0
514 1499 1
1499 514 0
515 1499 1
1499 515 0
516 1499 1
1499 516 0
517 1499 1
1499 517 0
518 1499 1
1499 518 0
519 1499 1
1499 519 0
520 1499 1
1499 520 0
521 1499 1
1499 521 0
522 1499 1
1499 522 0
523 1499 1
1499 523 0
524 1499 1
1499 524 0
525 1499 1
1499 525 0
526 1499 1
1499 526 0
527 1499 1
1499 527 0
528 1499 1
1499 528 0
529 1499 1
1499 529 0
530 1499 1
1499 530 0
531 1499 1
1499 531 0
532 1499 1
1499 532 0
533 1499 1
1499 533 0
534 1499 1
1499 534 0
535 1499 1
1499 535 0
536 1499 1
1499 536 0
537 1499 1
1499 537 0
538 1499 1
1499 538 0
539 1499 1
1499 539 0
540 1499 1
1499 540 0
541 1499 1
1499 541 0
542 1499 1
1499 542 0
543 1499 1
1499 543 0
544 1499 1
1499 544 0
545 1499 1
1499 545 0
546 1499 1
1499 546 0
547 1499 1
1499 547 0
548 1499 1
1499 548 0
549 1499 1
1499 549 0
550 1499 1
1499 550 0
551 1499 1
1499 551 0
552 1499 1
1499 552 0
553 1499 1
1499 553 0
554 1499 1
1499 554 0
555 1499 1
1499 555 0
556 1499 1
1499 556 0
557 1499 1
1499 557 0
558 1499 1
1499 558 0
559 1499 1
1499 559 0
560 1499 1
1499 560 0
561 1499 1
1499 561 0
562 1499 1
1499 562 0
563 1499 1
1499 563 0
564 1499 1
1499 564 0
565 1499 1
1499 565 0
566 1499 1
1499 566 0
567 1499 1
1499 567 0
568 1499 1
1499 568 0
569 1499 1
1499 569 0
570 1499 1
1499 570 0
571 1499 1
1499 571 0
572 1499 1
1499 572 0
573 1499 1
1499 573 0
574 1499 1
1499 574 0
575 1499 1
1499 575 0
576 1499 1
1499 576 0
577 1499 1
1499 577 0
578 1499 1
1499 578 0
579 1499 1
1499 579 0
580 1499 1
1499 580 0
581 1499 1
1499 581 0
582 1499 1
1499 582 0
583 1499 1
1499 583 0
584 1499 1
1499 584 0
585 1499 1
1499 585 0
586 1499 1
1499 586 0
587 1499 1
1499 587 0
588 1499 1
1499 588 0
589 1499 1
1499 589 0
590 1499 1
1499 590 0
591 1499 1
1499 591 0
592 1499 1
1499 592 0
593 1499 1
1499 593 0
594 1499 1
1499 594 0
595 1499 1
1499 595 0
596 1499 1
1499 596 0
597 1499 1
1499 597 0
598 1499 1
1499 598 0
599 1499 1
1499 599 0
600 1499 1
1499 600 0
601 1499 1
1499 601 0
602 1499 1
1499 602 0
603 1499 1
1499 603 0
604 1499 1
1499 604 0
605 1499 1
1499 605 0
606 1499 1
1499 606 0
607 1499 1
1499 607 0
608 1499 1
1499 608 0
609 1499 1
1499 609 0
610 1499 1
1499 610 0
611 1499 1
1499 611 0
612 1499 1
1499 612 0
613 1499 1
1499 613 0
614 1499 1
1499 614 0
615 1499 1
1499 615 0
616 1499 1
1499 616 0
617 1499 1
1499 617 0
618 1499 1
1499 618 0
619 1499 1
1499 619 0
620 1499 1
1499 620 0
621 1499 1
1499 621 0
622 1499 1
1499 622 0
623 1499 1
1499 623 0
624 1499 1
1499 624 0
625 1499 1
1499 625 0
626 1499 1
1499 626 0
627 1499 1
1499 627 0
628 1499 1
1499 628 0
629 1499 1
1499 629 0
630 1499 1
1499 630 0
631 1499 1
1499 631 0
632 1499 1
1499 632 0
633 1499 1
1499 633 0
634 1499 1
1499 634 0
635 1499 1
1499 635 0
636 1499 1
1499 636 0
637 1499 1
1499 637 0
638 1499 1
1499 638 0
639 1499 1
1499 639 0
640 1499 1
1499 640 0
641 1499 1
1499 641 0
642 1499 1
1499 642 0
643 1499 1
1499 643 0
644 1499 1
1499 644 0
645 1499 1
1499 645 0
646 1499 1
1499 646 0
647 1499 1
1499 647 0
648 1499 1
1499 648 0
649 1499 1
1499 649 0
650 1499 1
1499 650 0
651 1499 1
1499 651 0
652 1499 1
1499 652 0
653 1499 1
1499 653 0
654 1499 1
1499 654 0
655 1499 1
1499 655 0
656 1499 1
1499 656 0
657 1499 1
1499 657 0
658 1499 1
1499 658 0
659 1499 1
1499 659 0
660 1499 1
1499 660 0
661 1499 1
1499 661 0
662 1499 1
1499 662 0
663 1499 1
1499 663 0
664 1499 1
1499 664 0
665 1499 1
1499 665 0
666 1499 1
1499 666 0
667 1499 1
1499 667 0
668 1499 1
1499 668 0
669 1499 1
1499 669 0
670 1499 1
1499 670 0
671 1499 1
1499 671 0
672 1499 1
1499 672 0
673 1499 1
1499 673 0
674 1499 1
1499 674 0
675 1499 1
1499 675 0
676 1499 1
1499 676 0
677 1499 1
1499 677 0
678 1499 1
1499 678 0
679 1499 1
1499 679 0
680 1499 1
1499 680 0
681 1499 1
1499 681 0
682 1499 1
1499 682 0
683 1499 1
1499 683 0
684 1499 1
1499 684 0
685 1499 1
1499 685 0
686 1499 1
1499 686 0
687 1499 1
1499 687 0
688 1499 1
1499 688 0
689 1499 1
1499 689 0
690 1499 1
1499 690 0
691 1499 1
1499 691 0
692 1499 1
1499 692 0
693 1499 1
1499 693 0
694 1499 1
1499 694 0
695 1499 1
1499 695 0
696 1499 1
1499 696 0
697 1499 1
1499 697 0
698 1499 1
1499 698 0
699 1499 1
1499 699 0
700 1499 1
1499 700 0
701 1499 1
1499 701 0
702 1499 1
1499 702 0
703 1499 1
1499 703 0
704 1499 1
1499 704 0
705 1499 1
1499 705 0
706 1499 1
1499 706 0
707 1499 1
1499 707 0
708 1499 1
1499 708 0
709 1499 1
1499 709 0
710 1499 1
1499 710 0
711 1499 1
1499 711 0
712 1499 1
1499 712 0
713 1499 1
1499 713 0
714 1499 1
1499 714 0
715 1499 1
1499 715 0
716 1499 1
1499 716 0
717 1499 1
1499 717 0
718 1499 1
1499 718 0
719 1499 1
1499 719 0
720 1499 1
1499 720 0
721 1499 1
1499 721 0
722 1499 1
1499 722 0
723 1499 1
1499 723 0
724 1499 1
1499 724 0
725 1499 1
1499 725 0
726 1499 1
1499 726 0
727 1499 1
1499 727 0
728 1499 1
1499 728 0
729 1499 1
1499 729 0
730 1499 1
1499 730 0
731 1499 1
1499 731 0
732 1499 1
1499 732 0
733 1499 1
1499 733 0
734 1499 1
1499 734 0
735 1499 1
1499 735 0
736 1499 1
1499 736 0
737 1499 1
1499 737 0
738 1499 1
1499 738 0
739 1499 1
1499 739 0
740 1499 1
1499 740 0
741 1499 1
1499 741 0
742 1499 1
1499 742 0
743 1499 1
1499 743 0
744 1499 1
1499 744 0
745 1499 1
1499 745 0
746 1499 1
1499 746 0
747 1499 1
1499 747 0
748 1499 1
1499 748 0
749 1499 1
1499 749 0
750 1499 1
1499 750 0
751 1499 1
1499 751 0
752 1499 1
1499 752 0
753 1499 1
1499 753 0
754 1499 1
1499 754 0
755 1499 1
1499 755 0
756 1499 1
1499 756 0
757 1499 1
1499 757 0
758 1499 1
1499 758 0
759 1499 1
1499 759 0
760 1499 1
1499 760 0
761 1499 1
1499 761 0
762 1499 1
1499 762 0
763 1499 1
1499 763 0
764 1499 1
1499 764 0
765 1499 1
1499 765 0
766 1499 1
1499 766 0
767 1499 1
1499 767 0
768 1499 1
1499 768 0
769 1499 1
1499 769 0
770 1499 1
1499 770 0
771 1499 1
1499 771 0
772 1499 1
1499 772 0
773 1499 1
1499 773 0
774 1499 1
1499 774 0
775 1499 1
1499 775 0
776 1499 1
1499 776 0
777 1499 1
1499 777 0
778 1499 1
1499 778 0
779 1499 1
1499 779 0
780 1499 1
1499 780 0
781 1499 1
1499 781 0
782 1499 1
1499 782 0
783 1499 1
1499 783 0
784 1499 1
1499 784 0
785 1499 1
1499 785 0
786 1499 1
1499 786 0
787 1499 1
1499 787 0
788 1499 1
1499 788 0
789 1499 1
1499 789 0
790 1499 1
1499 790 0
791 1499 1
1499 791 0
792 1499 1
1499 792 0
793 1499 1
1499 793 0
794 1499 1
1499 794 0
795 1499 1
1499 795 0
796 1499 1
1499 796 0
797 1499 1
1499 797 0
798 1499 1
1499 798 0
799 1499 1
1499 799 0
800 1499 1
1499 800 0
801 1499 1
1499 801 0
802 1499 14
1499 802 0
803 1499 14
1499 803 0
804 1499 14
1499 804 0
805 1499 14
1499 805 0
806 1499 14
1499 806 0
807 1499 14
1499 807 0
808 1499 14
1499 808 0
809 1499 14
1499 809 0
810 1499 14
1499 810 0
811 1499 14
1499 811 0
812 1499 14
1499 812 0
813 1499 14
1499 813 0
814 1499 14
1499 814 0
815 1499 14
1499 815 0
816 1499 14
1499 816 0
817 1499 14
1499 817 0
818 1499 14
1499 818 0
819 1499 14
1499 819 0
820 1499 14
1499 820 0
821 1499 14
1499 821 0
822 1499 14
1499 822 0
823 1499 14
1499 823 0
824 1499 14
1499 824 0
825 1499 14
1499 825 0
826 1499 14
1499 826 0
827 1499 14
1499 827 0
828 1499 14
1499 828 0
829 1499 14
1499 829 0
830 1499 14
1499 830 0
831 1499 14
1499 831 0
832 1499 14
1499 832 0
833 1499 14
1499 833 0
834 1499 14
1499 834 0
835 1499 14
1499 835 0
836 1499 14
1499 836 0
837 1499 14
1499 837 0
838 1499 14
1499 838 0
839 1499 14
1499 839 0
840 1499 14
1499 840 0
841 1499 14
1499 841 0
842 1499 14
1499 842 0
843 1499 14
1499 843 0
844 1499 14
1499 844 0
845 1499 14
1499 845 0
846 1499 14
1499 846 0
847 1499 14
1499 847 0
848 1499 14
1499 848 0
849 1499 14
1499 849 0
850 1499 14
1499 850 0
851 1499 14
1499 851 0
852 1499 14
1499 852 0
853 1499 14
1499 853 0
854 1499 14
1499 854 0
855 1499 14
1499 855 0
856 1499 14
1499 856 0
857 1499 14
1499 857 0
858 1499 14
1499 858 0
859 1499 14
1499 859 0
860 1499 14
1499 860 0
861 1499 14
1499 861 0
862 1499 14
1499 862 0
863 1499 14
1499 863 0
864 1499 14
1499 864 0
865 1499 14
1499 865 0
866 1499 14
1499 866 0
867 1499 14
1499 867 0
868 1499 14
1499 868 0
869 1499 14
1499 869 0
870 1499 14
1499 870 0
871 1499 14
1499 871 0
872 1499 14
1499 872 0
873 1499 14
1499 873 0
874 1499 14
1499 874 0
875 1499 14
1499 875 0
876 1499 14
1499 876 0
877 1499 14
1499 877 0
878 1499 14
1499 878 0
879 1499 14
1499 879 0
880 1499 14
1499 880 0
881 1499 14
1499 881 0
882 1499 14
1499 882 0
883 1499 14
1499 883 0
884 1499 14
1499 884 0
885 1499 14
1499 885 0
886 1499 14
1499 886 0
887 1499 14
1499 887 0
888 1499 14
1499 888 0
889 1499 14
1499 889 0
890 1499 14
1499 890 0
891 1499 14
1499 891 0
892 1499 14
1499 892 0
893 1499 14
1499 893 0
894 1499 14
1499 894 0
895 1499 14
1499 895 0
896 1499 14
1499 896 0
897 1499 14
1499 897 0
898 1499 14
1499 898 0
899 1499 14
1499 899 0
900 1499 14
1499 900 0
901 1499 14
1499 901 0
902 1499 14
1499 902 0
903 1499 14
1499 903 0
904 1499 14
1499 904 0
905 1499 14
1499 905 0
906 1499 14
1499 906 0
907 1499 14
1499 907 0
908 1499 14
1499 908 0
909 1499 14
1499 909 0
910 1499 14
1499 910 0
911 1499 14
1499 911 0
912 1499 14
1499 912 0
913 1499 14
1499 913 0
914 1499 14
1499 914 0
915 1499 14
1499 915 0
916 1499 14
1499 916 0
917 1499 14
1499 917 0
918 1499 14
1499 918 0
919 1499 14
1499 919 0
920 1499 14
1499 920 0
921 1499 14
1499 921 0
922 1499 14
1499 922 0
923 1499 14
1499 923 0
924 1499 14
1499 924 0
925 1499 14
1499 925 0
926 1499 14
1499 926 0
927 1499 14
1499 927 0
928 1499 14
1499 928 0
929 1499 14
1499 929 0
930 1499 14
1499 930 0
931 1499 14
1499 931 0
932 1499 14
1499 932 0
933 1499 14
1499 933 0
934 1499 14
1499 934 0
935 1499 14
1499 935 0
936 1499 14
1499 936 0
937 1499 14
1499 937 0
938 1499 14
1499 938 0
939 1499 14
1499 939 0
940 1499 14
1499 940 0
941 1499 14
1499 941 0
942 1499 14
1499 942 0
943 1499 14
1499 943 0
944 1499 14
1499 944 0
945 1499 14
1499 945 0
946 1499 14
1499 946 0
947 1499 14
1499 947 0
948 1499 14
1499 948 0
949 1499 14
1499 949 0
950 1499 14
1499 950 0
951 1499 14
1499 951 0
952 1499 14
1499 952 0
953 1499 14
1499 953 0
954 1499 14
1499 954 0
955 1499 14
1499 955 0
956 1499 14
1499 956 0
957 1499 14
1499 957 0
958 1499 14
1499 958 0
959 1499 14
1499 959 0
960 1499 14
1499 960 0
961 1499 14
1499 961 0
962 1499 14
1499 962 0
963 1499 14
1499 963 0
964 1499 14
1499 964 0
965 1499 14
1499 965 0
966 1499 14
1499 966 0
967 1499 14
1499 967 0
968 1499 14
1499 968 0
969 1499 14
1499 969 0
970 1499 14
1499 970 0
971 1499 14
1499 971 0
972 1499 14
1499 972 0
973 1499 14
1499 973 0
974 1499 14
1499 974 0
975 1499 14
1499 975 0
976 1499 14
1499 976 0
977 1499 14
1499 977 0
978 1499 14
1499 978 0
979 1499 14
1499 979 0
980 1499 14
1499 980 0
981 1499 14
1499 981 0
982 1499 14
1499 982 0
983 1499 14
1499 983 0
984 1499 14
1499 984 0
985 1499 14
1499 985 0
986 1499 14
1499 986 0
987 1499 14
1499 987 0
988 1499 14
1499 988 0
989 1499 14
1499 989 0
990 1499 14
1499 990 0
991 1499 14
1499 991 0
992 1499 14
1499 992 0
993 1499 14
1499 993 0
994 1499 14
1499 994 0
995 1499 14
1499 995 0
996 1499 14
1499 996 0
997 1499 14
1499 997 0
998 1499 14
1499 998 0
999 1499 14
1499 999 0
1000 1499 14
1499 1000 0
1001 1499 14
1499 1001 0
1002 1499 14
1499 1002 0
1003 1499 14
1499 1003 0
1004 1499 14
1499 1004 0
1005 1499 14
1499 1005 0
1006 1499 14
1499 1006 0
1007 1499 14
1499 1007 0
1008 1499 14
1499 1008 0
1009 1499 14
1499 1009 0
1010 1499 14
1499 1010 0
1011 1499 14
1499 1011 0
1012 1499 14
1499 1012 0
1013 1499 14
1499 1013 0
1014 1499 14
1499 1014 0
1015 1499 14
1499 1015 0
1016 1499 14
1499 1016 0
1017 1499 14
1499 1017 0
1018 1499 14
1499 1018 0
1019 1499 14
1499 1019 0
1020 1499 14
1499 1020 0
1021 1499 14
1499 1021 0
1022 1499 14
1499 1022 0
1023 1499 14
1499 1023 0
1024 1499 14
1499 1024 0
1025 1499 14
1499 1025 0
1026 1499 14
1499 1026 0
1027 1499 14
1499 1027 0
1028 1499 14
1499 1028 0
1029 1499 14
1499 1029 0
1030 1499 14
1499 1030 0
1031 1499 14
1499 1031 0
1032 1499 14
1499 1032 0
1033 1499 14
1499 1033 0
1034 1499 14
1499 1034 0
1035 1499 14
1499 1035 0
1036 1499 14
1499 1036 0
1037 1499 14
1499 1037 0
1038 1499 14
1499 1038 0
1039 1499 14
1499 1039 0
1040 1499 14
1499 1040 0
1041 1499 14
1499 1041 0
1042 1499 14
1499 1042 0
1043 1499 14
1499 1043 0
1044 1499 14
1499 1044 0
1045 1499 14
1499 1045 0
1046 1499 14
1499 1046 0
1047 1499 14
1499 1047 0
1048 1499 14
1499 1048 0
1049 1499 14
1499 1049 0
1050 1499 14
1499 1050 0
1051 1499 14
1499 1051 0
1052 1499 14
1499 1052 0
1053 1499 14
1499 1053 0
1054 1499 14
1499 1054 0
1055 1499 14
1499 1055 0
1056 1499 14
1499 1056 0
1057 1499 14
1499 1057 0
1058 1499 14
1499 1058 0
1059 1499 14
1499 1059 0
1060 1499 14
1499 1060 0
1061 1499 14
1499 1061 0
1062 1499 14
1499 1062 0
1063 1499 14
1499 1063 0
1064 1499 14
1499 1064 0
1065 1499 14
1499 1065 0
1066 1499 14
1499 1066 0
1067 1499 14
1499 1067 0
1068 1499 14
1499 1068 0
1069 1499 14
1499 1069 0
1070 1499 14
1499 1070 0
1071 1499 14
1499 1071 0
1072 1499 14
1499 1072 0
1073 1499 14
1499 1073 0
1074 1499 14
1499 1074 0
1075 1499 14
1499 1075 0
1076 1499 14
1499 1076 0
1077 1499 14
1499 1077 0
1078 1499 14
1499 1078 0
1079 1499 14
1499 1079 0
1080 1499 14
1499 1080 0
1081 1499 14
1499 1081 0
1082 1499 14
1499 1082 0
1083 1499 14
1499 1083 0
1084 1499 14
1499 1084 0
1085 1499 14
1499 1085 0
1086 1499 14
1499 1086 0
1087 1499 14
1499 1087 0
1088 1499 14
1499 1088 0
1089 1499 14
1499 1089 0
1090 1499 14
1499 1090 0
1091 1499 14
1499 1091 0
1092 1499 14
1499 1092 0
1093 1499 14
1499 1093 0
1094 1499 14
1499 1094 0
1095 1499 14
1499 1095 0
1096 1499 14
1499 1096 0
1097 1499 14
1499 1097 0
1098 1499 14
1499 1098 0
1099 1499 14
1499 1099 0
1100 1499 14
1499 1100 0
1101 1499 14
1499 1101 0
1102 1499 14
1499 1102 0
1103 1499 14
1499 1103 0
1104 1499 14
1499 1104 0
1105 1499 14
1499 1105 0
1106 1499 14
1499 1106 0
1107 1499 14
1499 1107 0
1108 1499 14
1499 1108 0
1109 1499 14
1499 1109 0
1110 1499 14
1499 1110 0
1111 1499 14
1499 1111 0
1112 1499 14
1499 1112 0
1113 1499 14
1499 1113 0
1114 1499 14
1499 1114 0
1115 1499 14
1499 1115 0
1116 1499 14
1499 1116 0
1117 1499 14
1499 1117 0
1118 1499 14
1499 1118 0
1119 1499 14
1499 1119 0
1120 1499 14
1499 1120 0
1121 1499 14
1499 1121 0
1122 1499 14
1499 1122 0
1123 1499 14
1499 1123 0
1124 1499 14
1499 1124 0
1125 1499 14
1499 1125 0
1126 1499 14
1499 1126 0
1127 1499 14
1499 1127 0
1128 1499 14
1499 1128 0
1129 1499 14
1499 1129 0
1130 1499 14
1499 1130 0
1131 1499 14
1499 1131 0
1132 1499 14
1499 1132 0
1133 1499 14
1499 1133 0
1134 1499 14
1499 1134 0
1135 1499 14
1499 1135 0
1136 1499 14
1499 1136 0
1137 1499 14
1499 1137 0
1138 1499 14
1499 1138 0
1139 1499 14
1499 1139 0
1140 1499 14
1499 1140 0
1141 1499 14
1499 1141 0
1142 1499 14
1499 1142 0
1143 1499 14
1499 1143 0
1144 1499 14
1499 1144 0
1145 1499 14
1499 1145 0
1146 1499 14
1499 1146 0
1147 1499 14
1499 1147 0
1148 1499 14
1499 1148 0
1149 1499 14
1499 1149 0
1150 1499 14
1499 1150 0
1151 1499 14
1499 1151 0
1152 1499 14
1499 1152 0
1153 1499 14
1499 1153 0
1154 1499 14
1499 1154 0
1155 1499 14
1499 1155 0
1156 1499 14
1499 1156 0
1157 1499 14
1499 1157 0
1158 1499 14
1499 1158 0
1159 1499 14
1499 1159 0
1160 1499 14
1499 1160 0
1161 1499 14
1499 1161 0
1162 1499 14
1499 1162 0
1163 1499 14
1499 1163 0
1164 1499 14
1499 1164 0
1165 1499 14
1499 1165 0
1166 1499 14
1499 1166 0
1167 1499 14
1499 1167 0
1168 1499 14
1499 1168 0
1169 1499 14
1499 1169 0
1170 1499 14
1499 1170 0
1171 1499 14
1499 1171 0
1172 1499 14
1499 1172 0
1173 1499 14
1499 1173 0
1174 1499 14
1499 1174 0
1175 1499 14
1499 1175 0
1176 1499 14
1499 1176 0
1177 1499 14
1499 1177 0
1178 1499 14
1499 1178 0
1179 1499 14
1499 1179 0
1180 1499 14
1499 1180 0
1181 1499 14
1499 1181 0
1182 1499 14
1499 1182 0
1183 1499 14
1499 1183 0
1184 1499 14
1499 1184 0
1185 1499 14
1499 1185 0
1186 1499 14
1499 1186 0
1187 1499 14
1499 1187 0
1188 1499 14
1499 1188 0
1189 1499 14
1499 1189 0
1190 1499 14
1499 1190 0
1191 1499 14
1499 1191 0
1192 1499 14
1499 1192 0
1193 1499 14
1499 1193 0
1194 1499 14
1499 1194 0
1195 1499 14
1499 1195 0
1196 1499 14
1499 1196 0
1197 1499 14
1499 1197 0
1198 1499 14
1499 1198 0
1199 1499 14
1499 1199 0
1200 1499 14
1499 1200 0
1201 1499 14
1499 1201 0
1202 1499 14
1499 1202 0
1203 1499 14
1499 1203 0
1204 1499 14
1499 1204 0
1205 1499 14
1499 1205 0
1206 1499 14
1499 1206 0
1207 1499 14
1499 1207 0
1208 1499 14
1499 1208 0
1209 1499 14
1499 1209 0
1210 1499 14
1499 1210 0
1211 1499 14
1499 1211 0
1212 1499 14
1499 1212 0
1213 1499 14
1499 1213 0
1214 1499 14
1499 1214 0
1215 1499 14
1499 1215 0
1216 1499 14
1499 1216 0
1217 1499 14
1499 1217 0
1218 1499 14
1499 1218 0
1219 1499 14
1499 1219 0
1220 1499 14
1499 1220 0
1221 1499 14
1499 1221 0
1222 1499 14
1499 1222 0
1223 1499 14
1499 1223 0
1224 1499 14
1499 1224 0
1225 1499 14
1499 1225 0
1226 1499 14
1499 1226 0
1227 1499 14
1499 1227 0
1228 1499 14
1499 1228 0
1229 1499 14
1499 1229 0
1230 1499 14
1499 1230 0
1231 1499 14
1499 1231 0
1232 1499 14
1499 1232 0
1233 1499 14
1499 1233 0
1234 1499 14
1499 1234 0
1235 1499 14
1499 1235 0
1236 1499 14
1499 1236 0
1237 1499 14
1499 1237 0
1238 1499 14
1499 1238 0
1239 1499 14
1499 1239 0
1240 1499 14
1499 1240 0
1241 1499 14
1499 1241 0
1242 1499 14
1499 1242 0
1243 1499 14
1499 1243 0
1244 1499 14
1499 1244 0
1245 1499 14
1499 1245 0
1246 1499 14
1499 1246 0
1247 1499 14
1499 1247 0
1248 1499 14
1499 1248 0
1249 1499 14
1499 1249 0
1250 1499 14
1499 1250 0
1251 1499 14
1499 1251 0
1252 1499 14
1499 1252 0
1253 1499 14
1499 1253 0
1254 1499 14
1499 1254 0
1255 1499 14
1499 1255 0
1256 1499 14
1499 1256 0
1257 1499 14
1499 1257 0
1258 1499 14
1499 1258 0
1259 1499 14
1499 1259 0
1260 1499 14
1499 1260 0
1261 1499 14
1499 1261 0
1262 1499 14
1499 1262 0
1263 1499 14
1499 1263 0
1264 1499 14
1499 1264 0
1265 1499 14
1499 1265 0
1266 1499 14
1499 1266 0
1267 1499 14
1499 1267 0
1268 1499 14
1499 1268 0
1269 1499 14
1499 1269 0
1270 1499 14
1499 1270 0
1271 1499 14
1499 1271 0
1272 1499 14
1499 1272 0
1273 1499 14
1499 1273 0
1274 1499 14
1499 1274 0
1275 1499 14
1499 1275 0
1276 1499 14
1499 1276 0
1277 1499 14
1499 1277 0
1278 1499 14
1499 1278 0
1279 1499 14
1499 1279 0
1280 1499 14
1499 1280 0
1281 1499 14
1499 1281 0
1282 1499 14
1499 1282 0
1283 1499 14
1499 1283 0
1284 1499 14
1499 1284 0
1285 1499 14
1499 1285 0
1286 1499 14
1499 1286 0
1287 1499 14
1499 1287 0
1288 1499 14
1499 1288 0
1289 1499 14
1499 1289 0
1290 1499 14
1499 1290 0
1291 1499 14
1499 1291 0
1292 1499 14
1499 1292 0
1293 1499 14
1499 1293 0
1294 1499 14
1499 1294 0
1295 1499 14
1499 1295 0
1296 1499 14
1499 1296 0
1297 1499 14
1499 1297 0
1298 1499 14
1499 1298 0
1299 1499 14
1499 1299 0
1300 1499 14
1499 1300 0
1301 1499 14
1499 1301 0
1302 1499 14
1499 1302 0
1303 1499 14
1499 1303 0
1304 1499 14
1499 1304 0
1305 1499 14
1499 1305 0
1306 1499 14
1499 1306 0
1307 1499 14
1499 1307 0
1308 1499 14
1499 1308 0
1309 1499 14
1499 1309 0
1310 1499 14
1499 1310 0
1311 1499 14
1499 1311 0
1312 1499 14
1499 1312 0
1313 1499 14
1499 1313 0
1314 1499 14
1499 1314 0
1315 1499 14
1499 1315 0
1316 1499 14
1499 1316 0
1317 1499 14
1499 1317 0
1318 1499 14
1499 1318 0
1319 1499 14
1499 1319 0
1320 1499 14
1499 1320 0
1321 1499 14
1499 1321 0
1322 1499 14
1499 1322 0
1323 1499 14
1499 1323 0
1324 1499 14
1499 1324 0
1325 1499 14
1499 1325 0
1326 1499 14
1499 1326 0
1327 1499 14
1499 1327 0
1328 1499 14
1499 1328 0
1329 1499 14
1499 1329 0
1330 1499 14
1499 1330 0
1331 1499 14
1499 1331 0
1332 1499 14
1499 1332 0
1333 1499 14
1499 1333 0
1334 1499 14
1499 1334 0
1335 1499 14
1499 1335 0
1336 1499 14
1499 1336 0
1337 1499 14
1499 1337 0
1338 1499 14
1499 1338 0
1339 1499 14
1499 1339 0
1340 1499 14
1499 1340 0
1341 1499 14
1499 1341 0
1342 1499 14
1499 1342 0
1343 1499 14
1499 1343 0
1344 1499 14
1499 1344 0
1345 1499 14
1499 1345 0
1346 1499 14
1499 1346 0
1347 1499 14
1499 1347 0
1348 1499 14
1499 1348 0
1349 1499 14
1499 1349 0
1350 1499 14
1499 1350 0
1351 1499 14
1499 1351 0
1352 1499 14
1499 1352 0
1353 1499 14
1499 1353 0
1354 1499 14
1499 1354 0
1355 1499 14
1499 1355 0
1356 1499 14
1499 1356 0
1357 1499 14
1499 1357 0
1358 1499 14
1499 1358 0
1359 1499 14
1499 1359 0
1360 1499 14
1499 1360 0
1361 1499 14
1499 1361 0
1362 1499 14
1499 1362 0
1363 1499 14
1499 1363 0
1364 1499 14
1499 1364 0
1365 1499 14
1499 1365 0
1366 1499 14
1499 1366 0
1367 1499 14
1499 1367 0
1368 1499 14
1499 1368 0
1369 1499 14
1499 1369 0
1370 1499 14
1499 1370 0
1371 1499 14
1499 1371 0
1372 1499 14
1499 1372 0
1373 1499 14
1499 1373 0
1374 1499 14
1499 1374 0
1375 1499 14
1499 1375 0
1376 1499 14
1499 1376 0
1377 1499 14
1499 1377 0
1378 1499 14
1499 1378 0
1379 1499 14
1499 1379 0
1380 1499 14
1499 1380 0
1381 1499 14
1499 1381 0
1382 1499 14
1499 1382 0
1383 1499 14
1499 1383 0
1384 1499 14
1499 1384 0
1385 1499 14
1499 1385 0
1386 1499 14
1499 1386 0
1387 1499 14
1499 1387 0
1388 1499 14
1499 1388 0
1389 1499 14
1499 1389 0
1390 1499 14
1499 1390 0
1391 1499 14
1499 1391 0
1392 1499 14
1499 1392 0
1393 1499 14
1499 1393 0
1394 1499 14
1499 1394 0
1395 1499 14
1499 1395 0
1396 1499 14
1499 1396 0
1397 1499 14
1499 1397 0
1398 1499 14
1499 1398 0
1399 1499 14
1499 1399 0
1400 1499 14
1499 1400 0
1401 1499 14
1499 1401 0
1402 1499 14
1499 1402 0
1403 1499 14
1499 1403 0
1404 1499 14
1499 1404 0
1405 1499 14
1499 1405 0
1406 1499 14
1499 1406 0
1407 1499 14
1499 1407 0
1408 1499 14
1499 1408 0
1409 1499 14
1499 1409 0
1410 1499 14
1499 1410 0
1411 1499 14
1499 1411 0
1412 1499 14
1499 1412 0
1413 1499 14
1499 1413 0
1414 1499 14
1499 1414 0
1415 1499 14
1499 1415 0
1416 1499 14
1499 1416 0
1417 1499 14
1499 1417 0
1418 1499 14
1499 1418 0
1419 1499 14
1499 1419 0
1420 1499 14
1499 1420 0
1421 1499 14
1499 1421 0
1422 1499 14
1499 1422 0
1423 1499 14
1499 1423 0
1424 1499 14
1499 1424 0
1425 1499 14
1499 1425 0
1426 1499 14
1499 1426 0
1427 1499 14
1499 1427 0
1428 1499 14
1499 1428 0
1429 1499 14
1499 1429 0
1430 1499 14
1499 1430 0
1431 1499 14
1499 1431 0
1432 1499 14
1499 1432 0
1433 1499 14
1499 1433 0
1434 1499 14
1499 1434 0
1435 1499 14
1499 1435 0
1436 1499 14
1499 1436 0
1437 1499 14
1499 1437 0
1438 1499 14
1499 1438 0
1439 1499 14
1499 1439 0
1440 1499 14
1499 1440 0
1441 1499 14
1499 1441 0
1442 1499 14
1499 1442 0
1443 1499 14
1499 1443 0
1444 1499 14
1499 1444 0
1445 1499 14
1499 1445 0
1446 1499 14
1499 1446 0
1447 1499 14
1499 1447 0
1448 1499 14
1499 1448 0
1449 1499 14
1499 1449 0
1450 1499 14
1499 1450 0
1451 1499 14
1499 1451 0
1452 1499 14
1499 1452 0
1453 1499 14
1499 1453 0
1454 1499 14
1499 1454 0
1455 1499 14
1499 1455 0
1456 1499 14
1499 1456 0
1457 1499 14
1499 1457 0
1458 1499 14
1499 1458 0
1459 1499 14
1499 1459 0
1460 1499 14
1499 1460 0
1461 1499 14
1499 1461 0
1462 1499 14
1499 1462 0
1463 1499 14
1499 1463 0
1464 1499 14
1499 1464 0
1465 1499 14
1499 1465 0
1466 1499 14
1499 1466 0
1467 1499 14
1499 1467 0
1468 1499 14
1499 1468 0
1469 1499 14
1499 1469 0
1470 1499 14
1499 1470 0
1471 1499 14
1499 1471 0
1472 1499 14
1499 1472 0
1473 1499 14
1499 1473 0
1474 1499 14
1499 1474 0
1475 1499 14
1499 1475 0
1476 1499 14
1499 1476 0
1477 1499 14
1499 1477 0
1478 1499 14
1499 1478 0
1479 1499 14
1499 1479 0
1480 1499 14
1499 1480 0
1481 1499 14
1499 1481 0
1482 1499 14
1499 1482 0
1483 1499 14
1499 1483 0
1484 1499 14
1499 1484 0
1485 1499 14
1499 1485 0
1486 1499 14
1499 1486 0
1487 1499 14
1499 1487 0
1488 1499 14
1499 1488 0
1489 1499 14
1499 1489 0
1490 1499 14
1499 1490 0
1491 1499 14
1499 1491 0
1492 1499 14
1499 1492 0
1493 1499 14
1499 1493 0
1494 1499 14
1499 1494 0
1495 1499 14
1499 1495 0
1496 1499 14
1499 1496 0
1497 1499 14
1499 1497 0
1498 1499 14
1499 1498 0
