999 998 64 1996
1 999 1
999 1 0
2 999 1
999 2 0
3 999 1
999 3 0
4 999 1
999 4 0
5 999 1
999 5 0
6 999 1
999 6 0
7 999 1
999 7 0
8 999 1
999 8 0
9 999 1
999 9 0
10 999 1
999 10 0
11 999 1
999 11 0
12 999 1
999 12 0
13 999 1
999 13 0
14 999 1
999 14 0
15 999 1
999 15 0
16 999 1
999 16 0
17 999 1
999 17 0
18 999 1
999 18 0
19 999 1
999 19 0
20 999 1
999 20 0
21 999 1
999 21 0
22 999 1
999 22 0
23 999 1
999 23 0
24 999 1
999 24 0
25 999 1
999 25 0
26 999 1
999 26 0
27 999 1
999 27 0
28 999 1
999 28 0
29 999 1
999 29 0
30 999 1
999 30 0
31 999 1
999 31 0
32 999 1
999 32 0
33 999 1
999 33 0
34 999 1
999 34 0
35 999 1
999 35 0
36 999 1
999 36 0
37 999 1
999 37 0
38 999 1
999 38 0
39 999 1
999 39 0
40 999 1
999 40 0
41 999 1
999 41 0
42 999 1
999 42 0
43 999 1
999 43 0
44 999 1
999 44 0
45 999 1
999 45 0
46 999 1
999 46 0
47 999 1
999 47 0
48 999 1
999 48 0
49 999 1
999 49 0
50 999 1
999 50 0
51 999 1
999 51 0
52 999 1
999 52 0
53 999 1
999 53 0
54 999 1
999 54 0
55 999 1
999 55 0
56 999 1
999 56 0
57 999 1
999 57 0
58 999 1
999 58 0
59 999 1
999 59 0
60 999 1
999 60 0
61 999 1
999 61 0
62 999 1
999 62 0
63 999 1
999 63 0
64 999 1
999 64 0
65 999 1
999 65 0
66 999 1
999 66 0
67 999 1
999 67 0
68 999 1
999 68 0
69 999 1
999 69 0
70 999 1
999 70 0
71 999 1
999 71 0
72 999 1
999 72 0
73 999 1
999 73 0
74 999 1
999 74 0
75 999 1
999 75 0
76 999 1
999 76 0
77 999 1
999 77 0
78 999 1
999 78 0
79 999 1
999 79 0
80 999 1
999 80 0
81 999 1
999 81 0
82 999 1
999 82 0
83 999 1
999 83 0
84 999 1
999 84 0
85 999 1
999 85 0
86 999 1
999 86 0
87 999 1
999 87 0
88 999 1
999 88 0
89 999 1
999 89 0
90 999 1
999 90 0
91 999 1
999 91 0
92 999 1
999 92 0
93 999 1
999 93 0
94 999 1
999 94 0
95 999 1
999 95 0
96 999 1
999 96 0
97 999 1
999 97 0
98 999 1
999 98 0
99 999 1
999 99 0
100 999 1
999 100 0
101 999 1
999 101 0
102 999 1
999 102 0
103 999 1
999 103 0
104 999 1
999 104 0
105 999 1
999 105 0
106 999 1
999 106 0
107 999 1
999 107 0
108 999 1
999 108 0
109 999 1
999 109 0
110 999 1
999 110 0
111 999 1
999 111 0
112 999 1
999 112 0
113 999 1
999 113 0
114 999 1
999 114 0
115 999 1
999 115 0
116 999 1
999 116 0
117 999 1
999 117 0
118 999 1
999 118 0
119 999 1
999 119 0
120 999 1
999 120 0
121 999 1
999 121 0
122 999 1
999 122 0
123 999 1
999 123 0
124 999 1
999 124 0
125 999 1
999 125 0
126 999 1
999 126 0
127 999 1
999 127 0
128 999 1
999 128 0
129 999 1
999 129 0
130 999 1
999 130 0
131 999 1
999 131 0
132 999 1
999 132 0
133 999 1
999 133 0
134 999 1
999 134 0
135 999 1
999 135 0
136 999 1
999 136 0
137 999 1
999 137 0
138 999 1
999 138 0
139 999 1
999 139 0
140 999 1
999 140 0
141 999 1
999 141 0
142 999 1
999 142 0
143 999 1
999 143 0
144 999 1
999 144 0
145 999 1
999 145 0
146 999 1
999 146 0
147 999 1
999 147 0
148 999 1
999 148 0
149 999 1
999 149 0
150 999 1
999 150 0
151 999 1
999 151 0
152 999 1
999 152 0
153 999 1
999 153 0
154 999 1
999 154 0
155 999 1
999 155 0
156 999 1
999 156 0
157 999 1
999 157 0
158 999 1
999 158 0
159 999 1
999 159 0
160 999 1
999 160 0
161 999 1
999 161 0
162 999 1
999 162 0
163 999 1
999 163 0
164 999 1
999 164 0
165 999 1
999 165 0
166 999 1
999 166 0
167 999 1
999 167 0
168 999 1
999 168 0
169 999 1
999 169 0
170 999 1
999 170 0
171 999 1
999 171 0
172 999 1
999 172 0
173 999 1
999 173 0
174 999 1
999 174 0
175 999 1
999 175 0
176 999 1
999 176 0
177 999 1
999 177 0
178 999 1
999 178 0
179 999 1
999 179 0
180 999 1
999 180 0
181 999 1
999 181 0
182 999 1
999 182 0
183 999 1
999 183 0
184 999 1
999 184 0
185 999 1
999 185 0
186 999 1
999 186 0
187 999 1
999 187 0
188 999 1
999 188 0
189 999 1
999 189 0
190 999 1
999 190 0
191 999 1
999 191 0
192 999 1
999 192 0
193 999 1
999 193 0
194 999 1
999 194 0
195 999 1
999 195 0
196 999 1
999 196 0
197 999 1
999 197 0
198 999 1
999 198 0
199 999 1
999 199 0
200 999 1
999 200 0
201 999 1
999 201 0
202 999 1
999 202 0
203 999 1
999 203 0
204 999 1
999 204 0
205 999 1
999 205 0
206 999 1
999 206 0
207 999 1
999 207 0
208 999 1
999 208 0
209 999 1
999 209 0
210 999 1
999 210 0
211 999 1
999 211 0
212 999 1
999 212 0
213 999 1
999 213 0
214 999 1
999 214 0
215 999 1
999 215 0
216 999 1
999 216 0
217 999 1
999 217 0
218 999 1
999 218 0
219 999 1
999 219 0
220 999 1
999 220 0
221 999 1
999 221 0
222 999 1
999 222 0
223 999 1
999 223 0
224 999 1
999 224 0
225 999 1
999 225 0
226 999 1
999 226 0
227 999 1
999 227 0
228 999 1
999 228 0
229 999 1
999 229 0
230 999 1
999 230 0
231 999 1
999 231 0
232 999 1
999 232 0
233 999 1
999 233 0
234 999 1
999 234 0
235 999 1
999 235 0
236 999 1
999 236 0
237 999 1
999 237 0
238 999 1
999 238 0
239 999 1
999 239 0
240 999 1
999 240 0
241 999 1
999 241 0
242 999 1
999 242 0
243 999 1
999 243 0
244 999 1
999 244 0
245 999 1
999 245 0
246 999 1
999 246 0
247 999 1
999 247 0
248 999 1
999 248 0
249 999 1
999 249 0
250 999 1
999 250 0
251 999 1
999 251 0
252 999 1
999 252 0
253 999 1
999 253 0
254 999 1
999 254 0
255 999 1
999 255 0
256 999 1
999 256 0
257 999 1
999 257 0
258 999 1
999 258 0
259 999 1
999 259 0
260 999 1
999 260 0
261 999 1
999 261 0
262 999 1
999 262 0
263 999 1
999 263 0
264 999 1
999 264 0
265 999 1
999 265 0
266 999 1
999 266 0
267 999 1
999 267 0
268 999 1
999 268 0
269 999 1
999 269 0
270 999 1
999 270 0
271 999 1
999 271 0
272 999 1
999 272 0
273 999 1
999 273 0
274 999 1
999 274 0
275 999 1
999 275 0
276 999 1
999 276 0
277 999 1
999 277 0
278 999 1
999 278 0
279 999 1
999 279 0
280 999 1
999 280 0
281 999 1
999 281 0
282 999 1
999 282 0
283 999 1
999 283 0
284 999 1
999 284 0
285 999 1
999 285 0
286 999 1
999 286 0
287 999 1
999 287 0
288 999 1
999 288 0
289 999 1
999 289 0
290 999 1
999 290 0
291 999 1
999 291 0
292 999 1
999 292 0
293 999 1
999 293 0
294 999 1
999 294 0
295 999 1
999 295 0
296 999 1
999 296 0
297 999 1
999 297 0
298 999 1
999 298 0
299 999 1
999 299 0
300 999 1
999 300 0
301 999 1
999 301 0
302 999 1
999 302 0
303 999 1
999 303 0
304 999 1
999 304 0
305 999 1
999 305 0
306 999 1
999 306 0
307 999 1
999 307 0
308 999 1
999 308 0
309 999 1
999 309 0
310 999 1
999 310 0
311 999 1
999 311 0
312 999 1
999 312 0
313 999 1
999 313 0
314 999 1
999 314 0
315 999 1
999 315 0
316 999 1
999 316 0
317 999 1
999 317 0
318 999 1
999 318 0
319 999 1
999 319 0
320 999 1
999 320 0
321 999 1
999 321 0
322 999 1
999 322 0
323 999 1
999 323 0
324 999 1
999 324 0
325 999 1
999 325 0
326 999 1
999 326 0
327 999 1
999 327 0
328 999 1
999 328 0
329 999 1
999 329 0
330 999 1
999 330 0
331 999 1
999 331 0
332 999 1
999 332 0
333 999 1
999 333 0
334 999 1
999 334 0
335 999 1
999 335 0
336 999 1
999 336 0
337 999 1
999 337 0
338 999 1
999 338 0
339 999 1
999 339 0
340 999 1
999 340 0
341 999 1
999 341 0
342 999 1
999 342 0
343 999 1
999 343 0
344 999 1
999 344 0
345 999 1
999 345 0
346 999 1
999 346 0
347 999 1
999 347 0
348 999 1
999 348 0
349 999 1
999 349 0
350 999 1
999 350 0
351 999 1
999 351 0
352 999 1
999 352 0
353 999 1
999 353 0
354 999 1
999 354 0
355 999 1
999 355 0
356 999 1
999 356 0
357 999 1
999 357 0
358 999 1
999 358 0
359 999 1
999 359 0
360 999 1
999 360 0
361 999 1
999 361 0
362 999 1
999 362 0
363 999 1
999 363 0
364 999 1
999 364 0
365 999 1
999 365 0
366 999 1
999 366 0
367 999 1
999 367 0
368 999 1
999 368 0
369 999 1
999 369 0
370 999 1
999 370 0
371 999 1
999 371 0
372 999 1
999 372 0
373 999 1
999 373 0
374 999 1
999 374 0
375 999 1
999 375 0
376 999 1
999 376 0
377 999 1
999 377 0
378 999 1
999 378 0
379 999 1
999 379 0
380 999 1
999 380 0
381 999 1
999 381 0
382 999 1
999 382 0
383 999 1
999 383 0
384 999 1
999 384 0
385 999 1
999 385 0
386 999 1
999 386 0
387 999 1
999 387 0
388 999 1
999 388 0
389 999 1
999 389 0
390 999 1
999 390 0
391 999 1
999 391 0
392 999 1
999 392 0
393 999 1
999 393 0
394 999 1
999 394 0
395 999 1
999 395 0
396 999 1
999 396 0
397 999 1
999 397 0
398 999 1
999 398 0
399 999 1
999 399 0
400 999 1
999 400 0
401 999 1
999 401 0
402 999 1
999 402 0
403 999 1
999 403 0
404 999 1
999 404 0
405 999 1
999 405 0
406 999 1
999 406 0
407 999 1
999 407 0
408 999 1
999 408 0
409 999 1
999 409 0
410 999 1
999 410 0
411 999 1
999 411 0
412 999 1
999 412 0
413 999 1
999 413 0
414 999 1
999 414 0
415 999 1
999 415 0
416 999 1
999 416 0
417 999 1
999 417 0
418 999 1
999 418 0
419 999 1
999 419 0
420 999 1
999 420 0
421 999 1
999 421 0
422 999 1
999 422 0
423 999 1
999 423 0
424 999 1
999 424 0
425 999 1
999 425 0
426 999 1
999 426 0
427 999 1
999 427 0
428 999 1
999 428 0
429 999 1
999 429 0
430 999 1
999 430 0
431 999 1
999 431 0
432 999 1
999 432 0
433 999 1
999 433 0
434 999 1
999 434 0
435 999 1
999 435 0
436 999 1
999 436 0
437 999 1
999 437 0
438 999 1
999 438 0
439 999 1
999 439 0
440 999 1
999 440 0
441 999 1
999 441 0
442 999 1
999 442 0
443 999 1
999 443 0
444 999 1
999 444 0
445 999 1
999 445 0
446 999 1
999 446 0
447 999 1
999 447 0
448 999 1
999 448 0
449 999 1
999 449 0
450 999 1
999 450 0
451 999 1
999 451 0
452 999 1
999 452 0
453 999 1
999 453 0
454 999 1
999 454 0
455 999 1
999 455 0
456 999 1
999 456 0
457 999 1
999 457 0
458 999 1
999 458 0
459 999 1
999 459 0
460 999 1
999 460 0
461 999 1
999 461 0
462 999 1
999 462 0
463 999 1
999 463 0
464 999 1
999 464 0
465 999 1
999 465 0
466 999 1
999 466 0
467 999 1
999 467 0
468 999 1
999 468 0
469 999 1
999 469 0
470 999 1
999 470 0
471 999 1
999 471 0
472 999 1
999 472 0
473 999 1
999 473 0
474 999 1
999 474 0
475 999 1
999 475 0
476 999 1
999 476 0
477 999 1
999 477 0
478 999 1
999 478 0
479 999 1
999 479 0
480 999 1
999 480 0
481 999 1
999 481 0
482 999 1
999 482 0
483 999 1
999 483 0
484 999 1
999 484 0
485 999 1
999 485 0
486 999 1
999 486 0
487 999 1
999 487 0
488 999 1
999 488 0
489 999 1
999 489 0
490 999 1
999 490 0
491 999 1
999 491 0
492 999 1
999 492 0
493 999 1
999 493 0
494 999 1
999 494 0
495 999 1
999 495 0
496 999 1
999 496 0
497 999 1
999 497 0
498 999 1
999 498 0
499 999 1
999 499 0
500 999 1
999 500 0
501 999 1
999 501 0
502 999 1
999 502 0
503 999 1
999 503 0
504 999 1
999 504 0
505 999 1
999 505 0
506 999 1
999 506 0
507 999 1
999 507 0
508 999 1
999 508 0
509 999 1
999 509 0
510 999 1
999 510 0
511 999 1
999 511 0
512 999 1
999 512 0
513 999 1
999 513 0
514 999 1
999 514 0
515 999 1
999 515 0
516 999 1
999 516 0
517 999 1
999 517 0
518 999 1
999 518 0
519 999 1
999 519 0
520 999 1
999 520 0
521 999 1
999 521 0
522 999 1
999 522 0
523 999 1
999 523 0
524 999 1
999 524 0
525 999 1
999 525 0
526 999 1
999 526 0
527 999 1
999 527 0
528 999 1
999 528 0
529 999 1
999 529 0
530 999 1
999 530 0
531 999 1
999 531 0
532 999 1
999 532 0
533 999 1
999 533 0
534 999 1
999 534 0
535 999 1
999 535 0
536 999 1
999 536 0
537 999 1
999 537 0
538 999 1
999 538 0
539 999 1
999 539 0
540 999 1
999 540 0
541 999 1
999 541 0
542 999 1
999 542 0
543 999 1
999 543 0
544 999 1
999 544 0
545 999 1
999 545 0
546 999 1
999 546 0
547 999 1
999 547 0
548 999 1
999 548 0
549 999 1
999 549 0
550 999 1
999 550 0
551 999 1
999 551 0
552 999 1
999 552 0
553 999 1
999 553 0
554 999 1
999 554 0
555 999 1
999 555 0
556 999 1
999 556 0
557 999 1
999 557 0
558 999 1
999 558 0
559 999 1
999 559 0
560 999 1
999 560 0
561 999 1
999 561 0
562 999 1
999 562 0
563 999 1
999 563 0
564 999 1
999 564 0
565 999 1
999 565 0
566 999 1
999 566 0
567 999 1
999 567 0
568 999 1
999 568 0
569 999 1
999 569 0
570 999 1
999 570 0
571 999 1
999 571 0
572 999 1
999 572 0
573 999 1
999 573 0
574 999 1
999 574 0
575 999 1
999 575 0
576 999 1
999 576 0
577 999 1
999 577 0
578 999 1
999 578 0
579 999 1
999 579 0
580 999 1
999 580 0
581 999 1
999 581 0
582 999 1
999 582 0
583 999 1
999 583 0
584 999 1
999 584 0
585 999 1
999 585 0
586 999 1
999 586 0
587 999 1
999 587 0
588 999 1
999 588 0
589 999 1
999 589 0
590 999 1
999 590 0
591 999 1
999 591 0
592 999 1
999 592 0
593 999 1
999 593 0
594 999 1
999 594 0
595 999 1
999 595 0
596 999 1
999 596 0
597 999 1
999 597 0
598 999 13
999 598 0
599 999 13
999 599 0
600 999 13
999 600 0
601 999 13
999 601 0
602 999 13
999 602 0
603 999 13
999 603 0
604 999 13
999 604 0
605 999 13
999 605 0
606 999 13
999 606 0
607 999 13
999 607 0
608 999 13
999 608 0
609 999 13
999 609 0
610 999 13
999 610 0
611 999 13
999 611 0
612 999 13
999 612 0
613 999 13
999 613 0
614 999 13
999 614 0
615 999 13
999 615 0
616 999 13
999 616 0
617 999 13
999 617 0
618 999 13
999 618 0
619 999 13
999 619 0
620 999 13
999 620 0
621 999 13
999 621 0
622 999 13
999 622 0
623 999 13
999 623 0
624 999 13
999 624 0
625 999 13
999 625 0
626 999 13
999 626 0
627 999 13
999 627 0
628 999 13
999 628 0
629 999 13
999 629 0
630 999 13
999 630 0
631 999 13
999 631 0
632 999 13
999 632 0
633 999 13
999 633 0
634 999 13
999 634 0
635 999 13
999 635 0
636 999 13
999 636 0
637 999 13
999 637 0
638 999 13
999 638 0
639 999 13
999 639 0
640 999 13
999 640 0
641 999 13
999 641 0
642 999 13
999 642 0
643 999 13
999 643 0
644 999 13
999 644 0
645 999 13
999 645 0
646 999 13
999 646 0
647 999 13
999 647 0
648 999 13
999 648 0
649 999 13
999 649 0
650 999 13
999 650 0
651 999 13
999 651 0
652 999 13
999 652 0
653 999 13
999 653 0
654 999 13
999 654 0
655 999 13
999 655 0
656 999 13
999 656 0
657 999 13
999 657 0
658 999 13
999 658 0
659 999 13
999 659 0
660 999 13
999 660 0
661 999 13
999 661 0
662 999 13
999 662 0
663 999 13
999 663 0
664 999 13
999 664 0
665 999 13
999 665 0
666 999 13
999 666 0
667 999 13
999 667 0
668 999 13
999 668 0
669 999 13
999 669 0
670 999 13
999 670 0
671 999 13
999 671 0
672 999 13
999 672 0
673 999 13
999 673 0
674 999 13
999 674 0
675 999 13
999 675 0
676 999 13
999 676 0
677 999 13
999 677 0
678 999 13
999 678 0
679 999 13
999 679 0
680 999 13
999 680 0
681 999 13
999 681 0
682 999 13
999 682 0
683 999 13
999 683 0
684 999 13
999 684 0
685 999 13
999 685 0
686 999 13
999 686 0
687 999 13
999 687 0
688 999 13
999 688 0
689 999 13
999 689 0
690 999 13
999 690 0
691 999 13
999 691 0
692 999 13
999 692 0
693 999 13
999 693 0
694 999 13
999 694 0
695 999 13
999 695 0
696 999 13
999 696 0
697 999 13
999 697 0
698 999 13
999 698 0
699 999 13
999 699 0
700 999 13
999 700 0
701 999 13
999 701 0
702 999 13
999 702 0
703 999 13
999 703 0
704 999 13
999 704 0
705 999 13
999 705 0
706 999 13
999 706 0
707 999 13
999 707 0
708 999 13
999 708 0
709 999 13
999 709 0
710 999 13
999 710 0
711 999 13
999 711 0
712 999 13
999 712 0
713 999 13
999 713 0
714 999 13
999 714 0
715 999 13
999 715 0
716 999 13
999 716 0
717 999 13
999 717 0
718 999 13
999 718 0
719 999 13
999 719 0
720 999 13
999 720 0
721 999 13
999 721 0
722 999 13
999 722 0
723 999 13
999 723 0
724 999 13
999 724 0
725 999 13
999 725 0
726 999 13
999 726 0
727 999 13
999 727 0
728 999 13
999 728 0
729 999 13
999 729 0
730 999 13
999 730 0
731 999 13
999 731 0
732 999 13
999 732 0
733 999 13
999 733 0
734 999 13
999 734 0
735 999 13
999 735 0
736 999 13
999 736 0
737 999 13
999 737 0
738 999 13
999 738 0
739 999 13
999 739 0
740 999 13
999 740 0
741 999 13
999 741 0
742 999 13
999 742 0
743 999 13
999 743 0
744 999 13
999 744 0
745 999 13
999 745 0
746 999 13
999 746 0
747 999 13
999 747 0
748 999 13
999 748 0
749 999 13
999 749 0
750 999 13
999 750 0
751 999 13
999 751 0
752 999 13
999 752 0
753 999 13
999 753 0
754 999 13
999 754 0
755 999 13
999 755 0
756 999 13
999 756 0
757 999 13
999 757 0
758 999 13
999 758 0
759 999 13
999 759 0
760 999 13
999 760 0
761 999 13
999 761 0
762 999 13
999 762 0
763 999 13
999 763 0
764 999 13
999 764 0
765 999 13
999 765 0
766 999 13
999 766 0
767 999 13
999 767 0
768 999 13
999 768 0
769 999 13
999 769 0
770 999 13
999 770 0
771 999 13
999 771 0
772 999 13
999 772 0
773 999 13
999 773 0
774 999 13
999 774 0
775 999 13
999 775 0
776 999 13
999 776 0
777 999 13
999 777 0
778 999 13
999 778 0
779 999 13
999 779 0
780 999 13
999 780 0
781 999 13
999 781 0
782 999 13
999 782 0
783 999 13
999 783 0
784 999 13
999 784 0
785 999 13
999 785 0
786 999 13
999 786 0
787 999 13
999 787 0
788 999 13
999 788 0
789 999 13
999 789 0
790 999 13
999 790 0
791 999 13
999 791 0
792 999 13
999 792 0
793 999 13
999 793 0
794 999 13
999 794 0
795 999 13
999 795 0
796 999 13
999 796 0
797 999 13
999 797 0
798 999 13
999 798 0
799 999 13
999 799 0
800 999 13
999 800 0
801 999 13
999 801 0
802 999 13
999 802 0
803 999 13
999 803 0
804 999 13
999 804 0
805 999 13
999 805 0
806 999 13
999 806 0
807 999 13
999 807 0
808 999 13
999 808 0
809 999 13
999 809 0
810 999 13
999 810 0
811 999 13
999 811 0
812 999 13
999 812 0
813 999 13
999 813 0
814 999 13
999 814 0
815 999 13
999 815 0
816 999 13
999 816 0
817 999 13
999 817 0
818 999 13
999 818 0
819 999 13
999 819 0
820 999 13
999 820 0
821 999 13
999 821 0
822 999 13
999 822 0
823 999 13
999 823 0
824 999 13
999 824 0
825 999 13
999 825 0
826 999 13
999 826 0
827 999 13
999 827 0
828 999 13
999 828 0
829 999 13
999 829 0
830 999 13
999 830 0
831 999 13
999 831 0
832 999 13
999 832 0
833 999 13
999 833 0
834 999 13
999 834 0
835 999 13
999 835 0
836 999 13
999 836 0
837 999 13
999 837 0
838 999 13
999 838 0
839 999 13
999 839 0
840 999 13
999 840 0
841 999 13
999 841 0
842 999 13
999 842 0
843 999 13
999 843 0
844 999 13
999 844 0
845 999 13
999 845 0
846 999 13
999 846 0
847 999 13
999 847 0
848 999 13
999 848 0
849 999 13
999 849 0
850 999 13
999 850 0
851 999 13
999 851 0
852 999 13
999 852 0
853 999 13
999 853 0
854 999 13
999 854 0
855 999 13
999 855 0
856 999 13
999 856 0
857 999 13
999 857 0
858 999 13
999 858 0
859 999 13
999 859 0
860 999 13
999 860 0
861 999 13
999 861 0
862 999 13
999 862 0
863 999 13
999 863 0
864 999 13
999 864 0
865 999 13
999 865 0
866 999 13
999 866 0
867 999 13
999 867 0
868 999 13
999 868 0
869 999 13
999 869 0
870 999 13
999 870 0
871 999 13
999 871 0
872 999 13
999 872 0
873 999 13
999 873 0
874 999 13
999 874 0
875 999 13
999 875 0
876 999 13
999 876 0
877 999 13
999 877 0
878 999 13
999 878 0
879 999 13
999 879 0
880 999 13
999 880 0
881 999 13
999 881 0
882 999 13
999 882 0
883 999 13
999 883 0
884 999 13
999 884 0
885 999 13
999 885 0
886 999 13
999 886 0
887 999 13
999 887 0
888 999 13
999 888 0
889 999 13
999 889 0
890 999 13
999 890 0
891 999 13
999 891 0
892 999 13
999 892 0
893 999 13
999 893 0
894 999 13
999 894 0
895 999 13
999 895 0
896 999 13
999 896 0
897 999 13
999 897 0
898 999 13
999 898 0
899 999 13
999 899 0
900 999 13
999 900 0
901 999 13
999 901 0
902 999 13
999 902 0
903 999 13
999 903 0
904 999 13
999 904 0
905 999 13
999 905 0
906 999 13
999 906 0
907 999 13
999 907 0
908 999 13
999 908 0
909 999 13
999 909 0
910 999 13
999 910 0
911 999 13
999 911 0
912 999 13
999 912 0
913 999 13
999 913 0
914 999 13
999 914 0
915 999 13
999 915 0
916 999 13
999 916 0
917 999 13
999 917 0
918 999 13
999 918 0
919 999 13
999 919 0
920 999 13
999 920 0
921 999 13
999 921 0
922 999 13
999 922 0
923 999 13
999 923 0
924 999 13
999 924 0
925 999 13
999 925 0
926 999 13
999 926 0
927 999 13
999 927 0
928 999 13
999 928 0
929 999 13
999 929 0
930 999 13
999 930 0
931 999 13
999 931 0
932 999 13
999 932 0
933 999 13
999 933 0
934 999 13
999 934 0
935 999 13
999 935 0
936 999 13
999 936 0
937 999 13
999 937 0
938 999 13
999 938 0
939 999 13
999 939 0
940 999 13
999 940 0
941 999 13
999 941 0
942 999 13
999 942 0
943 999 13
999 943 0
944 999 13
999 944 0
945 999 13
999 945 0
946 999 13
999 946 0
947 999 13
999 947 0
948 999 13
999 948 0
949 999 13
999 949 0
950 999 13
999 950 0
951 999 13
999 951 0
952 999 13
999 952 0
953 999 13
999 953 0
954 999 13
999 954 0
955 999 13
999 955 0
956 999 13
999 956 0
957 999 13
999 957 0
958 999 13
999 958 0
959 999 13
999 959 0
960 999 13
999 960 0
961 999 13
999 961 0
962 999 13
999 962 0
963 999 13
999 963 0
964 999 13
999 964 0
965 999 13
999 965 0
966 999 13
999 966 0
967 999 13
999 967 0
968 999 13
999 968 0
969 999 13
999 969 0
970 999 13
999 970 0
971 999 13
999 971 0
972 999 13
999 972 0
973 999 13
999 973 0
974 999 13
999 974 0
975 999 13
999 975 0
976 999 13
999 976 0
977 999 13
999 977 0
978 999 13
999 978 0
979 999 13
999 979 0
980 999 13
999 980 0
981 999 13
999 981 0
982 999 13
999 982 0
983 999 13
999 983 0
984 999 13
999 984 0
985 999 13
999 985 0
986 999 13
999 986 0
987 999 13
999 987 0
988 999 13
999 988 0
989 999 13
999 989 0
990 999 13
999 990 0
991 999 13
999 991 0
992 999 13
999 992 0
993 999 13
999 993 0
994 999 13
999 994 0
995 999 13
999 995 0
996 999 13
999 996 0
997 999 13
999 997 0
998 999 13
999 998 0
