3820 3819 108 7638
1 3820 1
3820 1 0
2 3820 1
3820 2 0
3 3820 1
3820 3 0
4 3820 1
3820 4 0
5 3820 1
3820 5 0
6 3820 1
3820 6 0
7 3820 1
3820 7 0
8 3820 1
3820 8 0
9 3820 1
3820 9 0
10 3820 1
3820 10 0
11 3820 1
3820 11 0
12 3820 1
3820 12 0
13 3820 1
3820 13 0
14 3820 1
3820 14 0
15 3820 1
3820 15 0
16 3820 1
3820 16 0
17 3820 1
3820 17 0
18 3820 1
3820 18 0
19 3820 1
3820 19 0
20 3820 1
3820 20 0
21 3820 1
3820 21 0
22 3820 1
3820 22 0
23 3820 1
3820 23 0
24 3820 1
3820 24 0
25 3820 1
3820 25 0
26 3820 1
3820 26 0
27 3820 1
3820 27 0
28 3820 1
3820 28 0
29 3820 1
3820 29 0
30 3820 1
3820 30 0
31 3820 1
3820 31 0
32 3820 1
3820 32 0
33 3820 1
3820 33 0
34 3820 1
3820 34 0
35 3820 1
3820 35 0
36 3820 1
3820 36 0
37 3820 1
3820 37 0
38 3820 1
3820 38 0
39 3820 1
3820 39 0
40 3820 1
3820 40 0
41 3820 1
3820 41 0
42 3820 1
3820 42 0
43 3820 1
3820 43 0
44 3820 1
3820 44 0
45 3820 1
3820 45 0
46 3820 1
3820 46 0
47 3820 1
3820 47 0
48 3820 1
3820 48 0
49 3820 1
3820 49 0
50 3820 1
3820 50 0
51 3820 1
3820 51 0
52 3820 1
3820 52 0
53 3820 1
3820 53 0
54 3820 1
3820 54 0
55 3820 1
3820 55 0
56 3820 1
3820 56 0
57 3820 1
3820 57 0
58 3820 1
3820 58 0
59 3820 1
3820 59 0
60 3820 1
3820 60 0
61 3820 1
3820 61 0
62 3820 1
3820 62 0
63 3820 1
3820 63 0
64 3820 1
3820 64 0
65 3820 1
3820 65 0
66 3820 1
3820 66 0
67 3820 1
3820 67 0
68 3820 1
3820 68 0
69 3820 1
3820 69 0
70 3820 1
3820 70 0
71 3820 1
3820 71 0
72 3820 1
3820 72 0
73 3820 1
3820 73 0
74 3820 1
3820 74 0
75 3820 1
3820 75 0
76 3820 1
3820 76 0
77 3820 1
3820 77 0
78 3820 1
3820 78 0
79 3820 1
3820 79 0
80 3820 1
3820 80 0
81 3820 1
3820 81 0
82 3820 1
3820 82 0
83 3820 1
3820 83 0
84 3820 1
3820 84 0
85 3820 1
3820 85 0
86 3820 1
3820 86 0
87 3820 1
3820 87 0
88 3820 1
3820 88 0
89 3820 1
3820 89 0
90 3820 1
3820 90 0
91 3820 1
3820 91 0
92 3820 1
3820 92 0
93 3820 1
3820 93 0
94 3820 1
3820 94 0
95 3820 1
3820 95 0
96 3820 1
3820 96 0
97 3820 1
3820 97 0
98 3820 1
3820 98 0
99 3820 1
3820 99 0
100 3820 1
3820 100 0
101 3820 1
3820 101 0
102 3820 1
3820 102 0
103 3820 1
3820 103 0
104 3820 1
3820 104 0
105 3820 1
3820 105 0
106 3820 1
3820 106 0
107 3820 1
3820 107 0
108 3820 1
3820 108 0
109 3820 1
3820 109 0
110 3820 1
3820 110 0
111 3820 1
3820 111 0
112 3820 1
3820 112 0
113 3820 1
3820 113 0
114 3820 1
3820 114 0
115 3820 1
3820 115 0
116 3820 1
3820 116 0
117 3820 1
3820 117 0
118 3820 1
3820 118 0
119 3820 1
3820 119 0
120 3820 1
3820 120 0
121 3820 1
3820 121 0
122 3820 1
3820 122 0
123 3820 1
3820 123 0
124 3820 1
3820 124 0
125 3820 1
3820 125 0
126 3820 1
3820 126 0
127 3820 1
3820 127 0
128 3820 1
3820 128 0
129 3820 1
3820 129 0
130 3820 1
3820 130 0
131 3820 1
3820 131 0
132 3820 1
3820 132 0
133 3820 1
3820 133 0
134 3820 1
3820 134 0
135 3820 1
3820 135 0
136 3820 1
3820 136 0
137 3820 1
3820 137 0
138 3820 1
3820 138 0
139 3820 1
3820 139 0
140 3820 1
3820 140 0
141 3820 1
3820 141 0
142 3820 1
3820 142 0
143 3820 1
3820 143 0
144 3820 1
3820 144 0
145 3820 1
3820 145 0
146 3820 1
3820 146 0
147 3820 1
3820 147 0
148 3820 1
3820 148 0
149 3820 1
3820 149 0
150 3820 1
3820 150 0
151 3820 1
3820 151 0
152 3820 1
3820 152 0
153 3820 1
3820 153 0
154 3820 1
3820 154 0
155 3820 1
3820 155 0
156 3820 1
3820 156 0
157 3820 1
3820 157 0
158 3820 1
3820 158 0
159 3820 1
3820 159 0
160 3820 1
3820 160 0
161 3820 1
3820 161 0
162 3820 1
3820 162 0
163 3820 1
3820 163 0
164 3820 1
3820 164 0
165 3820 1
3820 165 0
166 3820 1
3820 166 0
167 3820 1
3820 167 0
168 3820 1
3820 168 0
169 3820 1
3820 169 0
170 3820 1
3820 170 0
171 3820 1
3820 171 0
172 3820 1
3820 172 0
173 3820 1
3820 173 0
174 3820 1
3820 174 0
175 3820 1
3820 175 0
176 3820 1
3820 176 0
177 3820 1
3820 177 0
178 3820 1
3820 178 0
179 3820 1
3820 179 0
180 3820 1
3820 180 0
181 3820 1
3820 181 0
182 3820 1
3820 182 0
183 3820 1
3820 183 0
184 3820 1
3820 184 0
185 3820 1
3820 185 0
186 3820 1
3820 186 0
187 3820 1
3820 187 0
188 3820 1
3820 188 0
189 3820 1
3820 189 0
190 3820 1
3820 190 0
191 3820 1
3820 191 0
192 3820 1
3820 192 0
193 3820 1
3820 193 0
194 3820 1
3820 194 0
195 3820 1
3820 195 0
196 3820 1
3820 196 0
197 3820 1
3820 197 0
198 3820 1
3820 198 0
199 3820 1
3820 199 0
200 3820 1
3820 200 0
201 3820 1
3820 201 0
202 3820 1
3820 202 0
203 3820 1
3820 203 0
204 3820 1
3820 204 0
205 3820 1
3820 205 0
206 3820 1
3820 206 0
207 3820 1
3820 207 0
208 3820 1
3820 208 0
209 3820 1
3820 209 0
210 3820 1
3820 210 0
211 3820 1
3820 211 0
212 3820 1
3820 212 0
213 3820 1
3820 213 0
214 3820 1
3820 214 0
215 3820 1
3820 215 0
216 3820 1
3820 216 0
217 3820 1
3820 217 0
218 3820 1
3820 218 0
219 3820 1
3820 219 0
220 3820 1
3820 220 0
221 3820 1
3820 221 0
222 3820 1
3820 222 0
223 3820 1
3820 223 0
224 3820 1
3820 224 0
225 3820 1
3820 225 0
226 3820 1
3820 226 0
227 3820 1
3820 227 0
228 3820 1
3820 228 0
229 3820 1
3820 229 0
230 3820 1
3820 230 0
231 3820 1
3820 231 0
232 3820 1
3820 232 0
233 3820 1
3820 233 0
234 3820 1
3820 234 0
235 3820 1
3820 235 0
236 3820 1
3820 236 0
237 3820 1
3820 237 0
238 3820 1
3820 238 0
239 3820 1
3820 239 0
240 3820 1
3820 240 0
241 3820 1
3820 241 0
242 3820 1
3820 242 0
243 3820 1
3820 243 0
244 3820 1
3820 244 0
245 3820 1
3820 245 0
246 3820 1
3820 246 0
247 3820 1
3820 247 0
248 3820 1
3820 248 0
249 3820 1
3820 249 0
250 3820 1
3820 250 0
251 3820 1
3820 251 0
252 3820 1
3820 252 0
253 3820 1
3820 253 0
254 3820 1
3820 254 0
255 3820 1
3820 255 0
256 3820 1
3820 256 0
257 3820 1
3820 257 0
258 3820 1
3820 258 0
259 3820 1
3820 259 0
260 3820 1
3820 260 0
261 3820 1
3820 261 0
262 3820 1
3820 262 0
263 3820 1
3820 263 0
264 3820 1
3820 264 0
265 3820 1
3820 265 0
266 3820 1
3820 266 0
267 3820 1
3820 267 0
268 3820 1
3820 268 0
269 3820 1
3820 269 0
270 3820 1
3820 270 0
271 3820 1
3820 271 0
272 3820 1
3820 272 0
273 3820 1
3820 273 0
274 3820 1
3820 274 0
275 3820 1
3820 275 0
276 3820 1
3820 276 0
277 3820 1
3820 277 0
278 3820 1
3820 278 0
279 3820 1
3820 279 0
280 3820 1
3820 280 0
281 3820 1
3820 281 0
282 3820 1
3820 282 0
283 3820 1
3820 283 0
284 3820 1
3820 284 0
285 3820 1
3820 285 0
286 3820 1
3820 286 0
287 3820 1
3820 287 0
288 3820 1
3820 288 0
289 3820 1
3820 289 0
290 3820 1
3820 290 0
291 3820 1
3820 291 0
292 3820 1
3820 292 0
293 3820 1
3820 293 0
294 3820 1
3820 294 0
295 3820 1
3820 295 0
296 3820 1
3820 296 0
297 3820 1
3820 297 0
298 3820 1
3820 298 0
299 3820 1
3820 299 0
300 3820 1
3820 300 0
301 3820 1
3820 301 0
302 3820 1
3820 302 0
303 3820 1
3820 303 0
304 3820 1
3820 304 0
305 3820 1
3820 305 0
306 3820 1
3820 306 0
307 3820 1
3820 307 0
308 3820 1
3820 308 0
309 3820 1
3820 309 0
310 3820 1
3820 310 0
311 3820 1
3820 311 0
312 3820 1
3820 312 0
313 3820 1
3820 313 0
314 3820 1
3820 314 0
315 3820 1
3820 315 0
316 3820 1
3820 316 0
317 3820 1
3820 317 0
318 3820 1
3820 318 0
319 3820 1
3820 319 0
320 3820 1
3820 320 0
321 3820 1
3820 321 0
322 3820 1
3820 322 0
323 3820 1
3820 323 0
324 3820 1
3820 324 0
325 3820 1
3820 325 0
326 3820 1
3820 326 0
327 3820 1
3820 327 0
328 3820 1
3820 328 0
329 3820 1
3820 329 0
330 3820 1
3820 330 0
331 3820 1
3820 331 0
332 3820 1
3820 332 0
333 3820 1
3820 333 0
334 3820 1
3820 334 0
335 3820 1
3820 335 0
336 3820 1
3820 336 0
337 3820 1
3820 337 0
338 3820 1
3820 338 0
339 3820 1
3820 339 0
340 3820 1
3820 340 0
341 3820 1
3820 341 0
342 3820 1
3820 342 0
343 3820 1
3820 343 0
344 3820 1
3820 344 0
345 3820 1
3820 345 0
346 3820 1
3820 346 0
347 3820 1
3820 347 0
348 3820 1
3820 348 0
349 3820 1
3820 349 0
350 3820 1
3820 350 0
351 3820 1
3820 351 0
352 3820 1
3820 352 0
353 3820 1
3820 353 0
354 3820 1
3820 354 0
355 3820 1
3820 355 0
356 3820 1
3820 356 0
357 3820 1
3820 357 0
358 3820 1
3820 358 0
359 3820 1
3820 359 0
360 3820 1
3820 360 0
361 3820 1
3820 361 0
362 3820 1
3820 362 0
363 3820 1
3820 363 0
364 3820 1
3820 364 0
365 3820 1
3820 365 0
366 3820 1
3820 366 0
367 3820 1
3820 367 0
368 3820 1
3820 368 0
369 3820 1
3820 369 0
370 3820 1
3820 370 0
371 3820 1
3820 371 0
372 3820 1
3820 372 0
373 3820 1
3820 373 0
374 3820 1
3820 374 0
375 3820 1
3820 375 0
376 3820 1
3820 376 0
377 3820 1
3820 377 0
378 3820 1
3820 378 0
379 3820 1
3820 379 0
380 3820 1
3820 380 0
381 3820 1
3820 381 0
382 3820 1
3820 382 0
383 3820 1
3820 383 0
384 3820 1
3820 384 0
385 3820 1
3820 385 0
386 3820 1
3820 386 0
387 3820 1
3820 387 0
388 3820 1
3820 388 0
389 3820 1
3820 389 0
390 3820 1
3820 390 0
391 3820 1
3820 391 0
392 3820 1
3820 392 0
393 3820 1
3820 393 0
394 3820 1
3820 394 0
395 3820 1
3820 395 0
396 3820 1
3820 396 0
397 3820 1
3820 397 0
398 3820 1
3820 398 0
399 3820 1
3820 399 0
400 3820 1
3820 400 0
401 3820 1
3820 401 0
402 3820 1
3820 402 0
403 3820 1
3820 403 0
404 3820 1
3820 404 0
405 3820 1
3820 405 0
406 3820 1
3820 406 0
407 3820 1
3820 407 0
408 3820 1
3820 408 0
409 3820 1
3820 409 0
410 3820 1
3820 410 0
411 3820 1
3820 411 0
412 3820 1
3820 412 0
413 3820 1
3820 413 0
414 3820 1
3820 414 0
415 3820 1
3820 415 0
416 3820 1
3820 416 0
417 3820 1
3820 417 0
418 3820 1
3820 418 0
419 3820 1
3820 419 0
420 3820 1
3820 420 0
421 3820 1
3820 421 0
422 3820 1
3820 422 0
423 3820 1
3820 423 0
424 3820 1
3820 424 0
425 3820 1
3820 425 0
426 3820 1
3820 426 0
427 3820 1
3820 427 0
428 3820 1
3820 428 0
429 3820 1
3820 429 0
430 3820 1
3820 430 0
431 3820 1
3820 431 0
432 3820 1
3820 432 0
433 3820 1
3820 433 0
434 3820 1
3820 434 0
435 3820 1
3820 435 0
436 3820 1
3820 436 0
437 3820 1
3820 437 0
438 3820 1
3820 438 0
439 3820 1
3820 439 0
440 3820 1
3820 440 0
441 3820 1
3820 441 0
442 3820 1
3820 442 0
443 3820 1
3820 443 0
444 3820 1
3820 444 0
445 3820 1
3820 445 0
446 3820 1
3820 446 0
447 3820 1
3820 447 0
448 3820 1
3820 448 0
449 3820 1
3820 449 0
450 3820 1
3820 450 0
451 3820 1
3820 451 0
452 3820 1
3820 452 0
453 3820 1
3820 453 0
454 3820 1
3820 454 0
455 3820 1
3820 455 0
456 3820 1
3820 456 0
457 3820 1
3820 457 0
458 3820 1
3820 458 0
459 3820 1
3820 459 0
460 3820 1
3820 460 0
461 3820 1
3820 461 0
462 3820 1
3820 462 0
463 3820 1
3820 463 0
464 3820 1
3820 464 0
465 3820 1
3820 465 0
466 3820 1
3820 466 0
467 3820 1
3820 467 0
468 3820 1
3820 468 0
469 3820 1
3820 469 0
470 3820 1
3820 470 0
471 3820 1
3820 471 0
472 3820 1
3820 472 0
473 3820 1
3820 473 0
474 3820 1
3820 474 0
475 3820 1
3820 475 0
476 3820 1
3820 476 0
477 3820 1
3820 477 0
478 3820 1
3820 478 0
479 3820 1
3820 479 0
480 3820 1
3820 480 0
481 3820 1
3820 481 0
482 3820 1
3820 482 0
483 3820 1
3820 483 0
484 3820 1
3820 484 0
485 3820 1
3820 485 0
486 3820 1
3820 486 0
487 3820 1
3820 487 0
488 3820 1
3820 488 0
489 3820 1
3820 489 0
490 3820 1
3820 490 0
491 3820 1
3820 491 0
492 3820 1
3820 492 0
493 3820 1
3820 493 0
494 3820 1
3820 494 0
495 3820 1
3820 495 0
496 3820 1
3820 496 0
497 3820 1
3820 497 0
498 3820 1
3820 498 0
499 3820 1
3820 499 0
500 3820 1
3820 500 0
501 3820 1
3820 501 0
502 3820 1
3820 502 0
503 3820 1
3820 503 0
504 3820 1
3820 504 0
505 3820 1
3820 505 0
506 3820 1
3820 506 0
507 3820 1
3820 507 0
508 3820 1
3820 508 0
509 3820 1
3820 509 0
510 3820 1
3820 510 0
511 3820 1
3820 511 0
512 3820 1
3820 512 0
513 3820 1
3820 513 0
514 3820 1
3820 514 0
515 3820 1
3820 515 0
516 3820 1
3820 516 0
517 3820 1
3820 517 0
518 3820 1
3820 518 0
519 3820 1
3820 519 0
520 3820 1
3820 520 0
521 3820 1
3820 521 0
522 3820 1
3820 522 0
523 3820 1
3820 523 0
524 3820 1
3820 524 0
525 3820 1
3820 525 0
526 3820 1
3820 526 0
527 3820 1
3820 527 0
528 3820 1
3820 528 0
529 3820 1
3820 529 0
530 3820 1
3820 530 0
531 3820 1
3820 531 0
532 3820 1
3820 532 0
533 3820 1
3820 533 0
534 3820 1
3820 534 0
535 3820 1
3820 535 0
536 3820 1
3820 536 0
537 3820 1
3820 537 0
538 3820 1
3820 538 0
539 3820 1
3820 539 0
540 3820 1
3820 540 0
541 3820 1
3820 541 0
542 3820 1
3820 542 0
543 3820 1
3820 543 0
544 3820 1
3820 544 0
545 3820 1
3820 545 0
546 3820 1
3820 546 0
547 3820 1
3820 547 0
548 3820 1
3820 548 0
549 3820 1
3820 549 0
550 3820 1
3820 550 0
551 3820 1
3820 551 0
552 3820 1
3820 552 0
553 3820 1
3820 553 0
554 3820 1
3820 554 0
555 3820 1
3820 555 0
556 3820 1
3820 556 0
557 3820 1
3820 557 0
558 3820 1
3820 558 0
559 3820 1
3820 559 0
560 3820 1
3820 560 0
561 3820 1
3820 561 0
562 3820 1
3820 562 0
563 3820 1
3820 563 0
564 3820 1
3820 564 0
565 3820 1
3820 565 0
566 3820 1
3820 566 0
567 3820 1
3820 567 0
568 3820 1
3820 568 0
569 3820 1
3820 569 0
570 3820 1
3820 570 0
571 3820 1
3820 571 0
572 3820 1
3820 572 0
573 3820 1
3820 573 0
574 3820 1
3820 574 0
575 3820 1
3820 575 0
576 3820 1
3820 576 0
577 3820 1
3820 577 0
578 3820 1
3820 578 0
579 3820 1
3820 579 0
580 3820 1
3820 580 0
581 3820 1
3820 581 0
582 3820 1
3820 582 0
583 3820 1
3820 583 0
584 3820 1
3820 584 0
585 3820 1
3820 585 0
586 3820 1
3820 586 0
587 3820 1
3820 587 0
588 3820 1
3820 588 0
589 3820 1
3820 589 0
590 3820 1
3820 590 0
591 3820 1
3820 591 0
592 3820 1
3820 592 0
593 3820 1
3820 593 0
594 3820 1
3820 594 0
595 3820 1
3820 595 0
596 3820 1
3820 596 0
597 3820 1
3820 597 0
598 3820 1
3820 598 0
599 3820 1
3820 599 0
600 3820 1
3820 600 0
601 3820 1
3820 601 0
602 3820 1
3820 602 0
603 3820 1
3820 603 0
604 3820 1
3820 604 0
605 3820 1
3820 605 0
606 3820 1
3820 606 0
607 3820 1
3820 607 0
608 3820 1
3820 608 0
609 3820 1
3820 609 0
610 3820 1
3820 610 0
611 3820 1
3820 611 0
612 3820 1
3820 612 0
613 3820 1
3820 613 0
614 3820 1
3820 614 0
615 3820 1
3820 615 0
616 3820 1
3820 616 0
617 3820 1
3820 617 0
618 3820 1
3820 618 0
619 3820 1
3820 619 0
620 3820 1
3820 620 0
621 3820 1
3820 621 0
622 3820 1
3820 622 0
623 3820 1
3820 623 0
624 3820 1
3820 624 0
625 3820 1
3820 625 0
626 3820 1
3820 626 0
627 3820 1
3820 627 0
628 3820 1
3820 628 0
629 3820 1
3820 629 0
630 3820 1
3820 630 0
631 3820 1
3820 631 0
632 3820 1
3820 632 0
633 3820 1
3820 633 0
634 3820 1
3820 634 0
635 3820 1
3820 635 0
636 3820 1
3820 636 0
637 3820 1
3820 637 0
638 3820 1
3820 638 0
639 3820 1
3820 639 0
640 3820 1
3820 640 0
641 3820 1
3820 641 0
642 3820 1
3820 642 0
643 3820 1
3820 643 0
644 3820 1
3820 644 0
645 3820 1
3820 645 0
646 3820 1
3820 646 0
647 3820 1
3820 647 0
648 3820 1
3820 648 0
649 3820 1
3820 649 0
650 3820 1
3820 650 0
651 3820 1
3820 651 0
652 3820 1
3820 652 0
653 3820 1
3820 653 0
654 3820 1
3820 654 0
655 3820 1
3820 655 0
656 3820 1
3820 656 0
657 3820 1
3820 657 0
658 3820 1
3820 658 0
659 3820 1
3820 659 0
660 3820 1
3820 660 0
661 3820 1
3820 661 0
662 3820 1
3820 662 0
663 3820 1
3820 663 0
664 3820 1
3820 664 0
665 3820 1
3820 665 0
666 3820 1
3820 666 0
667 3820 1
3820 667 0
668 3820 1
3820 668 0
669 3820 1
3820 669 0
670 3820 1
3820 670 0
671 3820 1
3820 671 0
672 3820 1
3820 672 0
673 3820 1
3820 673 0
674 3820 1
3820 674 0
675 3820 1
3820 675 0
676 3820 1
3820 676 0
677 3820 1
3820 677 0
678 3820 1
3820 678 0
679 3820 1
3820 679 0
680 3820 1
3820 680 0
681 3820 1
3820 681 0
682 3820 1
3820 682 0
683 3820 1
3820 683 0
684 3820 1
3820 684 0
685 3820 1
3820 685 0
686 3820 1
3820 686 0
687 3820 1
3820 687 0
688 3820 1
3820 688 0
689 3820 1
3820 689 0
690 3820 1
3820 690 0
691 3820 1
3820 691 0
692 3820 1
3820 692 0
693 3820 1
3820 693 0
694 3820 1
3820 694 0
695 3820 1
3820 695 0
696 3820 1
3820 696 0
697 3820 1
3820 697 0
698 3820 1
3820 698 0
699 3820 1
3820 699 0
700 3820 1
3820 700 0
701 3820 1
3820 701 0
702 3820 1
3820 702 0
703 3820 1
3820 703 0
704 3820 1
3820 704 0
705 3820 1
3820 705 0
706 3820 1
3820 706 0
707 3820 1
3820 707 0
708 3820 1
3820 708 0
709 3820 1
3820 709 0
710 3820 1
3820 710 0
711 3820 1
3820 711 0
712 3820 1
3820 712 0
713 3820 1
3820 713 0
714 3820 1
3820 714 0
715 3820 1
3820 715 0
716 3820 1
3820 716 0
717 3820 1
3820 717 0
718 3820 1
3820 718 0
719 3820 1
3820 719 0
720 3820 1
3820 720 0
721 3820 1
3820 721 0
722 3820 1
3820 722 0
723 3820 1
3820 723 0
724 3820 1
3820 724 0
725 3820 1
3820 725 0
726 3820 1
3820 726 0
727 3820 1
3820 727 0
728 3820 1
3820 728 0
729 3820 1
3820 729 0
730 3820 1
3820 730 0
731 3820 1
3820 731 0
732 3820 1
3820 732 0
733 3820 1
3820 733 0
734 3820 1
3820 734 0
735 3820 1
3820 735 0
736 3820 1
3820 736 0
737 3820 1
3820 737 0
738 3820 1
3820 738 0
739 3820 1
3820 739 0
740 3820 1
3820 740 0
741 3820 1
3820 741 0
742 3820 1
3820 742 0
743 3820 1
3820 743 0
744 3820 1
3820 744 0
745 3820 1
3820 745 0
746 3820 1
3820 746 0
747 3820 1
3820 747 0
748 3820 1
3820 748 0
749 3820 1
3820 749 0
750 3820 1
3820 750 0
751 3820 1
3820 751 0
752 3820 1
3820 752 0
753 3820 1
3820 753 0
754 3820 1
3820 754 0
755 3820 1
3820 755 0
756 3820 1
3820 756 0
757 3820 1
3820 757 0
758 3820 1
3820 758 0
759 3820 1
3820 759 0
760 3820 1
3820 760 0
761 3820 1
3820 761 0
762 3820 1
3820 762 0
763 3820 1
3820 763 0
764 3820 1
3820 764 0
765 3820 1
3820 765 0
766 3820 1
3820 766 0
767 3820 1
3820 767 0
768 3820 1
3820 768 0
769 3820 1
3820 769 0
770 3820 1
3820 770 0
771 3820 1
3820 771 0
772 3820 1
3820 772 0
773 3820 1
3820 773 0
774 3820 1
3820 774 0
775 3820 1
3820 775 0
776 3820 1
3820 776 0
777 3820 1
3820 777 0
778 3820 1
3820 778 0
779 3820 1
3820 779 0
780 3820 1
3820 780 0
781 3820 1
3820 781 0
782 3820 1
3820 782 0
783 3820 1
3820 783 0
784 3820 1
3820 784 0
785 3820 1
3820 785 0
786 3820 1
3820 786 0
787 3820 1
3820 787 0
788 3820 1
3820 788 0
789 3820 1
3820 789 0
790 3820 1
3820 790 0
791 3820 1
3820 791 0
792 3820 1
3820 792 0
793 3820 1
3820 793 0
794 3820 1
3820 794 0
795 3820 1
3820 795 0
796 3820 1
3820 796 0
797 3820 1
3820 797 0
798 3820 1
3820 798 0
799 3820 1
3820 799 0
800 3820 1
3820 800 0
801 3820 1
3820 801 0
802 3820 1
3820 802 0
803 3820 1
3820 803 0
804 3820 1
3820 804 0
805 3820 1
3820 805 0
806 3820 1
3820 806 0
807 3820 1
3820 807 0
808 3820 1
3820 808 0
809 3820 1
3820 809 0
810 3820 1
3820 810 0
811 3820 1
3820 811 0
812 3820 1
3820 812 0
813 3820 1
3820 813 0
814 3820 1
3820 814 0
815 3820 1
3820 815 0
816 3820 1
3820 816 0
817 3820 1
3820 817 0
818 3820 1
3820 818 0
819 3820 1
3820 819 0
820 3820 1
3820 820 0
821 3820 1
3820 821 0
822 3820 1
3820 822 0
823 3820 1
3820 823 0
824 3820 1
3820 824 0
825 3820 1
3820 825 0
826 3820 1
3820 826 0
827 3820 1
3820 827 0
828 3820 1
3820 828 0
829 3820 1
3820 829 0
830 3820 1
3820 830 0
831 3820 1
3820 831 0
832 3820 1
3820 832 0
833 3820 1
3820 833 0
834 3820 1
3820 834 0
835 3820 1
3820 835 0
836 3820 1
3820 836 0
837 3820 1
3820 837 0
838 3820 1
3820 838 0
839 3820 1
3820 839 0
840 3820 1
3820 840 0
841 3820 1
3820 841 0
842 3820 1
3820 842 0
843 3820 1
3820 843 0
844 3820 1
3820 844 0
845 3820 1
3820 845 0
846 3820 1
3820 846 0
847 3820 1
3820 847 0
848 3820 1
3820 848 0
849 3820 1
3820 849 0
850 3820 1
3820 850 0
851 3820 1
3820 851 0
852 3820 1
3820 852 0
853 3820 1
3820 853 0
854 3820 1
3820 854 0
855 3820 1
3820 855 0
856 3820 1
3820 856 0
857 3820 1
3820 857 0
858 3820 1
3820 858 0
859 3820 1
3820 859 0
860 3820 1
3820 860 0
861 3820 1
3820 861 0
862 3820 1
3820 862 0
863 3820 1
3820 863 0
864 3820 1
3820 864 0
865 3820 1
3820 865 0
866 3820 1
3820 866 0
867 3820 1
3820 867 0
868 3820 1
3820 868 0
869 3820 1
3820 869 0
870 3820 1
3820 870 0
871 3820 1
3820 871 0
872 3820 1
3820 872 0
873 3820 1
3820 873 0
874 3820 1
3820 874 0
875 3820 1
3820 875 0
876 3820 1
3820 876 0
877 3820 1
3820 877 0
878 3820 1
3820 878 0
879 3820 1
3820 879 0
880 3820 1
3820 880 0
881 3820 1
3820 881 0
882 3820 1
3820 882 0
883 3820 1
3820 883 0
884 3820 1
3820 884 0
885 3820 1
3820 885 0
886 3820 1
3820 886 0
887 3820 1
3820 887 0
888 3820 1
3820 888 0
889 3820 1
3820 889 0
890 3820 1
3820 890 0
891 3820 1
3820 891 0
892 3820 1
3820 892 0
893 3820 1
3820 893 0
894 3820 1
3820 894 0
895 3820 1
3820 895 0
896 3820 1
3820 896 0
897 3820 1
3820 897 0
898 3820 1
3820 898 0
899 3820 1
3820 899 0
900 3820 1
3820 900 0
901 3820 1
3820 901 0
902 3820 1
3820 902 0
903 3820 1
3820 903 0
904 3820 1
3820 904 0
905 3820 1
3820 905 0
906 3820 1
3820 906 0
907 3820 1
3820 907 0
908 3820 1
3820 908 0
909 3820 1
3820 909 0
910 3820 1
3820 910 0
911 3820 1
3820 911 0
912 3820 1
3820 912 0
913 3820 1
3820 913 0
914 3820 1
3820 914 0
915 3820 1
3820 915 0
916 3820 1
3820 916 0
917 3820 1
3820 917 0
918 3820 1
3820 918 0
919 3820 1
3820 919 0
920 3820 1
3820 920 0
921 3820 1
3820 921 0
922 3820 1
3820 922 0
923 3820 1
3820 923 0
924 3820 1
3820 924 0
925 3820 1
3820 925 0
926 3820 1
3820 926 0
927 3820 1
3820 927 0
928 3820 1
3820 928 0
929 3820 1
3820 929 0
930 3820 1
3820 930 0
931 3820 1
3820 931 0
932 3820 1
3820 932 0
933 3820 1
3820 933 0
934 3820 1
3820 934 0
935 3820 1
3820 935 0
936 3820 1
3820 936 0
937 3820 1
3820 937 0
938 3820 1
3820 938 0
939 3820 1
3820 939 0
940 3820 1
3820 940 0
941 3820 1
3820 941 0
942 3820 1
3820 942 0
943 3820 1
3820 943 0
944 3820 1
3820 944 0
945 3820 1
3820 945 0
946 3820 1
3820 946 0
947 3820 1
3820 947 0
948 3820 1
3820 948 0
949 3820 1
3820 949 0
950 3820 1
3820 950 0
951 3820 1
3820 951 0
952 3820 1
3820 952 0
953 3820 1
3820 953 0
954 3820 1
3820 954 0
955 3820 1
3820 955 0
956 3820 1
3820 956 0
957 3820 1
3820 957 0
958 3820 1
3820 958 0
959 3820 1
3820 959 0
960 3820 1
3820 960 0
961 3820 1
3820 961 0
962 3820 1
3820 962 0
963 3820 1
3820 963 0
964 3820 1
3820 964 0
965 3820 1
3820 965 0
966 3820 1
3820 966 0
967 3820 1
3820 967 0
968 3820 1
3820 968 0
969 3820 1
3820 969 0
970 3820 1
3820 970 0
971 3820 1
3820 971 0
972 3820 1
3820 972 0
973 3820 1
3820 973 0
974 3820 1
3820 974 0
975 3820 1
3820 975 0
976 3820 1
3820 976 0
977 3820 1
3820 977 0
978 3820 1
3820 978 0
979 3820 1
3820 979 0
980 3820 1
3820 980 0
981 3820 1
3820 981 0
982 3820 1
3820 982 0
983 3820 1
3820 983 0
984 3820 1
3820 984 0
985 3820 1
3820 985 0
986 3820 1
3820 986 0
987 3820 1
3820 987 0
988 3820 1
3820 988 0
989 3820 1
3820 989 0
990 3820 1
3820 990 0
991 3820 1
3820 991 0
992 3820 1
3820 992 0
993 3820 1
3820 993 0
994 3820 1
3820 994 0
995 3820 1
3820 995 0
996 3820 1
3820 996 0
997 3820 1
3820 997 0
998 3820 1
3820 998 0
999 3820 1
3820 999 0
1000 3820 1
3820 1000 0
1001 3820 1
3820 1001 0
1002 3820 1
3820 1002 0
1003 3820 1
3820 1003 0
1004 3820 1
3820 1004 0
1005 3820 1
3820 1005 0
1006 3820 1
3820 1006 0
1007 3820 1
3820 1007 0
1008 3820 1
3820 1008 0
1009 3820 1
3820 1009 0
1010 3820 1
3820 1010 0
1011 3820 1
3820 1011 0
1012 3820 1
3820 1012 0
1013 3820 1
3820 1013 0
1014 3820 1
3820 1014 0
1015 3820 1
3820 1015 0
1016 3820 1
3820 1016 0
1017 3820 1
3820 1017 0
1018 3820 1
3820 1018 0
1019 3820 1
3820 1019 0
1020 3820 1
3820 1020 0
1021 3820 1
3820 1021 0
1022 3820 1
3820 1022 0
1023 3820 1
3820 1023 0
1024 3820 1
3820 1024 0
1025 3820 1
3820 1025 0
1026 3820 1
3820 1026 0
1027 3820 1
3820 1027 0
1028 3820 1
3820 1028 0
1029 3820 1
3820 1029 0
1030 3820 1
3820 1030 0
1031 3820 1
3820 1031 0
1032 3820 1
3820 1032 0
1033 3820 1
3820 1033 0
1034 3820 1
3820 1034 0
1035 3820 1
3820 1035 0
1036 3820 1
3820 1036 0
1037 3820 1
3820 1037 0
1038 3820 1
3820 1038 0
1039 3820 1
3820 1039 0
1040 3820 1
3820 1040 0
1041 3820 1
3820 1041 0
1042 3820 1
3820 1042 0
1043 3820 1
3820 1043 0
1044 3820 1
3820 1044 0
1045 3820 1
3820 1045 0
1046 3820 1
3820 1046 0
1047 3820 1
3820 1047 0
1048 3820 1
3820 1048 0
1049 3820 1
3820 1049 0
1050 3820 1
3820 1050 0
1051 3820 1
3820 1051 0
1052 3820 1
3820 1052 0
1053 3820 1
3820 1053 0
1054 3820 1
3820 1054 0
1055 3820 1
3820 1055 0
1056 3820 1
3820 1056 0
1057 3820 1
3820 1057 0
1058 3820 1
3820 1058 0
1059 3820 1
3820 1059 0
1060 3820 1
3820 1060 0
1061 3820 1
3820 1061 0
1062 3820 1
3820 1062 0
1063 3820 1
3820 1063 0
1064 3820 1
3820 1064 0
1065 3820 1
3820 1065 0
1066 3820 1
3820 1066 0
1067 3820 1
3820 1067 0
1068 3820 1
3820 1068 0
1069 3820 1
3820 1069 0
1070 3820 1
3820 1070 0
1071 3820 1
3820 1071 0
1072 3820 1
3820 1072 0
1073 3820 1
3820 1073 0
1074 3820 1
3820 1074 0
1075 3820 1
3820 1075 0
1076 3820 1
3820 1076 0
1077 3820 1
3820 1077 0
1078 3820 1
3820 1078 0
1079 3820 1
3820 1079 0
1080 3820 1
3820 1080 0
1081 3820 1
3820 1081 0
1082 3820 1
3820 1082 0
1083 3820 1
3820 1083 0
1084 3820 1
3820 1084 0
1085 3820 1
3820 1085 0
1086 3820 1
3820 1086 0
1087 3820 1
3820 1087 0
1088 3820 1
3820 1088 0
1089 3820 1
3820 1089 0
1090 3820 1
3820 1090 0
1091 3820 1
3820 1091 0
1092 3820 1
3820 1092 0
1093 3820 1
3820 1093 0
1094 3820 1
3820 1094 0
1095 3820 1
3820 1095 0
1096 3820 1
3820 1096 0
1097 3820 1
3820 1097 0
1098 3820 1
3820 1098 0
1099 3820 1
3820 1099 0
1100 3820 1
3820 1100 0
1101 3820 1
3820 1101 0
1102 3820 1
3820 1102 0
1103 3820 1
3820 1103 0
1104 3820 1
3820 1104 0
1105 3820 1
3820 1105 0
1106 3820 1
3820 1106 0
1107 3820 1
3820 1107 0
1108 3820 1
3820 1108 0
1109 3820 1
3820 1109 0
1110 3820 1
3820 1110 0
1111 3820 1
3820 1111 0
1112 3820 1
3820 1112 0
1113 3820 1
3820 1113 0
1114 3820 1
3820 1114 0
1115 3820 1
3820 1115 0
1116 3820 1
3820 1116 0
1117 3820 1
3820 1117 0
1118 3820 1
3820 1118 0
1119 3820 1
3820 1119 0
1120 3820 1
3820 1120 0
1121 3820 1
3820 1121 0
1122 3820 1
3820 1122 0
1123 3820 1
3820 1123 0
1124 3820 1
3820 1124 0
1125 3820 1
3820 1125 0
1126 3820 1
3820 1126 0
1127 3820 1
3820 1127 0
1128 3820 1
3820 1128 0
1129 3820 1
3820 1129 0
1130 3820 1
3820 1130 0
1131 3820 1
3820 1131 0
1132 3820 1
3820 1132 0
1133 3820 1
3820 1133 0
1134 3820 1
3820 1134 0
1135 3820 1
3820 1135 0
1136 3820 1
3820 1136 0
1137 3820 1
3820 1137 0
1138 3820 1
3820 1138 0
1139 3820 1
3820 1139 0
1140 3820 1
3820 1140 0
1141 3820 1
3820 1141 0
1142 3820 1
3820 1142 0
1143 3820 1
3820 1143 0
1144 3820 1
3820 1144 0
1145 3820 1
3820 1145 0
1146 3820 1
3820 1146 0
1147 3820 1
3820 1147 0
1148 3820 1
3820 1148 0
1149 3820 1
3820 1149 0
1150 3820 1
3820 1150 0
1151 3820 1
3820 1151 0
1152 3820 1
3820 1152 0
1153 3820 1
3820 1153 0
1154 3820 1
3820 1154 0
1155 3820 1
3820 1155 0
1156 3820 1
3820 1156 0
1157 3820 1
3820 1157 0
1158 3820 1
3820 1158 0
1159 3820 1
3820 1159 0
1160 3820 1
3820 1160 0
1161 3820 1
3820 1161 0
1162 3820 1
3820 1162 0
1163 3820 1
3820 1163 0
1164 3820 1
3820 1164 0
1165 3820 1
3820 1165 0
1166 3820 1
3820 1166 0
1167 3820 1
3820 1167 0
1168 3820 1
3820 1168 0
1169 3820 1
3820 1169 0
1170 3820 1
3820 1170 0
1171 3820 1
3820 1171 0
1172 3820 1
3820 1172 0
1173 3820 1
3820 1173 0
1174 3820 1
3820 1174 0
1175 3820 1
3820 1175 0
1176 3820 1
3820 1176 0
1177 3820 1
3820 1177 0
1178 3820 1
3820 1178 0
1179 3820 1
3820 1179 0
1180 3820 1
3820 1180 0
1181 3820 1
3820 1181 0
1182 3820 1
3820 1182 0
1183 3820 1
3820 1183 0
1184 3820 1
3820 1184 0
1185 3820 1
3820 1185 0
1186 3820 1
3820 1186 0
1187 3820 1
3820 1187 0
1188 3820 1
3820 1188 0
1189 3820 1
3820 1189 0
1190 3820 1
3820 1190 0
1191 3820 1
3820 1191 0
1192 3820 1
3820 1192 0
1193 3820 1
3820 1193 0
1194 3820 1
3820 1194 0
1195 3820 1
3820 1195 0
1196 3820 1
3820 1196 0
1197 3820 1
3820 1197 0
1198 3820 1
3820 1198 0
1199 3820 1
3820 1199 0
1200 3820 1
3820 1200 0
1201 3820 1
3820 1201 0
1202 3820 1
3820 1202 0
1203 3820 1
3820 1203 0
1204 3820 1
3820 1204 0
1205 3820 1
3820 1205 0
1206 3820 1
3820 1206 0
1207 3820 1
3820 1207 0
1208 3820 1
3820 1208 0
1209 3820 1
3820 1209 0
1210 3820 1
3820 1210 0
1211 3820 1
3820 1211 0
1212 3820 1
3820 1212 0
1213 3820 1
3820 1213 0
1214 3820 1
3820 1214 0
1215 3820 1
3820 1215 0
1216 3820 1
3820 1216 0
1217 3820 1
3820 1217 0
1218 3820 1
3820 1218 0
1219 3820 1
3820 1219 0
1220 3820 1
3820 1220 0
1221 3820 1
3820 1221 0
1222 3820 1
3820 1222 0
1223 3820 1
3820 1223 0
1224 3820 1
3820 1224 0
1225 3820 1
3820 1225 0
1226 3820 1
3820 1226 0
1227 3820 1
3820 1227 0
1228 3820 1
3820 1228 0
1229 3820 1
3820 1229 0
1230 3820 1
3820 1230 0
1231 3820 1
3820 1231 0
1232 3820 1
3820 1232 0
1233 3820 1
3820 1233 0
1234 3820 1
3820 1234 0
1235 3820 1
3820 1235 0
1236 3820 1
3820 1236 0
1237 3820 1
3820 1237 0
1238 3820 1
3820 1238 0
1239 3820 1
3820 1239 0
1240 3820 1
3820 1240 0
1241 3820 1
3820 1241 0
1242 3820 1
3820 1242 0
1243 3820 1
3820 1243 0
1244 3820 1
3820 1244 0
1245 3820 1
3820 1245 0
1246 3820 1
3820 1246 0
1247 3820 1
3820 1247 0
1248 3820 1
3820 1248 0
1249 3820 1
3820 1249 0
1250 3820 1
3820 1250 0
1251 3820 1
3820 1251 0
1252 3820 1
3820 1252 0
1253 3820 1
3820 1253 0
1254 3820 1
3820 1254 0
1255 3820 1
3820 1255 0
1256 3820 1
3820 1256 0
1257 3820 1
3820 1257 0
1258 3820 1
3820 1258 0
1259 3820 1
3820 1259 0
1260 3820 1
3820 1260 0
1261 3820 1
3820 1261 0
1262 3820 1
3820 1262 0
1263 3820 1
3820 1263 0
1264 3820 1
3820 1264 0
1265 3820 1
3820 1265 0
1266 3820 1
3820 1266 0
1267 3820 1
3820 1267 0
1268 3820 1
3820 1268 0
1269 3820 1
3820 1269 0
1270 3820 1
3820 1270 0
1271 3820 1
3820 1271 0
1272 3820 1
3820 1272 0
1273 3820 1
3820 1273 0
1274 3820 1
3820 1274 0
1275 3820 1
3820 1275 0
1276 3820 1
3820 1276 0
1277 3820 1
3820 1277 0
1278 3820 1
3820 1278 0
1279 3820 1
3820 1279 0
1280 3820 1
3820 1280 0
1281 3820 1
3820 1281 0
1282 3820 1
3820 1282 0
1283 3820 1
3820 1283 0
1284 3820 1
3820 1284 0
1285 3820 1
3820 1285 0
1286 3820 1
3820 1286 0
1287 3820 1
3820 1287 0
1288 3820 1
3820 1288 0
1289 3820 1
3820 1289 0
1290 3820 1
3820 1290 0
1291 3820 1
3820 1291 0
1292 3820 1
3820 1292 0
1293 3820 1
3820 1293 0
1294 3820 1
3820 1294 0
1295 3820 1
3820 1295 0
1296 3820 1
3820 1296 0
1297 3820 1
3820 1297 0
1298 3820 1
3820 1298 0
1299 3820 1
3820 1299 0
1300 3820 1
3820 1300 0
1301 3820 1
3820 1301 0
1302 3820 1
3820 1302 0
1303 3820 1
3820 1303 0
1304 3820 1
3820 1304 0
1305 3820 1
3820 1305 0
1306 3820 1
3820 1306 0
1307 3820 1
3820 1307 0
1308 3820 1
3820 1308 0
1309 3820 1
3820 1309 0
1310 3820 1
3820 1310 0
1311 3820 1
3820 1311 0
1312 3820 1
3820 1312 0
1313 3820 1
3820 1313 0
1314 3820 1
3820 1314 0
1315 3820 1
3820 1315 0
1316 3820 1
3820 1316 0
1317 3820 1
3820 1317 0
1318 3820 1
3820 1318 0
1319 3820 1
3820 1319 0
1320 3820 1
3820 1320 0
1321 3820 1
3820 1321 0
1322 3820 1
3820 1322 0
1323 3820 1
3820 1323 0
1324 3820 1
3820 1324 0
1325 3820 1
3820 1325 0
1326 3820 1
3820 1326 0
1327 3820 1
3820 1327 0
1328 3820 1
3820 1328 0
1329 3820 1
3820 1329 0
1330 3820 1
3820 1330 0
1331 3820 1
3820 1331 0
1332 3820 1
3820 1332 0
1333 3820 1
3820 1333 0
1334 3820 1
3820 1334 0
1335 3820 1
3820 1335 0
1336 3820 1
3820 1336 0
1337 3820 1
3820 1337 0
1338 3820 1
3820 1338 0
1339 3820 1
3820 1339 0
1340 3820 1
3820 1340 0
1341 3820 1
3820 1341 0
1342 3820 1
3820 1342 0
1343 3820 1
3820 1343 0
1344 3820 1
3820 1344 0
1345 3820 1
3820 1345 0
1346 3820 1
3820 1346 0
1347 3820 1
3820 1347 0
1348 3820 1
3820 1348 0
1349 3820 1
3820 1349 0
1350 3820 1
3820 1350 0
1351 3820 1
3820 1351 0
1352 3820 1
3820 1352 0
1353 3820 1
3820 1353 0
1354 3820 1
3820 1354 0
1355 3820 1
3820 1355 0
1356 3820 1
3820 1356 0
1357 3820 1
3820 1357 0
1358 3820 1
3820 1358 0
1359 3820 1
3820 1359 0
1360 3820 1
3820 1360 0
1361 3820 1
3820 1361 0
1362 3820 1
3820 1362 0
1363 3820 1
3820 1363 0
1364 3820 1
3820 1364 0
1365 3820 1
3820 1365 0
1366 3820 1
3820 1366 0
1367 3820 1
3820 1367 0
1368 3820 1
3820 1368 0
1369 3820 1
3820 1369 0
1370 3820 1
3820 1370 0
1371 3820 1
3820 1371 0
1372 3820 1
3820 1372 0
1373 3820 1
3820 1373 0
1374 3820 1
3820 1374 0
1375 3820 1
3820 1375 0
1376 3820 1
3820 1376 0
1377 3820 1
3820 1377 0
1378 3820 1
3820 1378 0
1379 3820 1
3820 1379 0
1380 3820 1
3820 1380 0
1381 3820 1
3820 1381 0
1382 3820 1
3820 1382 0
1383 3820 1
3820 1383 0
1384 3820 1
3820 1384 0
1385 3820 1
3820 1385 0
1386 3820 1
3820 1386 0
1387 3820 1
3820 1387 0
1388 3820 1
3820 1388 0
1389 3820 1
3820 1389 0
1390 3820 1
3820 1390 0
1391 3820 1
3820 1391 0
1392 3820 1
3820 1392 0
1393 3820 1
3820 1393 0
1394 3820 1
3820 1394 0
1395 3820 1
3820 1395 0
1396 3820 1
3820 1396 0
1397 3820 1
3820 1397 0
1398 3820 1
3820 1398 0
1399 3820 1
3820 1399 0
1400 3820 1
3820 1400 0
1401 3820 1
3820 1401 0
1402 3820 1
3820 1402 0
1403 3820 1
3820 1403 0
1404 3820 1
3820 1404 0
1405 3820 1
3820 1405 0
1406 3820 1
3820 1406 0
1407 3820 1
3820 1407 0
1408 3820 1
3820 1408 0
1409 3820 1
3820 1409 0
1410 3820 1
3820 1410 0
1411 3820 1
3820 1411 0
1412 3820 1
3820 1412 0
1413 3820 1
3820 1413 0
1414 3820 1
3820 1414 0
1415 3820 1
3820 1415 0
1416 3820 1
3820 1416 0
1417 3820 1
3820 1417 0
1418 3820 1
3820 1418 0
1419 3820 1
3820 1419 0
1420 3820 1
3820 1420 0
1421 3820 1
3820 1421 0
1422 3820 1
3820 1422 0
1423 3820 1
3820 1423 0
1424 3820 1
3820 1424 0
1425 3820 1
3820 1425 0
1426 3820 1
3820 1426 0
1427 3820 1
3820 1427 0
1428 3820 1
3820 1428 0
1429 3820 1
3820 1429 0
1430 3820 1
3820 1430 0
1431 3820 1
3820 1431 0
1432 3820 1
3820 1432 0
1433 3820 1
3820 1433 0
1434 3820 1
3820 1434 0
1435 3820 1
3820 1435 0
1436 3820 1
3820 1436 0
1437 3820 1
3820 1437 0
1438 3820 1
3820 1438 0
1439 3820 1
3820 1439 0
1440 3820 1
3820 1440 0
1441 3820 1
3820 1441 0
1442 3820 1
3820 1442 0
1443 3820 1
3820 1443 0
1444 3820 1
3820 1444 0
1445 3820 1
3820 1445 0
1446 3820 1
3820 1446 0
1447 3820 1
3820 1447 0
1448 3820 1
3820 1448 0
1449 3820 1
3820 1449 0
1450 3820 1
3820 1450 0
1451 3820 1
3820 1451 0
1452 3820 1
3820 1452 0
1453 3820 1
3820 1453 0
1454 3820 1
3820 1454 0
1455 3820 1
3820 1455 0
1456 3820 1
3820 1456 0
1457 3820 1
3820 1457 0
1458 3820 1
3820 1458 0
1459 3820 1
3820 1459 0
1460 3820 1
3820 1460 0
1461 3820 1
3820 1461 0
1462 3820 1
3820 1462 0
1463 3820 1
3820 1463 0
1464 3820 1
3820 1464 0
1465 3820 1
3820 1465 0
1466 3820 1
3820 1466 0
1467 3820 1
3820 1467 0
1468 3820 1
3820 1468 0
1469 3820 1
3820 1469 0
1470 3820 1
3820 1470 0
1471 3820 1
3820 1471 0
1472 3820 1
3820 1472 0
1473 3820 1
3820 1473 0
1474 3820 1
3820 1474 0
1475 3820 1
3820 1475 0
1476 3820 1
3820 1476 0
1477 3820 1
3820 1477 0
1478 3820 1
3820 1478 0
1479 3820 1
3820 1479 0
1480 3820 1
3820 1480 0
1481 3820 1
3820 1481 0
1482 3820 1
3820 1482 0
1483 3820 1
3820 1483 0
1484 3820 1
3820 1484 0
1485 3820 1
3820 1485 0
1486 3820 1
3820 1486 0
1487 3820 1
3820 1487 0
1488 3820 1
3820 1488 0
1489 3820 1
3820 1489 0
1490 3820 1
3820 1490 0
1491 3820 1
3820 1491 0
1492 3820 1
3820 1492 0
1493 3820 1
3820 1493 0
1494 3820 1
3820 1494 0
1495 3820 1
3820 1495 0
1496 3820 1
3820 1496 0
1497 3820 1
3820 1497 0
1498 3820 1
3820 1498 0
1499 3820 1
3820 1499 0
1500 3820 1
3820 1500 0
1501 3820 1
3820 1501 0
1502 3820 1
3820 1502 0
1503 3820 1
3820 1503 0
1504 3820 1
3820 1504 0
1505 3820 1
3820 1505 0
1506 3820 1
3820 1506 0
1507 3820 1
3820 1507 0
1508 3820 1
3820 1508 0
1509 3820 1
3820 1509 0
1510 3820 1
3820 1510 0
1511 3820 1
3820 1511 0
1512 3820 1
3820 1512 0
1513 3820 1
3820 1513 0
1514 3820 1
3820 1514 0
1515 3820 1
3820 1515 0
1516 3820 1
3820 1516 0
1517 3820 1
3820 1517 0
1518 3820 1
3820 1518 0
1519 3820 1
3820 1519 0
1520 3820 1
3820 1520 0
1521 3820 1
3820 1521 0
1522 3820 1
3820 1522 0
1523 3820 1
3820 1523 0
1524 3820 1
3820 1524 0
1525 3820 1
3820 1525 0
1526 3820 1
3820 1526 0
1527 3820 1
3820 1527 0
1528 3820 1
3820 1528 0
1529 3820 1
3820 1529 0
1530 3820 1
3820 1530 0
1531 3820 1
3820 1531 0
1532 3820 1
3820 1532 0
1533 3820 1
3820 1533 0
1534 3820 1
3820 1534 0
1535 3820 1
3820 1535 0
1536 3820 1
3820 1536 0
1537 3820 1
3820 1537 0
1538 3820 1
3820 1538 0
1539 3820 1
3820 1539 0
1540 3820 1
3820 1540 0
1541 3820 1
3820 1541 0
1542 3820 1
3820 1542 0
1543 3820 1
3820 1543 0
1544 3820 1
3820 1544 0
1545 3820 1
3820 1545 0
1546 3820 1
3820 1546 0
1547 3820 1
3820 1547 0
1548 3820 1
3820 1548 0
1549 3820 1
3820 1549 0
1550 3820 1
3820 1550 0
1551 3820 1
3820 1551 0
1552 3820 1
3820 1552 0
1553 3820 1
3820 1553 0
1554 3820 1
3820 1554 0
1555 3820 1
3820 1555 0
1556 3820 1
3820 1556 0
1557 3820 1
3820 1557 0
1558 3820 1
3820 1558 0
1559 3820 1
3820 1559 0
1560 3820 1
3820 1560 0
1561 3820 1
3820 1561 0
1562 3820 1
3820 1562 0
1563 3820 1
3820 1563 0
1564 3820 1
3820 1564 0
1565 3820 1
3820 1565 0
1566 3820 1
3820 1566 0
1567 3820 1
3820 1567 0
1568 3820 1
3820 1568 0
1569 3820 1
3820 1569 0
1570 3820 1
3820 1570 0
1571 3820 1
3820 1571 0
1572 3820 1
3820 1572 0
1573 3820 1
3820 1573 0
1574 3820 1
3820 1574 0
1575 3820 1
3820 1575 0
1576 3820 1
3820 1576 0
1577 3820 1
3820 1577 0
1578 3820 1
3820 1578 0
1579 3820 1
3820 1579 0
1580 3820 1
3820 1580 0
1581 3820 1
3820 1581 0
1582 3820 1
3820 1582 0
1583 3820 1
3820 1583 0
1584 3820 1
3820 1584 0
1585 3820 1
3820 1585 0
1586 3820 1
3820 1586 0
1587 3820 1
3820 1587 0
1588 3820 1
3820 1588 0
1589 3820 1
3820 1589 0
1590 3820 1
3820 1590 0
1591 3820 1
3820 1591 0
1592 3820 1
3820 1592 0
1593 3820 1
3820 1593 0
1594 3820 1
3820 1594 0
1595 3820 1
3820 1595 0
1596 3820 1
3820 1596 0
1597 3820 1
3820 1597 0
1598 3820 1
3820 1598 0
1599 3820 1
3820 1599 0
1600 3820 1
3820 1600 0
1601 3820 1
3820 1601 0
1602 3820 1
3820 1602 0
1603 3820 1
3820 1603 0
1604 3820 1
3820 1604 0
1605 3820 1
3820 1605 0
1606 3820 1
3820 1606 0
1607 3820 1
3820 1607 0
1608 3820 1
3820 1608 0
1609 3820 1
3820 1609 0
1610 3820 1
3820 1610 0
1611 3820 1
3820 1611 0
1612 3820 1
3820 1612 0
1613 3820 1
3820 1613 0
1614 3820 1
3820 1614 0
1615 3820 1
3820 1615 0
1616 3820 1
3820 1616 0
1617 3820 1
3820 1617 0
1618 3820 1
3820 1618 0
1619 3820 1
3820 1619 0
1620 3820 1
3820 1620 0
1621 3820 1
3820 1621 0
1622 3820 1
3820 1622 0
1623 3820 1
3820 1623 0
1624 3820 1
3820 1624 0
1625 3820 1
3820 1625 0
1626 3820 1
3820 1626 0
1627 3820 1
3820 1627 0
1628 3820 1
3820 1628 0
1629 3820 1
3820 1629 0
1630 3820 1
3820 1630 0
1631 3820 1
3820 1631 0
1632 3820 1
3820 1632 0
1633 3820 1
3820 1633 0
1634 3820 1
3820 1634 0
1635 3820 1
3820 1635 0
1636 3820 1
3820 1636 0
1637 3820 1
3820 1637 0
1638 3820 1
3820 1638 0
1639 3820 1
3820 1639 0
1640 3820 1
3820 1640 0
1641 3820 1
3820 1641 0
1642 3820 1
3820 1642 0
1643 3820 1
3820 1643 0
1644 3820 1
3820 1644 0
1645 3820 1
3820 1645 0
1646 3820 1
3820 1646 0
1647 3820 1
3820 1647 0
1648 3820 1
3820 1648 0
1649 3820 1
3820 1649 0
1650 3820 1
3820 1650 0
1651 3820 1
3820 1651 0
1652 3820 1
3820 1652 0
1653 3820 1
3820 1653 0
1654 3820 1
3820 1654 0
1655 3820 1
3820 1655 0
1656 3820 1
3820 1656 0
1657 3820 1
3820 1657 0
1658 3820 1
3820 1658 0
1659 3820 1
3820 1659 0
1660 3820 1
3820 1660 0
1661 3820 1
3820 1661 0
1662 3820 1
3820 1662 0
1663 3820 1
3820 1663 0
1664 3820 1
3820 1664 0
1665 3820 1
3820 1665 0
1666 3820 1
3820 1666 0
1667 3820 1
3820 1667 0
1668 3820 1
3820 1668 0
1669 3820 1
3820 1669 0
1670 3820 1
3820 1670 0
1671 3820 1
3820 1671 0
1672 3820 1
3820 1672 0
1673 3820 1
3820 1673 0
1674 3820 1
3820 1674 0
1675 3820 1
3820 1675 0
1676 3820 1
3820 1676 0
1677 3820 1
3820 1677 0
1678 3820 1
3820 1678 0
1679 3820 1
3820 1679 0
1680 3820 1
3820 1680 0
1681 3820 1
3820 1681 0
1682 3820 1
3820 1682 0
1683 3820 1
3820 1683 0
1684 3820 1
3820 1684 0
1685 3820 1
3820 1685 0
1686 3820 1
3820 1686 0
1687 3820 1
3820 1687 0
1688 3820 1
3820 1688 0
1689 3820 1
3820 1689 0
1690 3820 1
3820 1690 0
1691 3820 1
3820 1691 0
1692 3820 1
3820 1692 0
1693 3820 1
3820 1693 0
1694 3820 1
3820 1694 0
1695 3820 1
3820 1695 0
1696 3820 1
3820 1696 0
1697 3820 1
3820 1697 0
1698 3820 1
3820 1698 0
1699 3820 1
3820 1699 0
1700 3820 1
3820 1700 0
1701 3820 1
3820 1701 0
1702 3820 1
3820 1702 0
1703 3820 1
3820 1703 0
1704 3820 1
3820 1704 0
1705 3820 1
3820 1705 0
1706 3820 1
3820 1706 0
1707 3820 1
3820 1707 0
1708 3820 1
3820 1708 0
1709 3820 1
3820 1709 0
1710 3820 1
3820 1710 0
1711 3820 1
3820 1711 0
1712 3820 1
3820 1712 0
1713 3820 1
3820 1713 0
1714 3820 1
3820 1714 0
1715 3820 1
3820 1715 0
1716 3820 1
3820 1716 0
1717 3820 1
3820 1717 0
1718 3820 1
3820 1718 0
1719 3820 1
3820 1719 0
1720 3820 1
3820 1720 0
1721 3820 1
3820 1721 0
1722 3820 1
3820 1722 0
1723 3820 1
3820 1723 0
1724 3820 1
3820 1724 0
1725 3820 1
3820 1725 0
1726 3820 1
3820 1726 0
1727 3820 1
3820 1727 0
1728 3820 1
3820 1728 0
1729 3820 1
3820 1729 0
1730 3820 1
3820 1730 0
1731 3820 1
3820 1731 0
1732 3820 1
3820 1732 0
1733 3820 1
3820 1733 0
1734 3820 1
3820 1734 0
1735 3820 1
3820 1735 0
1736 3820 1
3820 1736 0
1737 3820 1
3820 1737 0
1738 3820 1
3820 1738 0
1739 3820 1
3820 1739 0
1740 3820 1
3820 1740 0
1741 3820 1
3820 1741 0
1742 3820 1
3820 1742 0
1743 3820 1
3820 1743 0
1744 3820 1
3820 1744 0
1745 3820 1
3820 1745 0
1746 3820 1
3820 1746 0
1747 3820 1
3820 1747 0
1748 3820 1
3820 1748 0
1749 3820 1
3820 1749 0
1750 3820 1
3820 1750 0
1751 3820 1
3820 1751 0
1752 3820 1
3820 1752 0
1753 3820 1
3820 1753 0
1754 3820 1
3820 1754 0
1755 3820 1
3820 1755 0
1756 3820 1
3820 1756 0
1757 3820 1
3820 1757 0
1758 3820 1
3820 1758 0
1759 3820 1
3820 1759 0
1760 3820 1
3820 1760 0
1761 3820 1
3820 1761 0
1762 3820 1
3820 1762 0
1763 3820 1
3820 1763 0
1764 3820 1
3820 1764 0
1765 3820 1
3820 1765 0
1766 3820 1
3820 1766 0
1767 3820 1
3820 1767 0
1768 3820 1
3820 1768 0
1769 3820 1
3820 1769 0
1770 3820 1
3820 1770 0
1771 3820 1
3820 1771 0
1772 3820 1
3820 1772 0
1773 3820 1
3820 1773 0
1774 3820 1
3820 1774 0
1775 3820 1
3820 1775 0
1776 3820 1
3820 1776 0
1777 3820 1
3820 1777 0
1778 3820 1
3820 1778 0
1779 3820 1
3820 1779 0
1780 3820 1
3820 1780 0
1781 3820 1
3820 1781 0
1782 3820 1
3820 1782 0
1783 3820 1
3820 1783 0
1784 3820 1
3820 1784 0
1785 3820 1
3820 1785 0
1786 3820 1
3820 1786 0
1787 3820 1
3820 1787 0
1788 3820 1
3820 1788 0
1789 3820 1
3820 1789 0
1790 3820 1
3820 1790 0
1791 3820 1
3820 1791 0
1792 3820 1
3820 1792 0
1793 3820 1
3820 1793 0
1794 3820 1
3820 1794 0
1795 3820 1
3820 1795 0
1796 3820 1
3820 1796 0
1797 3820 1
3820 1797 0
1798 3820 1
3820 1798 0
1799 3820 1
3820 1799 0
1800 3820 1
3820 1800 0
1801 3820 1
3820 1801 0
1802 3820 1
3820 1802 0
1803 3820 1
3820 1803 0
1804 3820 1
3820 1804 0
1805 3820 1
3820 1805 0
1806 3820 1
3820 1806 0
1807 3820 1
3820 1807 0
1808 3820 1
3820 1808 0
1809 3820 1
3820 1809 0
1810 3820 1
3820 1810 0
1811 3820 1
3820 1811 0
1812 3820 1
3820 1812 0
1813 3820 1
3820 1813 0
1814 3820 1
3820 1814 0
1815 3820 1
3820 1815 0
1816 3820 1
3820 1816 0
1817 3820 1
3820 1817 0
1818 3820 1
3820 1818 0
1819 3820 1
3820 1819 0
1820 3820 1
3820 1820 0
1821 3820 1
3820 1821 0
1822 3820 1
3820 1822 0
1823 3820 1
3820 1823 0
1824 3820 1
3820 1824 0
1825 3820 1
3820 1825 0
1826 3820 1
3820 1826 0
1827 3820 1
3820 1827 0
1828 3820 1
3820 1828 0
1829 3820 1
3820 1829 0
1830 3820 1
3820 1830 0
1831 3820 1
3820 1831 0
1832 3820 1
3820 1832 0
1833 3820 1
3820 1833 0
1834 3820 1
3820 1834 0
1835 3820 1
3820 1835 0
1836 3820 1
3820 1836 0
1837 3820 1
3820 1837 0
1838 3820 1
3820 1838 0
1839 3820 1
3820 1839 0
1840 3820 1
3820 1840 0
1841 3820 1
3820 1841 0
1842 3820 1
3820 1842 0
1843 3820 1
3820 1843 0
1844 3820 1
3820 1844 0
1845 3820 1
3820 1845 0
1846 3820 1
3820 1846 0
1847 3820 1
3820 1847 0
1848 3820 1
3820 1848 0
1849 3820 1
3820 1849 0
1850 3820 1
3820 1850 0
1851 3820 1
3820 1851 0
1852 3820 1
3820 1852 0
1853 3820 1
3820 1853 0
1854 3820 1
3820 1854 0
1855 3820 1
3820 1855 0
1856 3820 1
3820 1856 0
1857 3820 1
3820 1857 0
1858 3820 1
3820 1858 0
1859 3820 1
3820 1859 0
1860 3820 1
3820 1860 0
1861 3820 1
3820 1861 0
1862 3820 1
3820 1862 0
1863 3820 1
3820 1863 0
1864 3820 1
3820 1864 0
1865 3820 1
3820 1865 0
1866 3820 1
3820 1866 0
1867 3820 1
3820 1867 0
1868 3820 1
3820 1868 0
1869 3820 1
3820 1869 0
1870 3820 1
3820 1870 0
1871 3820 1
3820 1871 0
1872 3820 1
3820 1872 0
1873 3820 1
3820 1873 0
1874 3820 1
3820 1874 0
1875 3820 1
3820 1875 0
1876 3820 1
3820 1876 0
1877 3820 1
3820 1877 0
1878 3820 1
3820 1878 0
1879 3820 1
3820 1879 0
1880 3820 1
3820 1880 0
1881 3820 1
3820 1881 0
1882 3820 1
3820 1882 0
1883 3820 1
3820 1883 0
1884 3820 1
3820 1884 0
1885 3820 1
3820 1885 0
1886 3820 1
3820 1886 0
1887 3820 1
3820 1887 0
1888 3820 1
3820 1888 0
1889 3820 1
3820 1889 0
1890 3820 1
3820 1890 0
1891 3820 1
3820 1891 0
1892 3820 1
3820 1892 0
1893 3820 1
3820 1893 0
1894 3820 1
3820 1894 0
1895 3820 1
3820 1895 0
1896 3820 1
3820 1896 0
1897 3820 1
3820 1897 0
1898 3820 1
3820 1898 0
1899 3820 1
3820 1899 0
1900 3820 1
3820 1900 0
1901 3820 1
3820 1901 0
1902 3820 1
3820 1902 0
1903 3820 1
3820 1903 0
1904 3820 1
3820 1904 0
1905 3820 1
3820 1905 0
1906 3820 1
3820 1906 0
1907 3820 1
3820 1907 0
1908 3820 1
3820 1908 0
1909 3820 1
3820 1909 0
1910 3820 1
3820 1910 0
1911 3820 1
3820 1911 0
1912 3820 1
3820 1912 0
1913 3820 1
3820 1913 0
1914 3820 1
3820 1914 0
1915 3820 1
3820 1915 0
1916 3820 1
3820 1916 0
1917 3820 1
3820 1917 0
1918 3820 1
3820 1918 0
1919 3820 1
3820 1919 0
1920 3820 1
3820 1920 0
1921 3820 1
3820 1921 0
1922 3820 1
3820 1922 0
1923 3820 1
3820 1923 0
1924 3820 1
3820 1924 0
1925 3820 1
3820 1925 0
1926 3820 1
3820 1926 0
1927 3820 1
3820 1927 0
1928 3820 1
3820 1928 0
1929 3820 1
3820 1929 0
1930 3820 1
3820 1930 0
1931 3820 1
3820 1931 0
1932 3820 1
3820 1932 0
1933 3820 1
3820 1933 0
1934 3820 1
3820 1934 0
1935 3820 1
3820 1935 0
1936 3820 1
3820 1936 0
1937 3820 1
3820 1937 0
1938 3820 1
3820 1938 0
1939 3820 1
3820 1939 0
1940 3820 1
3820 1940 0
1941 3820 1
3820 1941 0
1942 3820 1
3820 1942 0
1943 3820 1
3820 1943 0
1944 3820 1
3820 1944 0
1945 3820 1
3820 1945 0
1946 3820 1
3820 1946 0
1947 3820 1
3820 1947 0
1948 3820 1
3820 1948 0
1949 3820 1
3820 1949 0
1950 3820 1
3820 1950 0
1951 3820 1
3820 1951 0
1952 3820 1
3820 1952 0
1953 3820 1
3820 1953 0
1954 3820 1
3820 1954 0
1955 3820 1
3820 1955 0
1956 3820 1
3820 1956 0
1957 3820 1
3820 1957 0
1958 3820 1
3820 1958 0
1959 3820 1
3820 1959 0
1960 3820 1
3820 1960 0
1961 3820 1
3820 1961 0
1962 3820 1
3820 1962 0
1963 3820 1
3820 1963 0
1964 3820 1
3820 1964 0
1965 3820 1
3820 1965 0
1966 3820 1
3820 1966 0
1967 3820 1
3820 1967 0
1968 3820 1
3820 1968 0
1969 3820 1
3820 1969 0
1970 3820 1
3820 1970 0
1971 3820 1
3820 1971 0
1972 3820 1
3820 1972 0
1973 3820 1
3820 1973 0
1974 3820 1
3820 1974 0
1975 3820 1
3820 1975 0
1976 3820 1
3820 1976 0
1977 3820 1
3820 1977 0
1978 3820 1
3820 1978 0
1979 3820 1
3820 1979 0
1980 3820 1
3820 1980 0
1981 3820 1
3820 1981 0
1982 3820 1
3820 1982 0
1983 3820 1
3820 1983 0
1984 3820 1
3820 1984 0
1985 3820 1
3820 1985 0
1986 3820 1
3820 1986 0
1987 3820 1
3820 1987 0
1988 3820 1
3820 1988 0
1989 3820 1
3820 1989 0
1990 3820 1
3820 1990 0
1991 3820 1
3820 1991 0
1992 3820 1
3820 1992 0
1993 3820 1
3820 1993 0
1994 3820 1
3820 1994 0
1995 3820 1
3820 1995 0
1996 3820 1
3820 1996 0
1997 3820 1
3820 1997 0
1998 3820 1
3820 1998 0
1999 3820 1
3820 1999 0
2000 3820 1
3820 2000 0
2001 3820 1
3820 2001 0
2002 3820 1
3820 2002 0
2003 3820 1
3820 2003 0
2004 3820 1
3820 2004 0
2005 3820 1
3820 2005 0
2006 3820 1
3820 2006 0
2007 3820 1
3820 2007 0
2008 3820 1
3820 2008 0
2009 3820 1
3820 2009 0
2010 3820 1
3820 2010 0
2011 3820 1
3820 2011 0
2012 3820 1
3820 2012 0
2013 3820 1
3820 2013 0
2014 3820 1
3820 2014 0
2015 3820 1
3820 2015 0
2016 3820 1
3820 2016 0
2017 3820 1
3820 2017 0
2018 3820 1
3820 2018 0
2019 3820 1
3820 2019 0
2020 3820 1
3820 2020 0
2021 3820 1
3820 2021 0
2022 3820 1
3820 2022 0
2023 3820 1
3820 2023 0
2024 3820 1
3820 2024 0
2025 3820 1
3820 2025 0
2026 3820 1
3820 2026 0
2027 3820 1
3820 2027 0
2028 3820 1
3820 2028 0
2029 3820 1
3820 2029 0
2030 3820 1
3820 2030 0
2031 3820 1
3820 2031 0
2032 3820 1
3820 2032 0
2033 3820 1
3820 2033 0
2034 3820 1
3820 2034 0
2035 3820 1
3820 2035 0
2036 3820 1
3820 2036 0
2037 3820 1
3820 2037 0
2038 3820 1
3820 2038 0
2039 3820 1
3820 2039 0
2040 3820 1
3820 2040 0
2041 3820 1
3820 2041 0
2042 3820 1
3820 2042 0
2043 3820 1
3820 2043 0
2044 3820 1
3820 2044 0
2045 3820 1
3820 2045 0
2046 3820 1
3820 2046 0
2047 3820 1
3820 2047 0
2048 3820 1
3820 2048 0
2049 3820 1
3820 2049 0
2050 3820 1
3820 2050 0
2051 3820 1
3820 2051 0
2052 3820 1
3820 2052 0
2053 3820 1
3820 2053 0
2054 3820 1
3820 2054 0
2055 3820 1
3820 2055 0
2056 3820 1
3820 2056 0
2057 3820 1
3820 2057 0
2058 3820 1
3820 2058 0
2059 3820 1
3820 2059 0
2060 3820 1
3820 2060 0
2061 3820 1
3820 2061 0
2062 3820 1
3820 2062 0
2063 3820 1
3820 2063 0
2064 3820 1
3820 2064 0
2065 3820 1
3820 2065 0
2066 3820 1
3820 2066 0
2067 3820 1
3820 2067 0
2068 3820 1
3820 2068 0
2069 3820 1
3820 2069 0
2070 3820 1
3820 2070 0
2071 3820 1
3820 2071 0
2072 3820 1
3820 2072 0
2073 3820 1
3820 2073 0
2074 3820 1
3820 2074 0
2075 3820 1
3820 2075 0
2076 3820 1
3820 2076 0
2077 3820 1
3820 2077 0
2078 3820 1
3820 2078 0
2079 3820 1
3820 2079 0
2080 3820 1
3820 2080 0
2081 3820 1
3820 2081 0
2082 3820 1
3820 2082 0
2083 3820 1
3820 2083 0
2084 3820 1
3820 2084 0
2085 3820 1
3820 2085 0
2086 3820 1
3820 2086 0
2087 3820 1
3820 2087 0
2088 3820 1
3820 2088 0
2089 3820 1
3820 2089 0
2090 3820 1
3820 2090 0
2091 3820 1
3820 2091 0
2092 3820 1
3820 2092 0
2093 3820 1
3820 2093 0
2094 3820 1
3820 2094 0
2095 3820 1
3820 2095 0
2096 3820 1
3820 2096 0
2097 3820 1
3820 2097 0
2098 3820 1
3820 2098 0
2099 3820 1
3820 2099 0
2100 3820 1
3820 2100 0
2101 3820 1
3820 2101 0
2102 3820 1
3820 2102 0
2103 3820 1
3820 2103 0
2104 3820 1
3820 2104 0
2105 3820 1
3820 2105 0
2106 3820 1
3820 2106 0
2107 3820 1
3820 2107 0
2108 3820 1
3820 2108 0
2109 3820 1
3820 2109 0
2110 3820 1
3820 2110 0
2111 3820 1
3820 2111 0
2112 3820 1
3820 2112 0
2113 3820 1
3820 2113 0
2114 3820 1
3820 2114 0
2115 3820 1
3820 2115 0
2116 3820 1
3820 2116 0
2117 3820 1
3820 2117 0
2118 3820 1
3820 2118 0
2119 3820 1
3820 2119 0
2120 3820 1
3820 2120 0
2121 3820 1
3820 2121 0
2122 3820 1
3820 2122 0
2123 3820 1
3820 2123 0
2124 3820 1
3820 2124 0
2125 3820 1
3820 2125 0
2126 3820 1
3820 2126 0
2127 3820 1
3820 2127 0
2128 3820 1
3820 2128 0
2129 3820 1
3820 2129 0
2130 3820 1
3820 2130 0
2131 3820 1
3820 2131 0
2132 3820 1
3820 2132 0
2133 3820 1
3820 2133 0
2134 3820 1
3820 2134 0
2135 3820 1
3820 2135 0
2136 3820 1
3820 2136 0
2137 3820 1
3820 2137 0
2138 3820 1
3820 2138 0
2139 3820 1
3820 2139 0
2140 3820 1
3820 2140 0
2141 3820 1
3820 2141 0
2142 3820 1
3820 2142 0
2143 3820 1
3820 2143 0
2144 3820 1
3820 2144 0
2145 3820 1
3820 2145 0
2146 3820 1
3820 2146 0
2147 3820 1
3820 2147 0
2148 3820 1
3820 2148 0
2149 3820 1
3820 2149 0
2150 3820 1
3820 2150 0
2151 3820 1
3820 2151 0
2152 3820 1
3820 2152 0
2153 3820 1
3820 2153 0
2154 3820 1
3820 2154 0
2155 3820 1
3820 2155 0
2156 3820 1
3820 2156 0
2157 3820 1
3820 2157 0
2158 3820 1
3820 2158 0
2159 3820 1
3820 2159 0
2160 3820 1
3820 2160 0
2161 3820 1
3820 2161 0
2162 3820 1
3820 2162 0
2163 3820 1
3820 2163 0
2164 3820 1
3820 2164 0
2165 3820 1
3820 2165 0
2166 3820 1
3820 2166 0
2167 3820 1
3820 2167 0
2168 3820 1
3820 2168 0
2169 3820 1
3820 2169 0
2170 3820 1
3820 2170 0
2171 3820 1
3820 2171 0
2172 3820 1
3820 2172 0
2173 3820 1
3820 2173 0
2174 3820 1
3820 2174 0
2175 3820 1
3820 2175 0
2176 3820 1
3820 2176 0
2177 3820 1
3820 2177 0
2178 3820 1
3820 2178 0
2179 3820 1
3820 2179 0
2180 3820 1
3820 2180 0
2181 3820 1
3820 2181 0
2182 3820 1
3820 2182 0
2183 3820 1
3820 2183 0
2184 3820 1
3820 2184 0
2185 3820 1
3820 2185 0
2186 3820 1
3820 2186 0
2187 3820 1
3820 2187 0
2188 3820 1
3820 2188 0
2189 3820 1
3820 2189 0
2190 3820 1
3820 2190 0
2191 3820 1
3820 2191 0
2192 3820 1
3820 2192 0
2193 3820 1
3820 2193 0
2194 3820 1
3820 2194 0
2195 3820 1
3820 2195 0
2196 3820 1
3820 2196 0
2197 3820 1
3820 2197 0
2198 3820 1
3820 2198 0
2199 3820 1
3820 2199 0
2200 3820 1
3820 2200 0
2201 3820 1
3820 2201 0
2202 3820 1
3820 2202 0
2203 3820 1
3820 2203 0
2204 3820 1
3820 2204 0
2205 3820 1
3820 2205 0
2206 3820 1
3820 2206 0
2207 3820 1
3820 2207 0
2208 3820 1
3820 2208 0
2209 3820 1
3820 2209 0
2210 3820 1
3820 2210 0
2211 3820 1
3820 2211 0
2212 3820 1
3820 2212 0
2213 3820 1
3820 2213 0
2214 3820 1
3820 2214 0
2215 3820 1
3820 2215 0
2216 3820 1
3820 2216 0
2217 3820 1
3820 2217 0
2218 3820 1
3820 2218 0
2219 3820 1
3820 2219 0
2220 3820 1
3820 2220 0
2221 3820 1
3820 2221 0
2222 3820 1
3820 2222 0
2223 3820 1
3820 2223 0
2224 3820 1
3820 2224 0
2225 3820 1
3820 2225 0
2226 3820 1
3820 2226 0
2227 3820 1
3820 2227 0
2228 3820 1
3820 2228 0
2229 3820 1
3820 2229 0
2230 3820 1
3820 2230 0
2231 3820 1
3820 2231 0
2232 3820 1
3820 2232 0
2233 3820 1
3820 2233 0
2234 3820 1
3820 2234 0
2235 3820 1
3820 2235 0
2236 3820 1
3820 2236 0
2237 3820 1
3820 2237 0
2238 3820 1
3820 2238 0
2239 3820 1
3820 2239 0
2240 3820 1
3820 2240 0
2241 3820 1
3820 2241 0
2242 3820 1
3820 2242 0
2243 3820 1
3820 2243 0
2244 3820 1
3820 2244 0
2245 3820 1
3820 2245 0
2246 3820 1
3820 2246 0
2247 3820 1
3820 2247 0
2248 3820 1
3820 2248 0
2249 3820 1
3820 2249 0
2250 3820 1
3820 2250 0
2251 3820 1
3820 2251 0
2252 3820 1
3820 2252 0
2253 3820 1
3820 2253 0
2254 3820 1
3820 2254 0
2255 3820 1
3820 2255 0
2256 3820 1
3820 2256 0
2257 3820 1
3820 2257 0
2258 3820 1
3820 2258 0
2259 3820 1
3820 2259 0
2260 3820 1
3820 2260 0
2261 3820 1
3820 2261 0
2262 3820 1
3820 2262 0
2263 3820 1
3820 2263 0
2264 3820 1
3820 2264 0
2265 3820 1
3820 2265 0
2266 3820 1
3820 2266 0
2267 3820 1
3820 2267 0
2268 3820 1
3820 2268 0
2269 3820 1
3820 2269 0
2270 3820 1
3820 2270 0
2271 3820 1
3820 2271 0
2272 3820 1
3820 2272 0
2273 3820 1
3820 2273 0
2274 3820 1
3820 2274 0
2275 3820 1
3820 2275 0
2276 3820 1
3820 2276 0
2277 3820 1
3820 2277 0
2278 3820 1
3820 2278 0
2279 3820 1
3820 2279 0
2280 3820 1
3820 2280 0
2281 3820 1
3820 2281 0
2282 3820 1
3820 2282 0
2283 3820 1
3820 2283 0
2284 3820 1
3820 2284 0
2285 3820 1
3820 2285 0
2286 3820 1
3820 2286 0
2287 3820 1
3820 2287 0
2288 3820 1
3820 2288 0
2289 3820 1
3820 2289 0
2290 3820 1
3820 2290 0
2291 3820 1
3820 2291 0
2292 3820 1
3820 2292 0
2293 3820 1
3820 2293 0
2294 3820 1
3820 2294 0
2295 3820 1
3820 2295 0
2296 3820 1
3820 2296 0
2297 3820 1
3820 2297 0
2298 3820 1
3820 2298 0
2299 3820 1
3820 2299 0
2300 3820 1
3820 2300 0
2301 3820 1
3820 2301 0
2302 3820 1
3820 2302 0
2303 3820 1
3820 2303 0
2304 3820 1
3820 2304 0
2305 3820 1
3820 2305 0
2306 3820 1
3820 2306 0
2307 3820 1
3820 2307 0
2308 3820 1
3820 2308 0
2309 3820 1
3820 2309 0
2310 3820 1
3820 2310 0
2311 3820 1
3820 2311 0
2312 3820 1
3820 2312 0
2313 3820 1
3820 2313 0
2314 3820 1
3820 2314 0
2315 3820 1
3820 2315 0
2316 3820 1
3820 2316 0
2317 3820 1
3820 2317 0
2318 3820 1
3820 2318 0
2319 3820 1
3820 2319 0
2320 3820 1
3820 2320 0
2321 3820 1
3820 2321 0
2322 3820 1
3820 2322 0
2323 3820 1
3820 2323 0
2324 3820 1
3820 2324 0
2325 3820 1
3820 2325 0
2326 3820 1
3820 2326 0
2327 3820 1
3820 2327 0
2328 3820 1
3820 2328 0
2329 3820 1
3820 2329 0
2330 3820 1
3820 2330 0
2331 3820 1
3820 2331 0
2332 3820 1
3820 2332 0
2333 3820 1
3820 2333 0
2334 3820 1
3820 2334 0
2335 3820 1
3820 2335 0
2336 3820 1
3820 2336 0
2337 3820 1
3820 2337 0
2338 3820 1
3820 2338 0
2339 3820 1
3820 2339 0
2340 3820 1
3820 2340 0
2341 3820 1
3820 2341 0
2342 3820 1
3820 2342 0
2343 3820 1
3820 2343 0
2344 3820 1
3820 2344 0
2345 3820 1
3820 2345 0
2346 3820 1
3820 2346 0
2347 3820 1
3820 2347 0
2348 3820 1
3820 2348 0
2349 3820 1
3820 2349 0
2350 3820 1
3820 2350 0
2351 3820 1
3820 2351 0
2352 3820 1
3820 2352 0
2353 3820 1
3820 2353 0
2354 3820 1
3820 2354 0
2355 3820 1
3820 2355 0
2356 3820 1
3820 2356 0
2357 3820 1
3820 2357 0
2358 3820 1
3820 2358 0
2359 3820 1
3820 2359 0
2360 3820 1
3820 2360 0
2361 3820 1
3820 2361 0
2362 3820 1
3820 2362 0
2363 3820 1
3820 2363 0
2364 3820 1
3820 2364 0
2365 3820 1
3820 2365 0
2366 3820 1
3820 2366 0
2367 3820 1
3820 2367 0
2368 3820 1
3820 2368 0
2369 3820 1
3820 2369 0
2370 3820 1
3820 2370 0
2371 3820 1
3820 2371 0
2372 3820 1
3820 2372 0
2373 3820 1
3820 2373 0
2374 3820 1
3820 2374 0
2375 3820 1
3820 2375 0
2376 3820 1
3820 2376 0
2377 3820 1
3820 2377 0
2378 3820 1
3820 2378 0
2379 3820 1
3820 2379 0
2380 3820 1
3820 2380 0
2381 3820 1
3820 2381 0
2382 3820 1
3820 2382 0
2383 3820 1
3820 2383 0
2384 3820 1
3820 2384 0
2385 3820 1
3820 2385 0
2386 3820 1
3820 2386 0
2387 3820 1
3820 2387 0
2388 3820 1
3820 2388 0
2389 3820 1
3820 2389 0
2390 3820 1
3820 2390 0
2391 3820 1
3820 2391 0
2392 3820 1
3820 2392 0
2393 3820 1
3820 2393 0
2394 3820 1
3820 2394 0
2395 3820 1
3820 2395 0
2396 3820 1
3820 2396 0
2397 3820 1
3820 2397 0
2398 3820 1
3820 2398 0
2399 3820 1
3820 2399 0
2400 3820 1
3820 2400 0
2401 3820 1
3820 2401 0
2402 3820 1
3820 2402 0
2403 3820 1
3820 2403 0
2404 3820 1
3820 2404 0
2405 3820 1
3820 2405 0
2406 3820 1
3820 2406 0
2407 3820 1
3820 2407 0
2408 3820 1
3820 2408 0
2409 3820 1
3820 2409 0
2410 3820 1
3820 2410 0
2411 3820 1
3820 2411 0
2412 3820 1
3820 2412 0
2413 3820 1
3820 2413 0
2414 3820 1
3820 2414 0
2415 3820 1
3820 2415 0
2416 3820 1
3820 2416 0
2417 3820 1
3820 2417 0
2418 3820 1
3820 2418 0
2419 3820 1
3820 2419 0
2420 3820 1
3820 2420 0
2421 3820 1
3820 2421 0
2422 3820 1
3820 2422 0
2423 3820 1
3820 2423 0
2424 3820 1
3820 2424 0
2425 3820 1
3820 2425 0
2426 3820 1
3820 2426 0
2427 3820 1
3820 2427 0
2428 3820 1
3820 2428 0
2429 3820 1
3820 2429 0
2430 3820 1
3820 2430 0
2431 3820 1
3820 2431 0
2432 3820 1
3820 2432 0
2433 3820 1
3820 2433 0
2434 3820 1
3820 2434 0
2435 3820 1
3820 2435 0
2436 3820 1
3820 2436 0
2437 3820 1
3820 2437 0
2438 3820 1
3820 2438 0
2439 3820 1
3820 2439 0
2440 3820 1
3820 2440 0
2441 3820 1
3820 2441 0
2442 3820 1
3820 2442 0
2443 3820 1
3820 2443 0
2444 3820 1
3820 2444 0
2445 3820 1
3820 2445 0
2446 3820 1
3820 2446 0
2447 3820 1
3820 2447 0
2448 3820 1
3820 2448 0
2449 3820 1
3820 2449 0
2450 3820 1
3820 2450 0
2451 3820 1
3820 2451 0
2452 3820 1
3820 2452 0
2453 3820 1
3820 2453 0
2454 3820 1
3820 2454 0
2455 3820 1
3820 2455 0
2456 3820 1
3820 2456 0
2457 3820 1
3820 2457 0
2458 3820 1
3820 2458 0
2459 3820 1
3820 2459 0
2460 3820 1
3820 2460 0
2461 3820 1
3820 2461 0
2462 3820 1
3820 2462 0
2463 3820 1
3820 2463 0
2464 3820 1
3820 2464 0
2465 3820 1
3820 2465 0
2466 3820 1
3820 2466 0
2467 3820 1
3820 2467 0
2468 3820 1
3820 2468 0
2469 3820 1
3820 2469 0
2470 3820 1
3820 2470 0
2471 3820 1
3820 2471 0
2472 3820 1
3820 2472 0
2473 3820 1
3820 2473 0
2474 3820 1
3820 2474 0
2475 3820 1
3820 2475 0
2476 3820 1
3820 2476 0
2477 3820 1
3820 2477 0
2478 3820 20
3820 2478 0
2479 3820 20
3820 2479 0
2480 3820 20
3820 2480 0
2481 3820 20
3820 2481 0
2482 3820 20
3820 2482 0
2483 3820 20
3820 2483 0
2484 3820 20
3820 2484 0
2485 3820 20
3820 2485 0
2486 3820 20
3820 2486 0
2487 3820 20
3820 2487 0
2488 3820 20
3820 2488 0
2489 3820 20
3820 2489 0
2490 3820 20
3820 2490 0
2491 3820 20
3820 2491 0
2492 3820 20
3820 2492 0
2493 3820 20
3820 2493 0
2494 3820 20
3820 2494 0
2495 3820 20
3820 2495 0
2496 3820 20
3820 2496 0
2497 3820 20
3820 2497 0
2498 3820 20
3820 2498 0
2499 3820 20
3820 2499 0
2500 3820 20
3820 2500 0
2501 3820 20
3820 2501 0
2502 3820 20
3820 2502 0
2503 3820 20
3820 2503 0
2504 3820 20
3820 2504 0
2505 3820 20
3820 2505 0
2506 3820 20
3820 2506 0
2507 3820 20
3820 2507 0
2508 3820 20
3820 2508 0
2509 3820 20
3820 2509 0
2510 3820 20
3820 2510 0
2511 3820 20
3820 2511 0
2512 3820 20
3820 2512 0
2513 3820 20
3820 2513 0
2514 3820 20
3820 2514 0
2515 3820 20
3820 2515 0
2516 3820 20
3820 2516 0
2517 3820 20
3820 2517 0
2518 3820 20
3820 2518 0
2519 3820 20
3820 2519 0
2520 3820 20
3820 2520 0
2521 3820 20
3820 2521 0
2522 3820 20
3820 2522 0
2523 3820 20
3820 2523 0
2524 3820 20
3820 2524 0
2525 3820 20
3820 2525 0
2526 3820 20
3820 2526 0
2527 3820 20
3820 2527 0
2528 3820 20
3820 2528 0
2529 3820 20
3820 2529 0
2530 3820 20
3820 2530 0
2531 3820 20
3820 2531 0
2532 3820 20
3820 2532 0
2533 3820 20
3820 2533 0
2534 3820 20
3820 2534 0
2535 3820 20
3820 2535 0
2536 3820 20
3820 2536 0
2537 3820 20
3820 2537 0
2538 3820 20
3820 2538 0
2539 3820 20
3820 2539 0
2540 3820 20
3820 2540 0
2541 3820 20
3820 2541 0
2542 3820 20
3820 2542 0
2543 3820 20
3820 2543 0
2544 3820 20
3820 2544 0
2545 3820 20
3820 2545 0
2546 3820 20
3820 2546 0
2547 3820 20
3820 2547 0
2548 3820 20
3820 2548 0
2549 3820 20
3820 2549 0
2550 3820 20
3820 2550 0
2551 3820 20
3820 2551 0
2552 3820 20
3820 2552 0
2553 3820 20
3820 2553 0
2554 3820 20
3820 2554 0
2555 3820 20
3820 2555 0
2556 3820 20
3820 2556 0
2557 3820 20
3820 2557 0
2558 3820 20
3820 2558 0
2559 3820 20
3820 2559 0
2560 3820 20
3820 2560 0
2561 3820 20
3820 2561 0
2562 3820 20
3820 2562 0
2563 3820 20
3820 2563 0
2564 3820 20
3820 2564 0
2565 3820 20
3820 2565 0
2566 3820 20
3820 2566 0
2567 3820 20
3820 2567 0
2568 3820 20
3820 2568 0
2569 3820 20
3820 2569 0
2570 3820 20
3820 2570 0
2571 3820 20
3820 2571 0
2572 3820 20
3820 2572 0
2573 3820 20
3820 2573 0
2574 3820 20
3820 2574 0
2575 3820 20
3820 2575 0
2576 3820 20
3820 2576 0
2577 3820 20
3820 2577 0
2578 3820 20
3820 2578 0
2579 3820 20
3820 2579 0
2580 3820 20
3820 2580 0
2581 3820 20
3820 2581 0
2582 3820 20
3820 2582 0
2583 3820 20
3820 2583 0
2584 3820 20
3820 2584 0
2585 3820 20
3820 2585 0
2586 3820 20
3820 2586 0
2587 3820 20
3820 2587 0
2588 3820 20
3820 2588 0
2589 3820 20
3820 2589 0
2590 3820 20
3820 2590 0
2591 3820 20
3820 2591 0
2592 3820 20
3820 2592 0
2593 3820 20
3820 2593 0
2594 3820 20
3820 2594 0
2595 3820 20
3820 2595 0
2596 3820 20
3820 2596 0
2597 3820 20
3820 2597 0
2598 3820 20
3820 2598 0
2599 3820 20
3820 2599 0
2600 3820 20
3820 2600 0
2601 3820 20
3820 2601 0
2602 3820 20
3820 2602 0
2603 3820 20
3820 2603 0
2604 3820 20
3820 2604 0
2605 3820 20
3820 2605 0
2606 3820 20
3820 2606 0
2607 3820 20
3820 2607 0
2608 3820 20
3820 2608 0
2609 3820 20
3820 2609 0
2610 3820 20
3820 2610 0
2611 3820 20
3820 2611 0
2612 3820 20
3820 2612 0
2613 3820 20
3820 2613 0
2614 3820 20
3820 2614 0
2615 3820 20
3820 2615 0
2616 3820 20
3820 2616 0
2617 3820 20
3820 2617 0
2618 3820 20
3820 2618 0
2619 3820 20
3820 2619 0
2620 3820 20
3820 2620 0
2621 3820 20
3820 2621 0
2622 3820 20
3820 2622 0
2623 3820 20
3820 2623 0
2624 3820 20
3820 2624 0
2625 3820 20
3820 2625 0
2626 3820 20
3820 2626 0
2627 3820 20
3820 2627 0
2628 3820 20
3820 2628 0
2629 3820 20
3820 2629 0
2630 3820 20
3820 2630 0
2631 3820 20
3820 2631 0
2632 3820 20
3820 2632 0
2633 3820 20
3820 2633 0
2634 3820 20
3820 2634 0
2635 3820 20
3820 2635 0
2636 3820 20
3820 2636 0
2637 3820 20
3820 2637 0
2638 3820 20
3820 2638 0
2639 3820 20
3820 2639 0
2640 3820 20
3820 2640 0
2641 3820 20
3820 2641 0
2642 3820 20
3820 2642 0
2643 3820 20
3820 2643 0
2644 3820 20
3820 2644 0
2645 3820 20
3820 2645 0
2646 3820 20
3820 2646 0
2647 3820 20
3820 2647 0
2648 3820 20
3820 2648 0
2649 3820 20
3820 2649 0
2650 3820 20
3820 2650 0
2651 3820 20
3820 2651 0
2652 3820 20
3820 2652 0
2653 3820 20
3820 2653 0
2654 3820 20
3820 2654 0
2655 3820 20
3820 2655 0
2656 3820 20
3820 2656 0
2657 3820 20
3820 2657 0
2658 3820 20
3820 2658 0
2659 3820 20
3820 2659 0
2660 3820 20
3820 2660 0
2661 3820 20
3820 2661 0
2662 3820 20
3820 2662 0
2663 3820 20
3820 2663 0
2664 3820 20
3820 2664 0
2665 3820 20
3820 2665 0
2666 3820 20
3820 2666 0
2667 3820 20
3820 2667 0
2668 3820 20
3820 2668 0
2669 3820 20
3820 2669 0
2670 3820 20
3820 2670 0
2671 3820 20
3820 2671 0
2672 3820 20
3820 2672 0
2673 3820 20
3820 2673 0
2674 3820 20
3820 2674 0
2675 3820 20
3820 2675 0
2676 3820 20
3820 2676 0
2677 3820 20
3820 2677 0
2678 3820 20
3820 2678 0
2679 3820 20
3820 2679 0
2680 3820 20
3820 2680 0
2681 3820 20
3820 2681 0
2682 3820 20
3820 2682 0
2683 3820 20
3820 2683 0
2684 3820 20
3820 2684 0
2685 3820 20
3820 2685 0
2686 3820 20
3820 2686 0
2687 3820 20
3820 2687 0
2688 3820 20
3820 2688 0
2689 3820 20
3820 2689 0
2690 3820 20
3820 2690 0
2691 3820 20
3820 2691 0
2692 3820 20
3820 2692 0
2693 3820 20
3820 2693 0
2694 3820 20
3820 2694 0
2695 3820 20
3820 2695 0
2696 3820 20
3820 2696 0
2697 3820 20
3820 2697 0
2698 3820 20
3820 2698 0
2699 3820 20
3820 2699 0
2700 3820 20
3820 2700 0
2701 3820 20
3820 2701 0
2702 3820 20
3820 2702 0
2703 3820 20
3820 2703 0
2704 3820 20
3820 2704 0
2705 3820 20
3820 2705 0
2706 3820 20
3820 2706 0
2707 3820 20
3820 2707 0
2708 3820 20
3820 2708 0
2709 3820 20
3820 2709 0
2710 3820 20
3820 2710 0
2711 3820 20
3820 2711 0
2712 3820 20
3820 2712 0
2713 3820 20
3820 2713 0
2714 3820 20
3820 2714 0
2715 3820 20
3820 2715 0
2716 3820 20
3820 2716 0
2717 3820 20
3820 2717 0
2718 3820 20
3820 2718 0
2719 3820 20
3820 2719 0
2720 3820 20
3820 2720 0
2721 3820 20
3820 2721 0
2722 3820 20
3820 2722 0
2723 3820 20
3820 2723 0
2724 3820 20
3820 2724 0
2725 3820 20
3820 2725 0
2726 3820 20
3820 2726 0
2727 3820 20
3820 2727 0
2728 3820 20
3820 2728 0
2729 3820 20
3820 2729 0
2730 3820 20
3820 2730 0
2731 3820 20
3820 2731 0
2732 3820 20
3820 2732 0
2733 3820 20
3820 2733 0
2734 3820 20
3820 2734 0
2735 3820 20
3820 2735 0
2736 3820 20
3820 2736 0
2737 3820 20
3820 2737 0
2738 3820 20
3820 2738 0
2739 3820 20
3820 2739 0
2740 3820 20
3820 2740 0
2741 3820 20
3820 2741 0
2742 3820 20
3820 2742 0
2743 3820 20
3820 2743 0
2744 3820 20
3820 2744 0
2745 3820 20
3820 2745 0
2746 3820 20
3820 2746 0
2747 3820 20
3820 2747 0
2748 3820 20
3820 2748 0
2749 3820 20
3820 2749 0
2750 3820 20
3820 2750 0
2751 3820 20
3820 2751 0
2752 3820 20
3820 2752 0
2753 3820 20
3820 2753 0
2754 3820 20
3820 2754 0
2755 3820 20
3820 2755 0
2756 3820 20
3820 2756 0
2757 3820 20
3820 2757 0
2758 3820 20
3820 2758 0
2759 3820 20
3820 2759 0
2760 3820 20
3820 2760 0
2761 3820 20
3820 2761 0
2762 3820 20
3820 2762 0
2763 3820 20
3820 2763 0
2764 3820 20
3820 2764 0
2765 3820 20
3820 2765 0
2766 3820 20
3820 2766 0
2767 3820 20
3820 2767 0
2768 3820 20
3820 2768 0
2769 3820 20
3820 2769 0
2770 3820 20
3820 2770 0
2771 3820 20
3820 2771 0
2772 3820 20
3820 2772 0
2773 3820 20
3820 2773 0
2774 3820 20
3820 2774 0
2775 3820 20
3820 2775 0
2776 3820 20
3820 2776 0
2777 3820 20
3820 2777 0
2778 3820 20
3820 2778 0
2779 3820 20
3820 2779 0
2780 3820 20
3820 2780 0
2781 3820 20
3820 2781 0
2782 3820 20
3820 2782 0
2783 3820 20
3820 2783 0
2784 3820 20
3820 2784 0
2785 3820 20
3820 2785 0
2786 3820 20
3820 2786 0
2787 3820 20
3820 2787 0
2788 3820 20
3820 2788 0
2789 3820 20
3820 2789 0
2790 3820 20
3820 2790 0
2791 3820 20
3820 2791 0
2792 3820 20
3820 2792 0
2793 3820 20
3820 2793 0
2794 3820 20
3820 2794 0
2795 3820 20
3820 2795 0
2796 3820 20
3820 2796 0
2797 3820 20
3820 2797 0
2798 3820 20
3820 2798 0
2799 3820 20
3820 2799 0
2800 3820 20
3820 2800 0
2801 3820 20
3820 2801 0
2802 3820 20
3820 2802 0
2803 3820 20
3820 2803 0
2804 3820 20
3820 2804 0
2805 3820 20
3820 2805 0
2806 3820 20
3820 2806 0
2807 3820 20
3820 2807 0
2808 3820 20
3820 2808 0
2809 3820 20
3820 2809 0
2810 3820 20
3820 2810 0
2811 3820 20
3820 2811 0
2812 3820 20
3820 2812 0
2813 3820 20
3820 2813 0
2814 3820 20
3820 2814 0
2815 3820 20
3820 2815 0
2816 3820 20
3820 2816 0
2817 3820 20
3820 2817 0
2818 3820 20
3820 2818 0
2819 3820 20
3820 2819 0
2820 3820 20
3820 2820 0
2821 3820 20
3820 2821 0
2822 3820 20
3820 2822 0
2823 3820 20
3820 2823 0
2824 3820 20
3820 2824 0
2825 3820 20
3820 2825 0
2826 3820 20
3820 2826 0
2827 3820 20
3820 2827 0
2828 3820 20
3820 2828 0
2829 3820 20
3820 2829 0
2830 3820 20
3820 2830 0
2831 3820 20
3820 2831 0
2832 3820 20
3820 2832 0
2833 3820 20
3820 2833 0
2834 3820 20
3820 2834 0
2835 3820 20
3820 2835 0
2836 3820 20
3820 2836 0
2837 3820 20
3820 2837 0
2838 3820 20
3820 2838 0
2839 3820 20
3820 2839 0
2840 3820 20
3820 2840 0
2841 3820 20
3820 2841 0
2842 3820 20
3820 2842 0
2843 3820 20
3820 2843 0
2844 3820 20
3820 2844 0
2845 3820 20
3820 2845 0
2846 3820 20
3820 2846 0
2847 3820 20
3820 2847 0
2848 3820 20
3820 2848 0
2849 3820 20
3820 2849 0
2850 3820 20
3820 2850 0
2851 3820 20
3820 2851 0
2852 3820 20
3820 2852 0
2853 3820 20
3820 2853 0
2854 3820 20
3820 2854 0
2855 3820 20
3820 2855 0
2856 3820 20
3820 2856 0
2857 3820 20
3820 2857 0
2858 3820 20
3820 2858 0
2859 3820 20
3820 2859 0
2860 3820 20
3820 2860 0
2861 3820 20
3820 2861 0
2862 3820 20
3820 2862 0
2863 3820 20
3820 2863 0
2864 3820 20
3820 2864 0
2865 3820 20
3820 2865 0
2866 3820 20
3820 2866 0
2867 3820 20
3820 2867 0
2868 3820 20
3820 2868 0
2869 3820 20
3820 2869 0
2870 3820 20
3820 2870 0
2871 3820 20
3820 2871 0
2872 3820 20
3820 2872 0
2873 3820 20
3820 2873 0
2874 3820 20
3820 2874 0
2875 3820 20
3820 2875 0
2876 3820 20
3820 2876 0
2877 3820 20
3820 2877 0
2878 3820 20
3820 2878 0
2879 3820 20
3820 2879 0
2880 3820 20
3820 2880 0
2881 3820 20
3820 2881 0
2882 3820 20
3820 2882 0
2883 3820 20
3820 2883 0
2884 3820 20
3820 2884 0
2885 3820 20
3820 2885 0
2886 3820 20
3820 2886 0
2887 3820 20
3820 2887 0
2888 3820 20
3820 2888 0
2889 3820 20
3820 2889 0
2890 3820 20
3820 2890 0
2891 3820 20
3820 2891 0
2892 3820 20
3820 2892 0
2893 3820 20
3820 2893 0
2894 3820 20
3820 2894 0
2895 3820 20
3820 2895 0
2896 3820 20
3820 2896 0
2897 3820 20
3820 2897 0
2898 3820 20
3820 2898 0
2899 3820 20
3820 2899 0
2900 3820 20
3820 2900 0
2901 3820 20
3820 2901 0
2902 3820 20
3820 2902 0
2903 3820 20
3820 2903 0
2904 3820 20
3820 2904 0
2905 3820 20
3820 2905 0
2906 3820 20
3820 2906 0
2907 3820 20
3820 2907 0
2908 3820 20
3820 2908 0
2909 3820 20
3820 2909 0
2910 3820 20
3820 2910 0
2911 3820 20
3820 2911 0
2912 3820 20
3820 2912 0
2913 3820 20
3820 2913 0
2914 3820 20
3820 2914 0
2915 3820 20
3820 2915 0
2916 3820 20
3820 2916 0
2917 3820 20
3820 2917 0
2918 3820 20
3820 2918 0
2919 3820 20
3820 2919 0
2920 3820 20
3820 2920 0
2921 3820 20
3820 2921 0
2922 3820 20
3820 2922 0
2923 3820 20
3820 2923 0
2924 3820 20
3820 2924 0
2925 3820 20
3820 2925 0
2926 3820 20
3820 2926 0
2927 3820 20
3820 2927 0
2928 3820 20
3820 2928 0
2929 3820 20
3820 2929 0
2930 3820 20
3820 2930 0
2931 3820 20
3820 2931 0
2932 3820 20
3820 2932 0
2933 3820 20
3820 2933 0
2934 3820 20
3820 2934 0
2935 3820 20
3820 2935 0
2936 3820 20
3820 2936 0
2937 3820 20
3820 2937 0
2938 3820 20
3820 2938 0
2939 3820 20
3820 2939 0
2940 3820 20
3820 2940 0
2941 3820 20
3820 2941 0
2942 3820 20
3820 2942 0
2943 3820 20
3820 2943 0
2944 3820 20
3820 2944 0
2945 3820 20
3820 2945 0
2946 3820 20
3820 2946 0
2947 3820 20
3820 2947 0
2948 3820 20
3820 2948 0
2949 3820 20
3820 2949 0
2950 3820 20
3820 2950 0
2951 3820 20
3820 2951 0
2952 3820 20
3820 2952 0
2953 3820 20
3820 2953 0
2954 3820 20
3820 2954 0
2955 3820 20
3820 2955 0
2956 3820 20
3820 2956 0
2957 3820 20
3820 2957 0
2958 3820 20
3820 2958 0
2959 3820 20
3820 2959 0
2960 3820 20
3820 2960 0
2961 3820 20
3820 2961 0
2962 3820 20
3820 2962 0
2963 3820 20
3820 2963 0
2964 3820 20
3820 2964 0
2965 3820 20
3820 2965 0
2966 3820 20
3820 2966 0
2967 3820 20
3820 2967 0
2968 3820 20
3820 2968 0
2969 3820 20
3820 2969 0
2970 3820 20
3820 2970 0
2971 3820 20
3820 2971 0
2972 3820 20
3820 2972 0
2973 3820 20
3820 2973 0
2974 3820 20
3820 2974 0
2975 3820 20
3820 2975 0
2976 3820 20
3820 2976 0
2977 3820 20
3820 2977 0
2978 3820 20
3820 2978 0
2979 3820 20
3820 2979 0
2980 3820 20
3820 2980 0
2981 3820 20
3820 2981 0
2982 3820 20
3820 2982 0
2983 3820 20
3820 2983 0
2984 3820 20
3820 2984 0
2985 3820 20
3820 2985 0
2986 3820 20
3820 2986 0
2987 3820 20
3820 2987 0
2988 3820 20
3820 2988 0
2989 3820 20
3820 2989 0
2990 3820 20
3820 2990 0
2991 3820 20
3820 2991 0
2992 3820 20
3820 2992 0
2993 3820 20
3820 2993 0
2994 3820 20
3820 2994 0
2995 3820 20
3820 2995 0
2996 3820 20
3820 2996 0
2997 3820 20
3820 2997 0
2998 3820 20
3820 2998 0
2999 3820 20
3820 2999 0
3000 3820 20
3820 3000 0
3001 3820 20
3820 3001 0
3002 3820 20
3820 3002 0
3003 3820 20
3820 3003 0
3004 3820 20
3820 3004 0
3005 3820 20
3820 3005 0
3006 3820 20
3820 3006 0
3007 3820 20
3820 3007 0
3008 3820 20
3820 3008 0
3009 3820 20
3820 3009 0
3010 3820 20
3820 3010 0
3011 3820 20
3820 3011 0
3012 3820 20
3820 3012 0
3013 3820 20
3820 3013 0
3014 3820 20
3820 3014 0
3015 3820 20
3820 3015 0
3016 3820 20
3820 3016 0
3017 3820 20
3820 3017 0
3018 3820 20
3820 3018 0
3019 3820 20
3820 3019 0
3020 3820 20
3820 3020 0
3021 3820 20
3820 3021 0
3022 3820 20
3820 3022 0
3023 3820 20
3820 3023 0
3024 3820 20
3820 3024 0
3025 3820 20
3820 3025 0
3026 3820 20
3820 3026 0
3027 3820 20
3820 3027 0
3028 3820 20
3820 3028 0
3029 3820 20
3820 3029 0
3030 3820 20
3820 3030 0
3031 3820 20
3820 3031 0
3032 3820 20
3820 3032 0
3033 3820 20
3820 3033 0
3034 3820 20
3820 3034 0
3035 3820 20
3820 3035 0
3036 3820 20
3820 3036 0
3037 3820 20
3820 3037 0
3038 3820 20
3820 3038 0
3039 3820 20
3820 3039 0
3040 3820 20
3820 3040 0
3041 3820 20
3820 3041 0
3042 3820 20
3820 3042 0
3043 3820 20
3820 3043 0
3044 3820 20
3820 3044 0
3045 3820 20
3820 3045 0
3046 3820 20
3820 3046 0
3047 3820 20
3820 3047 0
3048 3820 20
3820 3048 0
3049 3820 20
3820 3049 0
3050 3820 20
3820 3050 0
3051 3820 20
3820 3051 0
3052 3820 20
3820 3052 0
3053 3820 20
3820 3053 0
3054 3820 20
3820 3054 0
3055 3820 20
3820 3055 0
3056 3820 20
3820 3056 0
3057 3820 20
3820 3057 0
3058 3820 20
3820 3058 0
3059 3820 20
3820 3059 0
3060 3820 20
3820 3060 0
3061 3820 20
3820 3061 0
3062 3820 20
3820 3062 0
3063 3820 20
3820 3063 0
3064 3820 20
3820 3064 0
3065 3820 20
3820 3065 0
3066 3820 20
3820 3066 0
3067 3820 20
3820 3067 0
3068 3820 20
3820 3068 0
3069 3820 20
3820 3069 0
3070 3820 20
3820 3070 0
3071 3820 20
3820 3071 0
3072 3820 20
3820 3072 0
3073 3820 20
3820 3073 0
3074 3820 20
3820 3074 0
3075 3820 20
3820 3075 0
3076 3820 20
3820 3076 0
3077 3820 20
3820 3077 0
3078 3820 20
3820 3078 0
3079 3820 20
3820 3079 0
3080 3820 20
3820 3080 0
3081 3820 20
3820 3081 0
3082 3820 20
3820 3082 0
3083 3820 20
3820 3083 0
3084 3820 20
3820 3084 0
3085 3820 20
3820 3085 0
3086 3820 20
3820 3086 0
3087 3820 20
3820 3087 0
3088 3820 20
3820 3088 0
3089 3820 20
3820 3089 0
3090 3820 20
3820 3090 0
3091 3820 20
3820 3091 0
3092 3820 20
3820 3092 0
3093 3820 20
3820 3093 0
3094 3820 20
3820 3094 0
3095 3820 20
3820 3095 0
3096 3820 20
3820 3096 0
3097 3820 20
3820 3097 0
3098 3820 20
3820 3098 0
3099 3820 20
3820 3099 0
3100 3820 20
3820 3100 0
3101 3820 20
3820 3101 0
3102 3820 20
3820 3102 0
3103 3820 20
3820 3103 0
3104 3820 20
3820 3104 0
3105 3820 20
3820 3105 0
3106 3820 20
3820 3106 0
3107 3820 20
3820 3107 0
3108 3820 20
3820 3108 0
3109 3820 20
3820 3109 0
3110 3820 20
3820 3110 0
3111 3820 20
3820 3111 0
3112 3820 20
3820 3112 0
3113 3820 20
3820 3113 0
3114 3820 20
3820 3114 0
3115 3820 20
3820 3115 0
3116 3820 20
3820 3116 0
3117 3820 20
3820 3117 0
3118 3820 20
3820 3118 0
3119 3820 20
3820 3119 0
3120 3820 20
3820 3120 0
3121 3820 20
3820 3121 0
3122 3820 20
3820 3122 0
3123 3820 20
3820 3123 0
3124 3820 20
3820 3124 0
3125 3820 20
3820 3125 0
3126 3820 20
3820 3126 0
3127 3820 20
3820 3127 0
3128 3820 20
3820 3128 0
3129 3820 20
3820 3129 0
3130 3820 20
3820 3130 0
3131 3820 20
3820 3131 0
3132 3820 20
3820 3132 0
3133 3820 20
3820 3133 0
3134 3820 20
3820 3134 0
3135 3820 20
3820 3135 0
3136 3820 20
3820 3136 0
3137 3820 20
3820 3137 0
3138 3820 20
3820 3138 0
3139 3820 20
3820 3139 0
3140 3820 20
3820 3140 0
3141 3820 20
3820 3141 0
3142 3820 20
3820 3142 0
3143 3820 20
3820 3143 0
3144 3820 20
3820 3144 0
3145 3820 20
3820 3145 0
3146 3820 20
3820 3146 0
3147 3820 20
3820 3147 0
3148 3820 20
3820 3148 0
3149 3820 20
3820 3149 0
3150 3820 20
3820 3150 0
3151 3820 20
3820 3151 0
3152 3820 20
3820 3152 0
3153 3820 20
3820 3153 0
3154 3820 20
3820 3154 0
3155 3820 20
3820 3155 0
3156 3820 20
3820 3156 0
3157 3820 20
3820 3157 0
3158 3820 20
3820 3158 0
3159 3820 20
3820 3159 0
3160 3820 20
3820 3160 0
3161 3820 20
3820 3161 0
3162 3820 20
3820 3162 0
3163 3820 20
3820 3163 0
3164 3820 20
3820 3164 0
3165 3820 20
3820 3165 0
3166 3820 20
3820 3166 0
3167 3820 20
3820 3167 0
3168 3820 20
3820 3168 0
3169 3820 20
3820 3169 0
3170 3820 20
3820 3170 0
3171 3820 20
3820 3171 0
3172 3820 20
3820 3172 0
3173 3820 20
3820 3173 0
3174 3820 20
3820 3174 0
3175 3820 20
3820 3175 0
3176 3820 20
3820 3176 0
3177 3820 20
3820 3177 0
3178 3820 20
3820 3178 0
3179 3820 20
3820 3179 0
3180 3820 20
3820 3180 0
3181 3820 20
3820 3181 0
3182 3820 20
3820 3182 0
3183 3820 20
3820 3183 0
3184 3820 20
3820 3184 0
3185 3820 20
3820 3185 0
3186 3820 20
3820 3186 0
3187 3820 20
3820 3187 0
3188 3820 20
3820 3188 0
3189 3820 20
3820 3189 0
3190 3820 20
3820 3190 0
3191 3820 20
3820 3191 0
3192 3820 20
3820 3192 0
3193 3820 20
3820 3193 0
3194 3820 20
3820 3194 0
3195 3820 20
3820 3195 0
3196 3820 20
3820 3196 0
3197 3820 20
3820 3197 0
3198 3820 20
3820 3198 0
3199 3820 20
3820 3199 0
3200 3820 20
3820 3200 0
3201 3820 20
3820 3201 0
3202 3820 20
3820 3202 0
3203 3820 20
3820 3203 0
3204 3820 20
3820 3204 0
3205 3820 20
3820 3205 0
3206 3820 20
3820 3206 0
3207 3820 20
3820 3207 0
3208 3820 20
3820 3208 0
3209 3820 20
3820 3209 0
3210 3820 20
3820 3210 0
3211 3820 20
3820 3211 0
3212 3820 20
3820 3212 0
3213 3820 20
3820 3213 0
3214 3820 20
3820 3214 0
3215 3820 20
3820 3215 0
3216 3820 20
3820 3216 0
3217 3820 20
3820 3217 0
3218 3820 20
3820 3218 0
3219 3820 20
3820 3219 0
3220 3820 20
3820 3220 0
3221 3820 20
3820 3221 0
3222 3820 20
3820 3222 0
3223 3820 20
3820 3223 0
3224 3820 20
3820 3224 0
3225 3820 20
3820 3225 0
3226 3820 20
3820 3226 0
3227 3820 20
3820 3227 0
3228 3820 20
3820 3228 0
3229 3820 20
3820 3229 0
3230 3820 20
3820 3230 0
3231 3820 20
3820 3231 0
3232 3820 20
3820 3232 0
3233 3820 20
3820 3233 0
3234 3820 20
3820 3234 0
3235 3820 20
3820 3235 0
3236 3820 20
3820 3236 0
3237 3820 20
3820 3237 0
3238 3820 20
3820 3238 0
3239 3820 20
3820 3239 0
3240 3820 20
3820 3240 0
3241 3820 20
3820 3241 0
3242 3820 20
3820 3242 0
3243 3820 20
3820 3243 0
3244 3820 20
3820 3244 0
3245 3820 20
3820 3245 0
3246 3820 20
3820 3246 0
3247 3820 20
3820 3247 0
3248 3820 20
3820 3248 0
3249 3820 20
3820 3249 0
3250 3820 20
3820 3250 0
3251 3820 20
3820 3251 0
3252 3820 20
3820 3252 0
3253 3820 20
3820 3253 0
3254 3820 20
3820 3254 0
3255 3820 20
3820 3255 0
3256 3820 20
3820 3256 0
3257 3820 20
3820 3257 0
3258 3820 20
3820 3258 0
3259 3820 20
3820 3259 0
3260 3820 20
3820 3260 0
3261 3820 20
3820 3261 0
3262 3820 20
3820 3262 0
3263 3820 20
3820 3263 0
3264 3820 20
3820 3264 0
3265 3820 20
3820 3265 0
3266 3820 20
3820 3266 0
3267 3820 20
3820 3267 0
3268 3820 20
3820 3268 0
3269 3820 20
3820 3269 0
3270 3820 20
3820 3270 0
3271 3820 20
3820 3271 0
3272 3820 20
3820 3272 0
3273 3820 20
3820 3273 0
3274 3820 20
3820 3274 0
3275 3820 20
3820 3275 0
3276 3820 20
3820 3276 0
3277 3820 20
3820 3277 0
3278 3820 20
3820 3278 0
3279 3820 20
3820 3279 0
3280 3820 20
3820 3280 0
3281 3820 20
3820 3281 0
3282 3820 20
3820 3282 0
3283 3820 20
3820 3283 0
3284 3820 20
3820 3284 0
3285 3820 20
3820 3285 0
3286 3820 20
3820 3286 0
3287 3820 20
3820 3287 0
3288 3820 20
3820 3288 0
3289 3820 20
3820 3289 0
3290 3820 20
3820 3290 0
3291 3820 20
3820 3291 0
3292 3820 20
3820 3292 0
3293 3820 20
3820 3293 0
3294 3820 20
3820 3294 0
3295 3820 20
3820 3295 0
3296 3820 20
3820 3296 0
3297 3820 20
3820 3297 0
3298 3820 20
3820 3298 0
3299 3820 20
3820 3299 0
3300 3820 20
3820 3300 0
3301 3820 20
3820 3301 0
3302 3820 20
3820 3302 0
3303 3820 20
3820 3303 0
3304 3820 20
3820 3304 0
3305 3820 20
3820 3305 0
3306 3820 20
3820 3306 0
3307 3820 20
3820 3307 0
3308 3820 20
3820 3308 0
3309 3820 20
3820 3309 0
3310 3820 20
3820 3310 0
3311 3820 20
3820 3311 0
3312 3820 20
3820 3312 0
3313 3820 20
3820 3313 0
3314 3820 20
3820 3314 0
3315 3820 20
3820 3315 0
3316 3820 20
3820 3316 0
3317 3820 20
3820 3317 0
3318 3820 20
3820 3318 0
3319 3820 20
3820 3319 0
3320 3820 20
3820 3320 0
3321 3820 20
3820 3321 0
3322 3820 20
3820 3322 0
3323 3820 20
3820 3323 0
3324 3820 20
3820 3324 0
3325 3820 20
3820 3325 0
3326 3820 20
3820 3326 0
3327 3820 20
3820 3327 0
3328 3820 20
3820 3328 0
3329 3820 20
3820 3329 0
3330 3820 20
3820 3330 0
3331 3820 20
3820 3331 0
3332 3820 20
3820 3332 0
3333 3820 20
3820 3333 0
3334 3820 20
3820 3334 0
3335 3820 20
3820 3335 0
3336 3820 20
3820 3336 0
3337 3820 20
3820 3337 0
3338 3820 20
3820 3338 0
3339 3820 20
3820 3339 0
3340 3820 20
3820 3340 0
3341 3820 20
3820 3341 0
3342 3820 20
3820 3342 0
3343 3820 20
3820 3343 0
3344 3820 20
3820 3344 0
3345 3820 20
3820 3345 0
3346 3820 20
3820 3346 0
3347 3820 20
3820 3347 0
3348 3820 20
3820 3348 0
3349 3820 20
3820 3349 0
3350 3820 20
3820 3350 0
3351 3820 20
3820 3351 0
3352 3820 20
3820 3352 0
3353 3820 20
3820 3353 0
3354 3820 20
3820 3354 0
3355 3820 20
3820 3355 0
3356 3820 20
3820 3356 0
3357 3820 20
3820 3357 0
3358 3820 20
3820 3358 0
3359 3820 20
3820 3359 0
3360 3820 20
3820 3360 0
3361 3820 20
3820 3361 0
3362 3820 20
3820 3362 0
3363 3820 20
3820 3363 0
3364 3820 20
3820 3364 0
3365 3820 20
3820 3365 0
3366 3820 20
3820 3366 0
3367 3820 20
3820 3367 0
3368 3820 20
3820 3368 0
3369 3820 20
3820 3369 0
3370 3820 20
3820 3370 0
3371 3820 20
3820 3371 0
3372 3820 20
3820 3372 0
3373 3820 20
3820 3373 0
3374 3820 20
3820 3374 0
3375 3820 20
3820 3375 0
3376 3820 20
3820 3376 0
3377 3820 20
3820 3377 0
3378 3820 20
3820 3378 0
3379 3820 20
3820 3379 0
3380 3820 20
3820 3380 0
3381 3820 20
3820 3381 0
3382 3820 20
3820 3382 0
3383 3820 20
3820 3383 0
3384 3820 20
3820 3384 0
3385 3820 20
3820 3385 0
3386 3820 20
3820 3386 0
3387 3820 20
3820 3387 0
3388 3820 20
3820 3388 0
3389 3820 20
3820 3389 0
3390 3820 20
3820 3390 0
3391 3820 20
3820 3391 0
3392 3820 20
3820 3392 0
3393 3820 20
3820 3393 0
3394 3820 20
3820 3394 0
3395 3820 20
3820 3395 0
3396 3820 20
3820 3396 0
3397 3820 20
3820 3397 0
3398 3820 20
3820 3398 0
3399 3820 20
3820 3399 0
3400 3820 20
3820 3400 0
3401 3820 20
3820 3401 0
3402 3820 20
3820 3402 0
3403 3820 20
3820 3403 0
3404 3820 20
3820 3404 0
3405 3820 20
3820 3405 0
3406 3820 20
3820 3406 0
3407 3820 20
3820 3407 0
3408 3820 20
3820 3408 0
3409 3820 20
3820 3409 0
3410 3820 20
3820 3410 0
3411 3820 20
3820 3411 0
3412 3820 20
3820 3412 0
3413 3820 20
3820 3413 0
3414 3820 20
3820 3414 0
3415 3820 20
3820 3415 0
3416 3820 20
3820 3416 0
3417 3820 20
3820 3417 0
3418 3820 20
3820 3418 0
3419 3820 20
3820 3419 0
3420 3820 20
3820 3420 0
3421 3820 20
3820 3421 0
3422 3820 20
3820 3422 0
3423 3820 20
3820 3423 0
3424 3820 20
3820 3424 0
3425 3820 20
3820 3425 0
3426 3820 20
3820 3426 0
3427 3820 20
3820 3427 0
3428 3820 20
3820 3428 0
3429 3820 20
3820 3429 0
3430 3820 20
3820 3430 0
3431 3820 20
3820 3431 0
3432 3820 20
3820 3432 0
3433 3820 20
3820 3433 0
3434 3820 20
3820 3434 0
3435 3820 20
3820 3435 0
3436 3820 20
3820 3436 0
3437 3820 20
3820 3437 0
3438 3820 20
3820 3438 0
3439 3820 20
3820 3439 0
3440 3820 20
3820 3440 0
3441 3820 20
3820 3441 0
3442 3820 20
3820 3442 0
3443 3820 20
3820 3443 0
3444 3820 20
3820 3444 0
3445 3820 20
3820 3445 0
3446 3820 20
3820 3446 0
3447 3820 20
3820 3447 0
3448 3820 20
3820 3448 0
3449 3820 20
3820 3449 0
3450 3820 20
3820 3450 0
3451 3820 20
3820 3451 0
3452 3820 20
3820 3452 0
3453 3820 20
3820 3453 0
3454 3820 20
3820 3454 0
3455 3820 20
3820 3455 0
3456 3820 20
3820 3456 0
3457 3820 20
3820 3457 0
3458 3820 20
3820 3458 0
3459 3820 20
3820 3459 0
3460 3820 20
3820 3460 0
3461 3820 20
3820 3461 0
3462 3820 20
3820 3462 0
3463 3820 20
3820 3463 0
3464 3820 20
3820 3464 0
3465 3820 20
3820 3465 0
3466 3820 20
3820 3466 0
3467 3820 20
3820 3467 0
3468 3820 20
3820 3468 0
3469 3820 20
3820 3469 0
3470 3820 20
3820 3470 0
3471 3820 20
3820 3471 0
3472 3820 20
3820 3472 0
3473 3820 20
3820 3473 0
3474 3820 20
3820 3474 0
3475 3820 20
3820 3475 0
3476 3820 20
3820 3476 0
3477 3820 20
3820 3477 0
3478 3820 20
3820 3478 0
3479 3820 20
3820 3479 0
3480 3820 20
3820 3480 0
3481 3820 20
3820 3481 0
3482 3820 20
3820 3482 0
3483 3820 20
3820 3483 0
3484 3820 20
3820 3484 0
3485 3820 20
3820 3485 0
3486 3820 20
3820 3486 0
3487 3820 20
3820 3487 0
3488 3820 20
3820 3488 0
3489 3820 20
3820 3489 0
3490 3820 20
3820 3490 0
3491 3820 20
3820 3491 0
3492 3820 20
3820 3492 0
3493 3820 20
3820 3493 0
3494 3820 20
3820 3494 0
3495 3820 20
3820 3495 0
3496 3820 20
3820 3496 0
3497 3820 20
3820 3497 0
3498 3820 20
3820 3498 0
3499 3820 20
3820 3499 0
3500 3820 20
3820 3500 0
3501 3820 20
3820 3501 0
3502 3820 20
3820 3502 0
3503 3820 20
3820 3503 0
3504 3820 20
3820 3504 0
3505 3820 20
3820 3505 0
3506 3820 20
3820 3506 0
3507 3820 20
3820 3507 0
3508 3820 20
3820 3508 0
3509 3820 20
3820 3509 0
3510 3820 20
3820 3510 0
3511 3820 20
3820 3511 0
3512 3820 20
3820 3512 0
3513 3820 20
3820 3513 0
3514 3820 20
3820 3514 0
3515 3820 20
3820 3515 0
3516 3820 20
3820 3516 0
3517 3820 20
3820 3517 0
3518 3820 20
3820 3518 0
3519 3820 20
3820 3519 0
3520 3820 20
3820 3520 0
3521 3820 20
3820 3521 0
3522 3820 20
3820 3522 0
3523 3820 20
3820 3523 0
3524 3820 20
3820 3524 0
3525 3820 20
3820 3525 0
3526 3820 20
3820 3526 0
3527 3820 20
3820 3527 0
3528 3820 20
3820 3528 0
3529 3820 20
3820 3529 0
3530 3820 20
3820 3530 0
3531 3820 20
3820 3531 0
3532 3820 20
3820 3532 0
3533 3820 20
3820 3533 0
3534 3820 20
3820 3534 0
3535 3820 20
3820 3535 0
3536 3820 20
3820 3536 0
3537 3820 20
3820 3537 0
3538 3820 20
3820 3538 0
3539 3820 20
3820 3539 0
3540 3820 20
3820 3540 0
3541 3820 20
3820 3541 0
3542 3820 20
3820 3542 0
3543 3820 20
3820 3543 0
3544 3820 20
3820 3544 0
3545 3820 20
3820 3545 0
3546 3820 20
3820 3546 0
3547 3820 20
3820 3547 0
3548 3820 20
3820 3548 0
3549 3820 20
3820 3549 0
3550 3820 20
3820 3550 0
3551 3820 20
3820 3551 0
3552 3820 20
3820 3552 0
3553 3820 20
3820 3553 0
3554 3820 20
3820 3554 0
3555 3820 20
3820 3555 0
3556 3820 20
3820 3556 0
3557 3820 20
3820 3557 0
3558 3820 20
3820 3558 0
3559 3820 20
3820 3559 0
3560 3820 20
3820 3560 0
3561 3820 20
3820 3561 0
3562 3820 20
3820 3562 0
3563 3820 20
3820 3563 0
3564 3820 20
3820 3564 0
3565 3820 20
3820 3565 0
3566 3820 20
3820 3566 0
3567 3820 20
3820 3567 0
3568 3820 20
3820 3568 0
3569 3820 20
3820 3569 0
3570 3820 20
3820 3570 0
3571 3820 20
3820 3571 0
3572 3820 20
3820 3572 0
3573 3820 20
3820 3573 0
3574 3820 20
3820 3574 0
3575 3820 20
3820 3575 0
3576 3820 20
3820 3576 0
3577 3820 20
3820 3577 0
3578 3820 20
3820 3578 0
3579 3820 20
3820 3579 0
3580 3820 20
3820 3580 0
3581 3820 20
3820 3581 0
3582 3820 20
3820 3582 0
3583 3820 20
3820 3583 0
3584 3820 20
3820 3584 0
3585 3820 20
3820 3585 0
3586 3820 20
3820 3586 0
3587 3820 20
3820 3587 0
3588 3820 20
3820 3588 0
3589 3820 20
3820 3589 0
3590 3820 20
3820 3590 0
3591 3820 20
3820 3591 0
3592 3820 20
3820 3592 0
3593 3820 20
3820 3593 0
3594 3820 20
3820 3594 0
3595 3820 20
3820 3595 0
3596 3820 20
3820 3596 0
3597 3820 20
3820 3597 0
3598 3820 20
3820 3598 0
3599 3820 20
3820 3599 0
3600 3820 20
3820 3600 0
3601 3820 20
3820 3601 0
3602 3820 20
3820 3602 0
3603 3820 20
3820 3603 0
3604 3820 20
3820 3604 0
3605 3820 20
3820 3605 0
3606 3820 20
3820 3606 0
3607 3820 20
3820 3607 0
3608 3820 20
3820 3608 0
3609 3820 20
3820 3609 0
3610 3820 20
3820 3610 0
3611 3820 20
3820 3611 0
3612 3820 20
3820 3612 0
3613 3820 20
3820 3613 0
3614 3820 20
3820 3614 0
3615 3820 20
3820 3615 0
3616 3820 20
3820 3616 0
3617 3820 20
3820 3617 0
3618 3820 20
3820 3618 0
3619 3820 20
3820 3619 0
3620 3820 20
3820 3620 0
3621 3820 20
3820 3621 0
3622 3820 20
3820 3622 0
3623 3820 20
3820 3623 0
3624 3820 20
3820 3624 0
3625 3820 20
3820 3625 0
3626 3820 20
3820 3626 0
3627 3820 20
3820 3627 0
3628 3820 20
3820 3628 0
3629 3820 20
3820 3629 0
3630 3820 20
3820 3630 0
3631 3820 20
3820 3631 0
3632 3820 20
3820 3632 0
3633 3820 20
3820 3633 0
3634 3820 20
3820 3634 0
3635 3820 20
3820 3635 0
3636 3820 20
3820 3636 0
3637 3820 20
3820 3637 0
3638 3820 20
3820 3638 0
3639 3820 20
3820 3639 0
3640 3820 20
3820 3640 0
3641 3820 20
3820 3641 0
3642 3820 20
3820 3642 0
3643 3820 20
3820 3643 0
3644 3820 20
3820 3644 0
3645 3820 20
3820 3645 0
3646 3820 20
3820 3646 0
3647 3820 20
3820 3647 0
3648 3820 20
3820 3648 0
3649 3820 20
3820 3649 0
3650 3820 20
3820 3650 0
3651 3820 20
3820 3651 0
3652 3820 20
3820 3652 0
3653 3820 20
3820 3653 0
3654 3820 20
3820 3654 0
3655 3820 20
3820 3655 0
3656 3820 20
3820 3656 0
3657 3820 20
3820 3657 0
3658 3820 20
3820 3658 0
3659 3820 20
3820 3659 0
3660 3820 20
3820 3660 0
3661 3820 20
3820 3661 0
3662 3820 20
3820 3662 0
3663 3820 20
3820 3663 0
3664 3820 20
3820 3664 0
3665 3820 20
3820 3665 0
3666 3820 20
3820 3666 0
3667 3820 20
3820 3667 0
3668 3820 20
3820 3668 0
3669 3820 20
3820 3669 0
3670 3820 20
3820 3670 0
3671 3820 20
3820 3671 0
3672 3820 20
3820 3672 0
3673 3820 20
3820 3673 0
3674 3820 20
3820 3674 0
3675 3820 20
3820 3675 0
3676 3820 20
3820 3676 0
3677 3820 20
3820 3677 0
3678 3820 20
3820 3678 0
3679 3820 20
3820 3679 0
3680 3820 20
3820 3680 0
3681 3820 20
3820 3681 0
3682 3820 20
3820 3682 0
3683 3820 20
3820 3683 0
3684 3820 20
3820 3684 0
3685 3820 20
3820 3685 0
3686 3820 20
3820 3686 0
3687 3820 20
3820 3687 0
3688 3820 20
3820 3688 0
3689 3820 20
3820 3689 0
3690 3820 20
3820 3690 0
3691 3820 20
3820 3691 0
3692 3820 20
3820 3692 0
3693 3820 20
3820 3693 0
3694 3820 20
3820 3694 0
3695 3820 20
3820 3695 0
3696 3820 20
3820 3696 0
3697 3820 20
3820 3697 0
3698 3820 20
3820 3698 0
3699 3820 20
3820 3699 0
3700 3820 20
3820 3700 0
3701 3820 20
3820 3701 0
3702 3820 20
3820 3702 0
3703 3820 20
3820 3703 0
3704 3820 20
3820 3704 0
3705 3820 20
3820 3705 0
3706 3820 20
3820 3706 0
3707 3820 20
3820 3707 0
3708 3820 20
3820 3708 0
3709 3820 20
3820 3709 0
3710 3820 20
3820 3710 0
3711 3820 20
3820 3711 0
3712 3820 20
3820 3712 0
3713 3820 20
3820 3713 0
3714 3820 20
3820 3714 0
3715 3820 20
3820 3715 0
3716 3820 20
3820 3716 0
3717 3820 20
3820 3717 0
3718 3820 20
3820 3718 0
3719 3820 20
3820 3719 0
3720 3820 20
3820 3720 0
3721 3820 20
3820 3721 0
3722 3820 20
3820 3722 0
3723 3820 20
3820 3723 0
3724 3820 20
3820 3724 0
3725 3820 20
3820 3725 0
3726 3820 20
3820 3726 0
3727 3820 20
3820 3727 0
3728 3820 20
3820 3728 0
3729 3820 20
3820 3729 0
3730 3820 20
3820 3730 0
3731 3820 20
3820 3731 0
3732 3820 20
3820 3732 0
3733 3820 20
3820 3733 0
3734 3820 20
3820 3734 0
3735 3820 20
3820 3735 0
3736 3820 20
3820 3736 0
3737 3820 20
3820 3737 0
3738 3820 20
3820 3738 0
3739 3820 20
3820 3739 0
3740 3820 20
3820 3740 0
3741 3820 20
3820 3741 0
3742 3820 20
3820 3742 0
3743 3820 20
3820 3743 0
3744 3820 20
3820 3744 0
3745 3820 20
3820 3745 0
3746 3820 20
3820 3746 0
3747 3820 20
3820 3747 0
3748 3820 20
3820 3748 0
3749 3820 20
3820 3749 0
3750 3820 20
3820 3750 0
3751 3820 20
3820 3751 0
3752 3820 20
3820 3752 0
3753 3820 20
3820 3753 0
3754 3820 20
3820 3754 0
3755 3820 20
3820 3755 0
3756 3820 20
3820 3756 0
3757 3820 20
3820 3757 0
3758 3820 20
3820 3758 0
3759 3820 20
3820 3759 0
3760 3820 20
3820 3760 0
3761 3820 20
3820 3761 0
3762 3820 20
3820 3762 0
3763 3820 20
3820 3763 0
3764 3820 20
3820 3764 0
3765 3820 20
3820 3765 0
3766 3820 20
3820 3766 0
3767 3820 20
3820 3767 0
3768 3820 20
3820 3768 0
3769 3820 20
3820 3769 0
3770 3820 20
3820 3770 0
3771 3820 20
3820 3771 0
3772 3820 20
3820 3772 0
3773 3820 20
3820 3773 0
3774 3820 20
3820 3774 0
3775 3820 20
3820 3775 0
3776 3820 20
3820 3776 0
3777 3820 20
3820 3777 0
3778 3820 20
3820 3778 0
3779 3820 20
3820 3779 0
3780 3820 20
3820 3780 0
3781 3820 20
3820 3781 0
3782 3820 20
3820 3782 0
3783 3820 20
3820 3783 0
3784 3820 20
3820 3784 0
3785 3820 20
3820 3785 0
3786 3820 20
3820 3786 0
3787 3820 20
3820 3787 0
3788 3820 20
3820 3788 0
3789 3820 20
3820 3789 0
3790 3820 20
3820 3790 0
3791 3820 20
3820 3791 0
3792 3820 20
3820 3792 0
3793 3820 20
3820 3793 0
3794 3820 20
3820 3794 0
3795 3820 20
3820 3795 0
3796 3820 20
3820 3796 0
3797 3820 20
3820 3797 0
3798 3820 20
3820 3798 0
3799 3820 20
3820 3799 0
3800 3820 20
3820 3800 0
3801 3820 20
3820 3801 0
3802 3820 20
3820 3802 0
3803 3820 20
3820 3803 0
3804 3820 20
3820 3804 0
3805 3820 20
3820 3805 0
3806 3820 20
3820 3806 0
3807 3820 20
3820 3807 0
3808 3820 20
3820 3808 0
3809 3820 20
3820 3809 0
3810 3820 20
3820 3810 0
3811 3820 20
3820 3811 0
3812 3820 20
3820 3812 0
3813 3820 20
3820 3813 0
3814 3820 20
3820 3814 0
3815 3820 20
3820 3815 0
3816 3820 20
3820 3816 0
3817 3820 20
3820 3817 0
3818 3820 20
3820 3818 0
3819 3820 20
3820 3819 0
