4058 4057 247 8114
1 4058 1
4058 1 0
2 4058 1
4058 2 0
3 4058 1
4058 3 0
4 4058 1
4058 4 0
5 4058 1
4058 5 0
6 4058 1
4058 6 0
7 4058 1
4058 7 0
8 4058 1
4058 8 0
9 4058 1
4058 9 0
10 4058 1
4058 10 0
11 4058 1
4058 11 0
12 4058 1
4058 12 0
13 4058 1
4058 13 0
14 4058 1
4058 14 0
15 4058 1
4058 15 0
16 4058 1
4058 16 0
17 4058 1
4058 17 0
18 4058 1
4058 18 0
19 4058 1
4058 19 0
20 4058 1
4058 20 0
21 4058 1
4058 21 0
22 4058 1
4058 22 0
23 4058 1
4058 23 0
24 4058 1
4058 24 0
25 4058 1
4058 25 0
26 4058 1
4058 26 0
27 4058 1
4058 27 0
28 4058 1
4058 28 0
29 4058 1
4058 29 0
30 4058 1
4058 30 0
31 4058 1
4058 31 0
32 4058 1
4058 32 0
33 4058 1
4058 33 0
34 4058 1
4058 34 0
35 4058 1
4058 35 0
36 4058 1
4058 36 0
37 4058 1
4058 37 0
38 4058 1
4058 38 0
39 4058 1
4058 39 0
40 4058 1
4058 40 0
41 4058 1
4058 41 0
42 4058 1
4058 42 0
43 4058 1
4058 43 0
44 4058 1
4058 44 0
45 4058 1
4058 45 0
46 4058 1
4058 46 0
47 4058 1
4058 47 0
48 4058 1
4058 48 0
49 4058 1
4058 49 0
50 4058 1
4058 50 0
51 4058 1
4058 51 0
52 4058 1
4058 52 0
53 4058 1
4058 53 0
54 4058 1
4058 54 0
55 4058 1
4058 55 0
56 4058 1
4058 56 0
57 4058 1
4058 57 0
58 4058 1
4058 58 0
59 4058 1
4058 59 0
60 4058 1
4058 60 0
61 4058 1
4058 61 0
62 4058 1
4058 62 0
63 4058 1
4058 63 0
64 4058 1
4058 64 0
65 4058 1
4058 65 0
66 4058 1
4058 66 0
67 4058 1
4058 67 0
68 4058 1
4058 68 0
69 4058 1
4058 69 0
70 4058 1
4058 70 0
71 4058 1
4058 71 0
72 4058 1
4058 72 0
73 4058 1
4058 73 0
74 4058 1
4058 74 0
75 4058 1
4058 75 0
76 4058 1
4058 76 0
77 4058 1
4058 77 0
78 4058 1
4058 78 0
79 4058 1
4058 79 0
80 4058 1
4058 80 0
81 4058 1
4058 81 0
82 4058 1
4058 82 0
83 4058 1
4058 83 0
84 4058 1
4058 84 0
85 4058 1
4058 85 0
86 4058 1
4058 86 0
87 4058 1
4058 87 0
88 4058 1
4058 88 0
89 4058 1
4058 89 0
90 4058 1
4058 90 0
91 4058 1
4058 91 0
92 4058 1
4058 92 0
93 4058 1
4058 93 0
94 4058 1
4058 94 0
95 4058 1
4058 95 0
96 4058 1
4058 96 0
97 4058 1
4058 97 0
98 4058 1
4058 98 0
99 4058 1
4058 99 0
100 4058 1
4058 100 0
101 4058 1
4058 101 0
102 4058 1
4058 102 0
103 4058 1
4058 103 0
104 4058 1
4058 104 0
105 4058 1
4058 105 0
106 4058 1
4058 106 0
107 4058 1
4058 107 0
108 4058 1
4058 108 0
109 4058 1
4058 109 0
110 4058 1
4058 110 0
111 4058 1
4058 111 0
112 4058 1
4058 112 0
113 4058 1
4058 113 0
114 4058 1
4058 114 0
115 4058 1
4058 115 0
116 4058 1
4058 116 0
117 4058 1
4058 117 0
118 4058 1
4058 118 0
119 4058 1
4058 119 0
120 4058 1
4058 120 0
121 4058 1
4058 121 0
122 4058 1
4058 122 0
123 4058 1
4058 123 0
124 4058 1
4058 124 0
125 4058 1
4058 125 0
126 4058 1
4058 126 0
127 4058 1
4058 127 0
128 4058 1
4058 128 0
129 4058 1
4058 129 0
130 4058 1
4058 130 0
131 4058 1
4058 131 0
132 4058 1
4058 132 0
133 4058 1
4058 133 0
134 4058 1
4058 134 0
135 4058 1
4058 135 0
136 4058 1
4058 136 0
137 4058 1
4058 137 0
138 4058 1
4058 138 0
139 4058 1
4058 139 0
140 4058 1
4058 140 0
141 4058 1
4058 141 0
142 4058 1
4058 142 0
143 4058 1
4058 143 0
144 4058 1
4058 144 0
145 4058 1
4058 145 0
146 4058 1
4058 146 0
147 4058 1
4058 147 0
148 4058 1
4058 148 0
149 4058 1
4058 149 0
150 4058 1
4058 150 0
151 4058 1
4058 151 0
152 4058 1
4058 152 0
153 4058 1
4058 153 0
154 4058 1
4058 154 0
155 4058 1
4058 155 0
156 4058 1
4058 156 0
157 4058 1
4058 157 0
158 4058 1
4058 158 0
159 4058 1
4058 159 0
160 4058 1
4058 160 0
161 4058 1
4058 161 0
162 4058 1
4058 162 0
163 4058 1
4058 163 0
164 4058 1
4058 164 0
165 4058 1
4058 165 0
166 4058 1
4058 166 0
167 4058 1
4058 167 0
168 4058 1
4058 168 0
169 4058 1
4058 169 0
170 4058 1
4058 170 0
171 4058 1
4058 171 0
172 4058 1
4058 172 0
173 4058 1
4058 173 0
174 4058 1
4058 174 0
175 4058 1
4058 175 0
176 4058 1
4058 176 0
177 4058 1
4058 177 0
178 4058 1
4058 178 0
179 4058 1
4058 179 0
180 4058 1
4058 180 0
181 4058 1
4058 181 0
182 4058 1
4058 182 0
183 4058 1
4058 183 0
184 4058 1
4058 184 0
185 4058 1
4058 185 0
186 4058 1
4058 186 0
187 4058 1
4058 187 0
188 4058 1
4058 188 0
189 4058 1
4058 189 0
190 4058 1
4058 190 0
191 4058 1
4058 191 0
192 4058 1
4058 192 0
193 4058 1
4058 193 0
194 4058 1
4058 194 0
195 4058 1
4058 195 0
196 4058 1
4058 196 0
197 4058 1
4058 197 0
198 4058 1
4058 198 0
199 4058 1
4058 199 0
200 4058 1
4058 200 0
201 4058 1
4058 201 0
202 4058 1
4058 202 0
203 4058 1
4058 203 0
204 4058 1
4058 204 0
205 4058 1
4058 205 0
206 4058 1
4058 206 0
207 4058 1
4058 207 0
208 4058 1
4058 208 0
209 4058 1
4058 209 0
210 4058 1
4058 210 0
211 4058 1
4058 211 0
212 4058 1
4058 212 0
213 4058 1
4058 213 0
214 4058 1
4058 214 0
215 4058 1
4058 215 0
216 4058 1
4058 216 0
217 4058 1
4058 217 0
218 4058 1
4058 218 0
219 4058 1
4058 219 0
220 4058 1
4058 220 0
221 4058 1
4058 221 0
222 4058 1
4058 222 0
223 4058 1
4058 223 0
224 4058 1
4058 224 0
225 4058 1
4058 225 0
226 4058 1
4058 226 0
227 4058 1
4058 227 0
228 4058 1
4058 228 0
229 4058 1
4058 229 0
230 4058 1
4058 230 0
231 4058 1
4058 231 0
232 4058 1
4058 232 0
233 4058 1
4058 233 0
234 4058 1
4058 234 0
235 4058 1
4058 235 0
236 4058 1
4058 236 0
237 4058 1
4058 237 0
238 4058 1
4058 238 0
239 4058 1
4058 239 0
240 4058 1
4058 240 0
241 4058 1
4058 241 0
242 4058 1
4058 242 0
243 4058 1
4058 243 0
244 4058 1
4058 244 0
245 4058 1
4058 245 0
246 4058 1
4058 246 0
247 4058 1
4058 247 0
248 4058 1
4058 248 0
249 4058 1
4058 249 0
250 4058 1
4058 250 0
251 4058 1
4058 251 0
252 4058 1
4058 252 0
253 4058 1
4058 253 0
254 4058 1
4058 254 0
255 4058 1
4058 255 0
256 4058 1
4058 256 0
257 4058 1
4058 257 0
258 4058 1
4058 258 0
259 4058 1
4058 259 0
260 4058 1
4058 260 0
261 4058 1
4058 261 0
262 4058 1
4058 262 0
263 4058 1
4058 263 0
264 4058 1
4058 264 0
265 4058 1
4058 265 0
266 4058 1
4058 266 0
267 4058 1
4058 267 0
268 4058 1
4058 268 0
269 4058 1
4058 269 0
270 4058 1
4058 270 0
271 4058 1
4058 271 0
272 4058 1
4058 272 0
273 4058 1
4058 273 0
274 4058 1
4058 274 0
275 4058 1
4058 275 0
276 4058 1
4058 276 0
277 4058 1
4058 277 0
278 4058 1
4058 278 0
279 4058 1
4058 279 0
280 4058 1
4058 280 0
281 4058 1
4058 281 0
282 4058 1
4058 282 0
283 4058 1
4058 283 0
284 4058 1
4058 284 0
285 4058 1
4058 285 0
286 4058 1
4058 286 0
287 4058 1
4058 287 0
288 4058 1
4058 288 0
289 4058 1
4058 289 0
290 4058 1
4058 290 0
291 4058 1
4058 291 0
292 4058 1
4058 292 0
293 4058 1
4058 293 0
294 4058 1
4058 294 0
295 4058 1
4058 295 0
296 4058 1
4058 296 0
297 4058 1
4058 297 0
298 4058 1
4058 298 0
299 4058 1
4058 299 0
300 4058 1
4058 300 0
301 4058 1
4058 301 0
302 4058 1
4058 302 0
303 4058 1
4058 303 0
304 4058 1
4058 304 0
305 4058 1
4058 305 0
306 4058 1
4058 306 0
307 4058 1
4058 307 0
308 4058 1
4058 308 0
309 4058 1
4058 309 0
310 4058 1
4058 310 0
311 4058 1
4058 311 0
312 4058 1
4058 312 0
313 4058 1
4058 313 0
314 4058 1
4058 314 0
315 4058 1
4058 315 0
316 4058 1
4058 316 0
317 4058 1
4058 317 0
318 4058 1
4058 318 0
319 4058 1
4058 319 0
320 4058 1
4058 320 0
321 4058 1
4058 321 0
322 4058 1
4058 322 0
323 4058 1
4058 323 0
324 4058 1
4058 324 0
325 4058 1
4058 325 0
326 4058 1
4058 326 0
327 4058 1
4058 327 0
328 4058 1
4058 328 0
329 4058 1
4058 329 0
330 4058 1
4058 330 0
331 4058 1
4058 331 0
332 4058 1
4058 332 0
333 4058 1
4058 333 0
334 4058 1
4058 334 0
335 4058 1
4058 335 0
336 4058 1
4058 336 0
337 4058 1
4058 337 0
338 4058 1
4058 338 0
339 4058 1
4058 339 0
340 4058 1
4058 340 0
341 4058 1
4058 341 0
342 4058 1
4058 342 0
343 4058 1
4058 343 0
344 4058 1
4058 344 0
345 4058 1
4058 345 0
346 4058 1
4058 346 0
347 4058 1
4058 347 0
348 4058 1
4058 348 0
349 4058 1
4058 349 0
350 4058 1
4058 350 0
351 4058 1
4058 351 0
352 4058 1
4058 352 0
353 4058 1
4058 353 0
354 4058 1
4058 354 0
355 4058 1
4058 355 0
356 4058 1
4058 356 0
357 4058 1
4058 357 0
358 4058 1
4058 358 0
359 4058 1
4058 359 0
360 4058 1
4058 360 0
361 4058 1
4058 361 0
362 4058 1
4058 362 0
363 4058 1
4058 363 0
364 4058 1
4058 364 0
365 4058 1
4058 365 0
366 4058 1
4058 366 0
367 4058 1
4058 367 0
368 4058 1
4058 368 0
369 4058 1
4058 369 0
370 4058 1
4058 370 0
371 4058 1
4058 371 0
372 4058 1
4058 372 0
373 4058 1
4058 373 0
374 4058 1
4058 374 0
375 4058 1
4058 375 0
376 4058 1
4058 376 0
377 4058 1
4058 377 0
378 4058 1
4058 378 0
379 4058 1
4058 379 0
380 4058 1
4058 380 0
381 4058 1
4058 381 0
382 4058 1
4058 382 0
383 4058 1
4058 383 0
384 4058 1
4058 384 0
385 4058 1
4058 385 0
386 4058 1
4058 386 0
387 4058 1
4058 387 0
388 4058 1
4058 388 0
389 4058 1
4058 389 0
390 4058 1
4058 390 0
391 4058 1
4058 391 0
392 4058 1
4058 392 0
393 4058 1
4058 393 0
394 4058 1
4058 394 0
395 4058 1
4058 395 0
396 4058 1
4058 396 0
397 4058 1
4058 397 0
398 4058 1
4058 398 0
399 4058 1
4058 399 0
400 4058 1
4058 400 0
401 4058 1
4058 401 0
402 4058 1
4058 402 0
403 4058 1
4058 403 0
404 4058 1
4058 404 0
405 4058 1
4058 405 0
406 4058 1
4058 406 0
407 4058 1
4058 407 0
408 4058 1
4058 408 0
409 4058 1
4058 409 0
410 4058 1
4058 410 0
411 4058 1
4058 411 0
412 4058 1
4058 412 0
413 4058 1
4058 413 0
414 4058 1
4058 414 0
415 4058 1
4058 415 0
416 4058 1
4058 416 0
417 4058 1
4058 417 0
418 4058 1
4058 418 0
419 4058 1
4058 419 0
420 4058 1
4058 420 0
421 4058 1
4058 421 0
422 4058 1
4058 422 0
423 4058 1
4058 423 0
424 4058 1
4058 424 0
425 4058 1
4058 425 0
426 4058 1
4058 426 0
427 4058 1
4058 427 0
428 4058 1
4058 428 0
429 4058 1
4058 429 0
430 4058 1
4058 430 0
431 4058 1
4058 431 0
432 4058 1
4058 432 0
433 4058 1
4058 433 0
434 4058 1
4058 434 0
435 4058 1
4058 435 0
436 4058 1
4058 436 0
437 4058 1
4058 437 0
438 4058 1
4058 438 0
439 4058 1
4058 439 0
440 4058 1
4058 440 0
441 4058 1
4058 441 0
442 4058 1
4058 442 0
443 4058 1
4058 443 0
444 4058 1
4058 444 0
445 4058 1
4058 445 0
446 4058 1
4058 446 0
447 4058 1
4058 447 0
448 4058 1
4058 448 0
449 4058 1
4058 449 0
450 4058 1
4058 450 0
451 4058 1
4058 451 0
452 4058 1
4058 452 0
453 4058 1
4058 453 0
454 4058 1
4058 454 0
455 4058 1
4058 455 0
456 4058 1
4058 456 0
457 4058 1
4058 457 0
458 4058 1
4058 458 0
459 4058 1
4058 459 0
460 4058 1
4058 460 0
461 4058 1
4058 461 0
462 4058 1
4058 462 0
463 4058 1
4058 463 0
464 4058 1
4058 464 0
465 4058 1
4058 465 0
466 4058 1
4058 466 0
467 4058 1
4058 467 0
468 4058 1
4058 468 0
469 4058 1
4058 469 0
470 4058 1
4058 470 0
471 4058 1
4058 471 0
472 4058 1
4058 472 0
473 4058 1
4058 473 0
474 4058 1
4058 474 0
475 4058 1
4058 475 0
476 4058 1
4058 476 0
477 4058 1
4058 477 0
478 4058 1
4058 478 0
479 4058 1
4058 479 0
480 4058 1
4058 480 0
481 4058 1
4058 481 0
482 4058 1
4058 482 0
483 4058 1
4058 483 0
484 4058 1
4058 484 0
485 4058 1
4058 485 0
486 4058 1
4058 486 0
487 4058 1
4058 487 0
488 4058 1
4058 488 0
489 4058 1
4058 489 0
490 4058 1
4058 490 0
491 4058 1
4058 491 0
492 4058 1
4058 492 0
493 4058 1
4058 493 0
494 4058 1
4058 494 0
495 4058 1
4058 495 0
496 4058 1
4058 496 0
497 4058 1
4058 497 0
498 4058 1
4058 498 0
499 4058 1
4058 499 0
500 4058 1
4058 500 0
501 4058 1
4058 501 0
502 4058 1
4058 502 0
503 4058 1
4058 503 0
504 4058 1
4058 504 0
505 4058 1
4058 505 0
506 4058 1
4058 506 0
507 4058 1
4058 507 0
508 4058 1
4058 508 0
509 4058 1
4058 509 0
510 4058 1
4058 510 0
511 4058 1
4058 511 0
512 4058 1
4058 512 0
513 4058 1
4058 513 0
514 4058 1
4058 514 0
515 4058 1
4058 515 0
516 4058 1
4058 516 0
517 4058 1
4058 517 0
518 4058 1
4058 518 0
519 4058 1
4058 519 0
520 4058 1
4058 520 0
521 4058 1
4058 521 0
522 4058 1
4058 522 0
523 4058 1
4058 523 0
524 4058 1
4058 524 0
525 4058 1
4058 525 0
526 4058 1
4058 526 0
527 4058 1
4058 527 0
528 4058 1
4058 528 0
529 4058 1
4058 529 0
530 4058 1
4058 530 0
531 4058 1
4058 531 0
532 4058 1
4058 532 0
533 4058 1
4058 533 0
534 4058 1
4058 534 0
535 4058 1
4058 535 0
536 4058 1
4058 536 0
537 4058 1
4058 537 0
538 4058 1
4058 538 0
539 4058 1
4058 539 0
540 4058 1
4058 540 0
541 4058 1
4058 541 0
542 4058 1
4058 542 0
543 4058 1
4058 543 0
544 4058 1
4058 544 0
545 4058 1
4058 545 0
546 4058 1
4058 546 0
547 4058 1
4058 547 0
548 4058 1
4058 548 0
549 4058 1
4058 549 0
550 4058 1
4058 550 0
551 4058 1
4058 551 0
552 4058 1
4058 552 0
553 4058 1
4058 553 0
554 4058 1
4058 554 0
555 4058 1
4058 555 0
556 4058 1
4058 556 0
557 4058 1
4058 557 0
558 4058 1
4058 558 0
559 4058 1
4058 559 0
560 4058 1
4058 560 0
561 4058 1
4058 561 0
562 4058 1
4058 562 0
563 4058 1
4058 563 0
564 4058 1
4058 564 0
565 4058 1
4058 565 0
566 4058 1
4058 566 0
567 4058 1
4058 567 0
568 4058 1
4058 568 0
569 4058 1
4058 569 0
570 4058 1
4058 570 0
571 4058 1
4058 571 0
572 4058 1
4058 572 0
573 4058 1
4058 573 0
574 4058 1
4058 574 0
575 4058 1
4058 575 0
576 4058 1
4058 576 0
577 4058 1
4058 577 0
578 4058 1
4058 578 0
579 4058 1
4058 579 0
580 4058 1
4058 580 0
581 4058 1
4058 581 0
582 4058 1
4058 582 0
583 4058 1
4058 583 0
584 4058 1
4058 584 0
585 4058 1
4058 585 0
586 4058 1
4058 586 0
587 4058 1
4058 587 0
588 4058 1
4058 588 0
589 4058 1
4058 589 0
590 4058 1
4058 590 0
591 4058 1
4058 591 0
592 4058 1
4058 592 0
593 4058 1
4058 593 0
594 4058 1
4058 594 0
595 4058 1
4058 595 0
596 4058 1
4058 596 0
597 4058 1
4058 597 0
598 4058 1
4058 598 0
599 4058 1
4058 599 0
600 4058 1
4058 600 0
601 4058 1
4058 601 0
602 4058 1
4058 602 0
603 4058 1
4058 603 0
604 4058 1
4058 604 0
605 4058 1
4058 605 0
606 4058 1
4058 606 0
607 4058 1
4058 607 0
608 4058 1
4058 608 0
609 4058 1
4058 609 0
610 4058 1
4058 610 0
611 4058 1
4058 611 0
612 4058 1
4058 612 0
613 4058 1
4058 613 0
614 4058 1
4058 614 0
615 4058 1
4058 615 0
616 4058 1
4058 616 0
617 4058 1
4058 617 0
618 4058 1
4058 618 0
619 4058 1
4058 619 0
620 4058 1
4058 620 0
621 4058 1
4058 621 0
622 4058 1
4058 622 0
623 4058 1
4058 623 0
624 4058 1
4058 624 0
625 4058 1
4058 625 0
626 4058 1
4058 626 0
627 4058 1
4058 627 0
628 4058 1
4058 628 0
629 4058 1
4058 629 0
630 4058 1
4058 630 0
631 4058 1
4058 631 0
632 4058 1
4058 632 0
633 4058 1
4058 633 0
634 4058 1
4058 634 0
635 4058 1
4058 635 0
636 4058 1
4058 636 0
637 4058 1
4058 637 0
638 4058 1
4058 638 0
639 4058 1
4058 639 0
640 4058 1
4058 640 0
641 4058 1
4058 641 0
642 4058 1
4058 642 0
643 4058 1
4058 643 0
644 4058 1
4058 644 0
645 4058 1
4058 645 0
646 4058 1
4058 646 0
647 4058 1
4058 647 0
648 4058 1
4058 648 0
649 4058 1
4058 649 0
650 4058 1
4058 650 0
651 4058 1
4058 651 0
652 4058 1
4058 652 0
653 4058 1
4058 653 0
654 4058 1
4058 654 0
655 4058 1
4058 655 0
656 4058 1
4058 656 0
657 4058 1
4058 657 0
658 4058 1
4058 658 0
659 4058 1
4058 659 0
660 4058 1
4058 660 0
661 4058 1
4058 661 0
662 4058 1
4058 662 0
663 4058 1
4058 663 0
664 4058 1
4058 664 0
665 4058 1
4058 665 0
666 4058 1
4058 666 0
667 4058 1
4058 667 0
668 4058 1
4058 668 0
669 4058 1
4058 669 0
670 4058 1
4058 670 0
671 4058 1
4058 671 0
672 4058 1
4058 672 0
673 4058 1
4058 673 0
674 4058 1
4058 674 0
675 4058 1
4058 675 0
676 4058 1
4058 676 0
677 4058 1
4058 677 0
678 4058 1
4058 678 0
679 4058 1
4058 679 0
680 4058 1
4058 680 0
681 4058 1
4058 681 0
682 4058 1
4058 682 0
683 4058 1
4058 683 0
684 4058 1
4058 684 0
685 4058 1
4058 685 0
686 4058 1
4058 686 0
687 4058 1
4058 687 0
688 4058 1
4058 688 0
689 4058 1
4058 689 0
690 4058 1
4058 690 0
691 4058 1
4058 691 0
692 4058 1
4058 692 0
693 4058 1
4058 693 0
694 4058 1
4058 694 0
695 4058 1
4058 695 0
696 4058 1
4058 696 0
697 4058 1
4058 697 0
698 4058 1
4058 698 0
699 4058 1
4058 699 0
700 4058 1
4058 700 0
701 4058 1
4058 701 0
702 4058 1
4058 702 0
703 4058 1
4058 703 0
704 4058 1
4058 704 0
705 4058 1
4058 705 0
706 4058 1
4058 706 0
707 4058 1
4058 707 0
708 4058 1
4058 708 0
709 4058 1
4058 709 0
710 4058 1
4058 710 0
711 4058 1
4058 711 0
712 4058 1
4058 712 0
713 4058 1
4058 713 0
714 4058 1
4058 714 0
715 4058 1
4058 715 0
716 4058 1
4058 716 0
717 4058 1
4058 717 0
718 4058 1
4058 718 0
719 4058 1
4058 719 0
720 4058 1
4058 720 0
721 4058 1
4058 721 0
722 4058 1
4058 722 0
723 4058 1
4058 723 0
724 4058 1
4058 724 0
725 4058 1
4058 725 0
726 4058 1
4058 726 0
727 4058 1
4058 727 0
728 4058 1
4058 728 0
729 4058 1
4058 729 0
730 4058 1
4058 730 0
731 4058 1
4058 731 0
732 4058 1
4058 732 0
733 4058 1
4058 733 0
734 4058 1
4058 734 0
735 4058 1
4058 735 0
736 4058 1
4058 736 0
737 4058 1
4058 737 0
738 4058 1
4058 738 0
739 4058 1
4058 739 0
740 4058 1
4058 740 0
741 4058 1
4058 741 0
742 4058 1
4058 742 0
743 4058 1
4058 743 0
744 4058 1
4058 744 0
745 4058 1
4058 745 0
746 4058 1
4058 746 0
747 4058 1
4058 747 0
748 4058 1
4058 748 0
749 4058 1
4058 749 0
750 4058 1
4058 750 0
751 4058 1
4058 751 0
752 4058 1
4058 752 0
753 4058 1
4058 753 0
754 4058 1
4058 754 0
755 4058 1
4058 755 0
756 4058 1
4058 756 0
757 4058 1
4058 757 0
758 4058 1
4058 758 0
759 4058 1
4058 759 0
760 4058 1
4058 760 0
761 4058 1
4058 761 0
762 4058 1
4058 762 0
763 4058 1
4058 763 0
764 4058 1
4058 764 0
765 4058 1
4058 765 0
766 4058 1
4058 766 0
767 4058 1
4058 767 0
768 4058 1
4058 768 0
769 4058 1
4058 769 0
770 4058 1
4058 770 0
771 4058 1
4058 771 0
772 4058 1
4058 772 0
773 4058 1
4058 773 0
774 4058 1
4058 774 0
775 4058 1
4058 775 0
776 4058 1
4058 776 0
777 4058 1
4058 777 0
778 4058 1
4058 778 0
779 4058 1
4058 779 0
780 4058 1
4058 780 0
781 4058 1
4058 781 0
782 4058 1
4058 782 0
783 4058 1
4058 783 0
784 4058 1
4058 784 0
785 4058 1
4058 785 0
786 4058 1
4058 786 0
787 4058 1
4058 787 0
788 4058 1
4058 788 0
789 4058 1
4058 789 0
790 4058 1
4058 790 0
791 4058 1
4058 791 0
792 4058 1
4058 792 0
793 4058 1
4058 793 0
794 4058 1
4058 794 0
795 4058 1
4058 795 0
796 4058 1
4058 796 0
797 4058 1
4058 797 0
798 4058 1
4058 798 0
799 4058 1
4058 799 0
800 4058 1
4058 800 0
801 4058 1
4058 801 0
802 4058 1
4058 802 0
803 4058 1
4058 803 0
804 4058 1
4058 804 0
805 4058 1
4058 805 0
806 4058 1
4058 806 0
807 4058 1
4058 807 0
808 4058 1
4058 808 0
809 4058 1
4058 809 0
810 4058 1
4058 810 0
811 4058 1
4058 811 0
812 4058 1
4058 812 0
813 4058 1
4058 813 0
814 4058 1
4058 814 0
815 4058 1
4058 815 0
816 4058 1
4058 816 0
817 4058 1
4058 817 0
818 4058 1
4058 818 0
819 4058 1
4058 819 0
820 4058 1
4058 820 0
821 4058 1
4058 821 0
822 4058 1
4058 822 0
823 4058 1
4058 823 0
824 4058 1
4058 824 0
825 4058 1
4058 825 0
826 4058 1
4058 826 0
827 4058 1
4058 827 0
828 4058 1
4058 828 0
829 4058 1
4058 829 0
830 4058 1
4058 830 0
831 4058 1
4058 831 0
832 4058 1
4058 832 0
833 4058 1
4058 833 0
834 4058 1
4058 834 0
835 4058 1
4058 835 0
836 4058 1
4058 836 0
837 4058 1
4058 837 0
838 4058 1
4058 838 0
839 4058 1
4058 839 0
840 4058 1
4058 840 0
841 4058 1
4058 841 0
842 4058 1
4058 842 0
843 4058 1
4058 843 0
844 4058 1
4058 844 0
845 4058 1
4058 845 0
846 4058 1
4058 846 0
847 4058 1
4058 847 0
848 4058 1
4058 848 0
849 4058 1
4058 849 0
850 4058 1
4058 850 0
851 4058 1
4058 851 0
852 4058 1
4058 852 0
853 4058 1
4058 853 0
854 4058 1
4058 854 0
855 4058 1
4058 855 0
856 4058 1
4058 856 0
857 4058 1
4058 857 0
858 4058 1
4058 858 0
859 4058 1
4058 859 0
860 4058 1
4058 860 0
861 4058 1
4058 861 0
862 4058 1
4058 862 0
863 4058 1
4058 863 0
864 4058 1
4058 864 0
865 4058 1
4058 865 0
866 4058 1
4058 866 0
867 4058 1
4058 867 0
868 4058 1
4058 868 0
869 4058 1
4058 869 0
870 4058 1
4058 870 0
871 4058 1
4058 871 0
872 4058 1
4058 872 0
873 4058 1
4058 873 0
874 4058 1
4058 874 0
875 4058 1
4058 875 0
876 4058 1
4058 876 0
877 4058 1
4058 877 0
878 4058 1
4058 878 0
879 4058 1
4058 879 0
880 4058 1
4058 880 0
881 4058 1
4058 881 0
882 4058 1
4058 882 0
883 4058 1
4058 883 0
884 4058 1
4058 884 0
885 4058 1
4058 885 0
886 4058 1
4058 886 0
887 4058 1
4058 887 0
888 4058 1
4058 888 0
889 4058 1
4058 889 0
890 4058 1
4058 890 0
891 4058 1
4058 891 0
892 4058 1
4058 892 0
893 4058 1
4058 893 0
894 4058 1
4058 894 0
895 4058 1
4058 895 0
896 4058 1
4058 896 0
897 4058 1
4058 897 0
898 4058 1
4058 898 0
899 4058 1
4058 899 0
900 4058 1
4058 900 0
901 4058 1
4058 901 0
902 4058 1
4058 902 0
903 4058 1
4058 903 0
904 4058 1
4058 904 0
905 4058 1
4058 905 0
906 4058 1
4058 906 0
907 4058 1
4058 907 0
908 4058 1
4058 908 0
909 4058 1
4058 909 0
910 4058 1
4058 910 0
911 4058 1
4058 911 0
912 4058 1
4058 912 0
913 4058 1
4058 913 0
914 4058 1
4058 914 0
915 4058 1
4058 915 0
916 4058 1
4058 916 0
917 4058 1
4058 917 0
918 4058 1
4058 918 0
919 4058 1
4058 919 0
920 4058 1
4058 920 0
921 4058 1
4058 921 0
922 4058 1
4058 922 0
923 4058 1
4058 923 0
924 4058 1
4058 924 0
925 4058 1
4058 925 0
926 4058 1
4058 926 0
927 4058 1
4058 927 0
928 4058 1
4058 928 0
929 4058 1
4058 929 0
930 4058 1
4058 930 0
931 4058 1
4058 931 0
932 4058 1
4058 932 0
933 4058 1
4058 933 0
934 4058 1
4058 934 0
935 4058 1
4058 935 0
936 4058 1
4058 936 0
937 4058 1
4058 937 0
938 4058 1
4058 938 0
939 4058 1
4058 939 0
940 4058 1
4058 940 0
941 4058 1
4058 941 0
942 4058 1
4058 942 0
943 4058 1
4058 943 0
944 4058 1
4058 944 0
945 4058 1
4058 945 0
946 4058 1
4058 946 0
947 4058 1
4058 947 0
948 4058 1
4058 948 0
949 4058 1
4058 949 0
950 4058 1
4058 950 0
951 4058 1
4058 951 0
952 4058 1
4058 952 0
953 4058 1
4058 953 0
954 4058 1
4058 954 0
955 4058 1
4058 955 0
956 4058 1
4058 956 0
957 4058 1
4058 957 0
958 4058 1
4058 958 0
959 4058 1
4058 959 0
960 4058 1
4058 960 0
961 4058 1
4058 961 0
962 4058 1
4058 962 0
963 4058 1
4058 963 0
964 4058 1
4058 964 0
965 4058 1
4058 965 0
966 4058 1
4058 966 0
967 4058 1
4058 967 0
968 4058 1
4058 968 0
969 4058 1
4058 969 0
970 4058 1
4058 970 0
971 4058 1
4058 971 0
972 4058 1
4058 972 0
973 4058 1
4058 973 0
974 4058 1
4058 974 0
975 4058 1
4058 975 0
976 4058 1
4058 976 0
977 4058 1
4058 977 0
978 4058 1
4058 978 0
979 4058 1
4058 979 0
980 4058 1
4058 980 0
981 4058 1
4058 981 0
982 4058 1
4058 982 0
983 4058 1
4058 983 0
984 4058 1
4058 984 0
985 4058 1
4058 985 0
986 4058 1
4058 986 0
987 4058 1
4058 987 0
988 4058 1
4058 988 0
989 4058 1
4058 989 0
990 4058 1
4058 990 0
991 4058 1
4058 991 0
992 4058 1
4058 992 0
993 4058 1
4058 993 0
994 4058 1
4058 994 0
995 4058 1
4058 995 0
996 4058 1
4058 996 0
997 4058 1
4058 997 0
998 4058 1
4058 998 0
999 4058 1
4058 999 0
1000 4058 1
4058 1000 0
1001 4058 1
4058 1001 0
1002 4058 1
4058 1002 0
1003 4058 1
4058 1003 0
1004 4058 1
4058 1004 0
1005 4058 1
4058 1005 0
1006 4058 1
4058 1006 0
1007 4058 1
4058 1007 0
1008 4058 1
4058 1008 0
1009 4058 1
4058 1009 0
1010 4058 1
4058 1010 0
1011 4058 1
4058 1011 0
1012 4058 1
4058 1012 0
1013 4058 1
4058 1013 0
1014 4058 1
4058 1014 0
1015 4058 1
4058 1015 0
1016 4058 1
4058 1016 0
1017 4058 1
4058 1017 0
1018 4058 1
4058 1018 0
1019 4058 1
4058 1019 0
1020 4058 1
4058 1020 0
1021 4058 1
4058 1021 0
1022 4058 1
4058 1022 0
1023 4058 1
4058 1023 0
1024 4058 1
4058 1024 0
1025 4058 1
4058 1025 0
1026 4058 1
4058 1026 0
1027 4058 1
4058 1027 0
1028 4058 1
4058 1028 0
1029 4058 1
4058 1029 0
1030 4058 1
4058 1030 0
1031 4058 1
4058 1031 0
1032 4058 1
4058 1032 0
1033 4058 1
4058 1033 0
1034 4058 1
4058 1034 0
1035 4058 1
4058 1035 0
1036 4058 1
4058 1036 0
1037 4058 1
4058 1037 0
1038 4058 1
4058 1038 0
1039 4058 1
4058 1039 0
1040 4058 1
4058 1040 0
1041 4058 1
4058 1041 0
1042 4058 1
4058 1042 0
1043 4058 1
4058 1043 0
1044 4058 1
4058 1044 0
1045 4058 1
4058 1045 0
1046 4058 1
4058 1046 0
1047 4058 1
4058 1047 0
1048 4058 1
4058 1048 0
1049 4058 1
4058 1049 0
1050 4058 1
4058 1050 0
1051 4058 1
4058 1051 0
1052 4058 1
4058 1052 0
1053 4058 1
4058 1053 0
1054 4058 1
4058 1054 0
1055 4058 1
4058 1055 0
1056 4058 1
4058 1056 0
1057 4058 1
4058 1057 0
1058 4058 1
4058 1058 0
1059 4058 1
4058 1059 0
1060 4058 1
4058 1060 0
1061 4058 1
4058 1061 0
1062 4058 1
4058 1062 0
1063 4058 1
4058 1063 0
1064 4058 1
4058 1064 0
1065 4058 1
4058 1065 0
1066 4058 1
4058 1066 0
1067 4058 1
4058 1067 0
1068 4058 1
4058 1068 0
1069 4058 1
4058 1069 0
1070 4058 1
4058 1070 0
1071 4058 1
4058 1071 0
1072 4058 1
4058 1072 0
1073 4058 1
4058 1073 0
1074 4058 1
4058 1074 0
1075 4058 1
4058 1075 0
1076 4058 1
4058 1076 0
1077 4058 1
4058 1077 0
1078 4058 1
4058 1078 0
1079 4058 1
4058 1079 0
1080 4058 1
4058 1080 0
1081 4058 1
4058 1081 0
1082 4058 1
4058 1082 0
1083 4058 1
4058 1083 0
1084 4058 1
4058 1084 0
1085 4058 1
4058 1085 0
1086 4058 1
4058 1086 0
1087 4058 1
4058 1087 0
1088 4058 1
4058 1088 0
1089 4058 1
4058 1089 0
1090 4058 1
4058 1090 0
1091 4058 1
4058 1091 0
1092 4058 1
4058 1092 0
1093 4058 1
4058 1093 0
1094 4058 1
4058 1094 0
1095 4058 1
4058 1095 0
1096 4058 1
4058 1096 0
1097 4058 1
4058 1097 0
1098 4058 1
4058 1098 0
1099 4058 1
4058 1099 0
1100 4058 1
4058 1100 0
1101 4058 1
4058 1101 0
1102 4058 1
4058 1102 0
1103 4058 1
4058 1103 0
1104 4058 1
4058 1104 0
1105 4058 1
4058 1105 0
1106 4058 1
4058 1106 0
1107 4058 1
4058 1107 0
1108 4058 1
4058 1108 0
1109 4058 1
4058 1109 0
1110 4058 1
4058 1110 0
1111 4058 1
4058 1111 0
1112 4058 1
4058 1112 0
1113 4058 1
4058 1113 0
1114 4058 1
4058 1114 0
1115 4058 1
4058 1115 0
1116 4058 1
4058 1116 0
1117 4058 1
4058 1117 0
1118 4058 1
4058 1118 0
1119 4058 1
4058 1119 0
1120 4058 1
4058 1120 0
1121 4058 1
4058 1121 0
1122 4058 1
4058 1122 0
1123 4058 1
4058 1123 0
1124 4058 1
4058 1124 0
1125 4058 1
4058 1125 0
1126 4058 1
4058 1126 0
1127 4058 1
4058 1127 0
1128 4058 1
4058 1128 0
1129 4058 1
4058 1129 0
1130 4058 1
4058 1130 0
1131 4058 1
4058 1131 0
1132 4058 1
4058 1132 0
1133 4058 1
4058 1133 0
1134 4058 1
4058 1134 0
1135 4058 1
4058 1135 0
1136 4058 1
4058 1136 0
1137 4058 1
4058 1137 0
1138 4058 1
4058 1138 0
1139 4058 1
4058 1139 0
1140 4058 1
4058 1140 0
1141 4058 1
4058 1141 0
1142 4058 1
4058 1142 0
1143 4058 1
4058 1143 0
1144 4058 1
4058 1144 0
1145 4058 1
4058 1145 0
1146 4058 1
4058 1146 0
1147 4058 1
4058 1147 0
1148 4058 1
4058 1148 0
1149 4058 1
4058 1149 0
1150 4058 1
4058 1150 0
1151 4058 1
4058 1151 0
1152 4058 1
4058 1152 0
1153 4058 1
4058 1153 0
1154 4058 1
4058 1154 0
1155 4058 1
4058 1155 0
1156 4058 1
4058 1156 0
1157 4058 1
4058 1157 0
1158 4058 1
4058 1158 0
1159 4058 1
4058 1159 0
1160 4058 1
4058 1160 0
1161 4058 1
4058 1161 0
1162 4058 1
4058 1162 0
1163 4058 1
4058 1163 0
1164 4058 1
4058 1164 0
1165 4058 1
4058 1165 0
1166 4058 1
4058 1166 0
1167 4058 1
4058 1167 0
1168 4058 1
4058 1168 0
1169 4058 1
4058 1169 0
1170 4058 1
4058 1170 0
1171 4058 1
4058 1171 0
1172 4058 1
4058 1172 0
1173 4058 1
4058 1173 0
1174 4058 1
4058 1174 0
1175 4058 1
4058 1175 0
1176 4058 1
4058 1176 0
1177 4058 1
4058 1177 0
1178 4058 1
4058 1178 0
1179 4058 1
4058 1179 0
1180 4058 1
4058 1180 0
1181 4058 1
4058 1181 0
1182 4058 1
4058 1182 0
1183 4058 1
4058 1183 0
1184 4058 1
4058 1184 0
1185 4058 1
4058 1185 0
1186 4058 1
4058 1186 0
1187 4058 1
4058 1187 0
1188 4058 1
4058 1188 0
1189 4058 1
4058 1189 0
1190 4058 1
4058 1190 0
1191 4058 1
4058 1191 0
1192 4058 1
4058 1192 0
1193 4058 1
4058 1193 0
1194 4058 1
4058 1194 0
1195 4058 1
4058 1195 0
1196 4058 1
4058 1196 0
1197 4058 1
4058 1197 0
1198 4058 1
4058 1198 0
1199 4058 1
4058 1199 0
1200 4058 1
4058 1200 0
1201 4058 1
4058 1201 0
1202 4058 1
4058 1202 0
1203 4058 1
4058 1203 0
1204 4058 1
4058 1204 0
1205 4058 1
4058 1205 0
1206 4058 1
4058 1206 0
1207 4058 1
4058 1207 0
1208 4058 1
4058 1208 0
1209 4058 1
4058 1209 0
1210 4058 1
4058 1210 0
1211 4058 1
4058 1211 0
1212 4058 1
4058 1212 0
1213 4058 1
4058 1213 0
1214 4058 1
4058 1214 0
1215 4058 1
4058 1215 0
1216 4058 1
4058 1216 0
1217 4058 1
4058 1217 0
1218 4058 1
4058 1218 0
1219 4058 1
4058 1219 0
1220 4058 1
4058 1220 0
1221 4058 1
4058 1221 0
1222 4058 1
4058 1222 0
1223 4058 1
4058 1223 0
1224 4058 1
4058 1224 0
1225 4058 1
4058 1225 0
1226 4058 1
4058 1226 0
1227 4058 1
4058 1227 0
1228 4058 1
4058 1228 0
1229 4058 1
4058 1229 0
1230 4058 1
4058 1230 0
1231 4058 1
4058 1231 0
1232 4058 1
4058 1232 0
1233 4058 1
4058 1233 0
1234 4058 1
4058 1234 0
1235 4058 1
4058 1235 0
1236 4058 1
4058 1236 0
1237 4058 1
4058 1237 0
1238 4058 1
4058 1238 0
1239 4058 1
4058 1239 0
1240 4058 1
4058 1240 0
1241 4058 1
4058 1241 0
1242 4058 1
4058 1242 0
1243 4058 1
4058 1243 0
1244 4058 1
4058 1244 0
1245 4058 1
4058 1245 0
1246 4058 1
4058 1246 0
1247 4058 1
4058 1247 0
1248 4058 1
4058 1248 0
1249 4058 1
4058 1249 0
1250 4058 1
4058 1250 0
1251 4058 1
4058 1251 0
1252 4058 1
4058 1252 0
1253 4058 1
4058 1253 0
1254 4058 1
4058 1254 0
1255 4058 1
4058 1255 0
1256 4058 1
4058 1256 0
1257 4058 1
4058 1257 0
1258 4058 1
4058 1258 0
1259 4058 1
4058 1259 0
1260 4058 1
4058 1260 0
1261 4058 1
4058 1261 0
1262 4058 1
4058 1262 0
1263 4058 1
4058 1263 0
1264 4058 1
4058 1264 0
1265 4058 1
4058 1265 0
1266 4058 1
4058 1266 0
1267 4058 1
4058 1267 0
1268 4058 1
4058 1268 0
1269 4058 1
4058 1269 0
1270 4058 1
4058 1270 0
1271 4058 1
4058 1271 0
1272 4058 1
4058 1272 0
1273 4058 1
4058 1273 0
1274 4058 1
4058 1274 0
1275 4058 1
4058 1275 0
1276 4058 1
4058 1276 0
1277 4058 1
4058 1277 0
1278 4058 1
4058 1278 0
1279 4058 1
4058 1279 0
1280 4058 1
4058 1280 0
1281 4058 1
4058 1281 0
1282 4058 1
4058 1282 0
1283 4058 1
4058 1283 0
1284 4058 1
4058 1284 0
1285 4058 1
4058 1285 0
1286 4058 1
4058 1286 0
1287 4058 1
4058 1287 0
1288 4058 1
4058 1288 0
1289 4058 1
4058 1289 0
1290 4058 1
4058 1290 0
1291 4058 1
4058 1291 0
1292 4058 1
4058 1292 0
1293 4058 1
4058 1293 0
1294 4058 1
4058 1294 0
1295 4058 1
4058 1295 0
1296 4058 1
4058 1296 0
1297 4058 1
4058 1297 0
1298 4058 1
4058 1298 0
1299 4058 1
4058 1299 0
1300 4058 1
4058 1300 0
1301 4058 1
4058 1301 0
1302 4058 1
4058 1302 0
1303 4058 1
4058 1303 0
1304 4058 1
4058 1304 0
1305 4058 1
4058 1305 0
1306 4058 1
4058 1306 0
1307 4058 1
4058 1307 0
1308 4058 1
4058 1308 0
1309 4058 1
4058 1309 0
1310 4058 1
4058 1310 0
1311 4058 1
4058 1311 0
1312 4058 1
4058 1312 0
1313 4058 1
4058 1313 0
1314 4058 1
4058 1314 0
1315 4058 1
4058 1315 0
1316 4058 1
4058 1316 0
1317 4058 1
4058 1317 0
1318 4058 1
4058 1318 0
1319 4058 1
4058 1319 0
1320 4058 1
4058 1320 0
1321 4058 1
4058 1321 0
1322 4058 1
4058 1322 0
1323 4058 1
4058 1323 0
1324 4058 1
4058 1324 0
1325 4058 1
4058 1325 0
1326 4058 1
4058 1326 0
1327 4058 1
4058 1327 0
1328 4058 1
4058 1328 0
1329 4058 1
4058 1329 0
1330 4058 1
4058 1330 0
1331 4058 1
4058 1331 0
1332 4058 1
4058 1332 0
1333 4058 1
4058 1333 0
1334 4058 1
4058 1334 0
1335 4058 1
4058 1335 0
1336 4058 1
4058 1336 0
1337 4058 1
4058 1337 0
1338 4058 1
4058 1338 0
1339 4058 1
4058 1339 0
1340 4058 1
4058 1340 0
1341 4058 1
4058 1341 0
1342 4058 1
4058 1342 0
1343 4058 1
4058 1343 0
1344 4058 1
4058 1344 0
1345 4058 1
4058 1345 0
1346 4058 1
4058 1346 0
1347 4058 1
4058 1347 0
1348 4058 1
4058 1348 0
1349 4058 1
4058 1349 0
1350 4058 1
4058 1350 0
1351 4058 1
4058 1351 0
1352 4058 1
4058 1352 0
1353 4058 1
4058 1353 0
1354 4058 1
4058 1354 0
1355 4058 1
4058 1355 0
1356 4058 1
4058 1356 0
1357 4058 1
4058 1357 0
1358 4058 1
4058 1358 0
1359 4058 1
4058 1359 0
1360 4058 1
4058 1360 0
1361 4058 1
4058 1361 0
1362 4058 1
4058 1362 0
1363 4058 1
4058 1363 0
1364 4058 1
4058 1364 0
1365 4058 1
4058 1365 0
1366 4058 1
4058 1366 0
1367 4058 1
4058 1367 0
1368 4058 1
4058 1368 0
1369 4058 1
4058 1369 0
1370 4058 1
4058 1370 0
1371 4058 1
4058 1371 0
1372 4058 1
4058 1372 0
1373 4058 1
4058 1373 0
1374 4058 1
4058 1374 0
1375 4058 1
4058 1375 0
1376 4058 1
4058 1376 0
1377 4058 1
4058 1377 0
1378 4058 1
4058 1378 0
1379 4058 1
4058 1379 0
1380 4058 1
4058 1380 0
1381 4058 1
4058 1381 0
1382 4058 1
4058 1382 0
1383 4058 1
4058 1383 0
1384 4058 1
4058 1384 0
1385 4058 1
4058 1385 0
1386 4058 1
4058 1386 0
1387 4058 1
4058 1387 0
1388 4058 1
4058 1388 0
1389 4058 1
4058 1389 0
1390 4058 1
4058 1390 0
1391 4058 1
4058 1391 0
1392 4058 1
4058 1392 0
1393 4058 1
4058 1393 0
1394 4058 1
4058 1394 0
1395 4058 1
4058 1395 0
1396 4058 1
4058 1396 0
1397 4058 1
4058 1397 0
1398 4058 1
4058 1398 0
1399 4058 1
4058 1399 0
1400 4058 1
4058 1400 0
1401 4058 1
4058 1401 0
1402 4058 1
4058 1402 0
1403 4058 1
4058 1403 0
1404 4058 1
4058 1404 0
1405 4058 1
4058 1405 0
1406 4058 1
4058 1406 0
1407 4058 1
4058 1407 0
1408 4058 1
4058 1408 0
1409 4058 1
4058 1409 0
1410 4058 1
4058 1410 0
1411 4058 1
4058 1411 0
1412 4058 1
4058 1412 0
1413 4058 1
4058 1413 0
1414 4058 1
4058 1414 0
1415 4058 1
4058 1415 0
1416 4058 1
4058 1416 0
1417 4058 1
4058 1417 0
1418 4058 1
4058 1418 0
1419 4058 1
4058 1419 0
1420 4058 1
4058 1420 0
1421 4058 1
4058 1421 0
1422 4058 1
4058 1422 0
1423 4058 1
4058 1423 0
1424 4058 1
4058 1424 0
1425 4058 1
4058 1425 0
1426 4058 1
4058 1426 0
1427 4058 1
4058 1427 0
1428 4058 1
4058 1428 0
1429 4058 1
4058 1429 0
1430 4058 1
4058 1430 0
1431 4058 1
4058 1431 0
1432 4058 1
4058 1432 0
1433 4058 1
4058 1433 0
1434 4058 1
4058 1434 0
1435 4058 1
4058 1435 0
1436 4058 1
4058 1436 0
1437 4058 1
4058 1437 0
1438 4058 1
4058 1438 0
1439 4058 1
4058 1439 0
1440 4058 1
4058 1440 0
1441 4058 1
4058 1441 0
1442 4058 1
4058 1442 0
1443 4058 1
4058 1443 0
1444 4058 1
4058 1444 0
1445 4058 1
4058 1445 0
1446 4058 1
4058 1446 0
1447 4058 1
4058 1447 0
1448 4058 1
4058 1448 0
1449 4058 1
4058 1449 0
1450 4058 1
4058 1450 0
1451 4058 1
4058 1451 0
1452 4058 1
4058 1452 0
1453 4058 1
4058 1453 0
1454 4058 1
4058 1454 0
1455 4058 1
4058 1455 0
1456 4058 1
4058 1456 0
1457 4058 1
4058 1457 0
1458 4058 1
4058 1458 0
1459 4058 1
4058 1459 0
1460 4058 1
4058 1460 0
1461 4058 1
4058 1461 0
1462 4058 1
4058 1462 0
1463 4058 1
4058 1463 0
1464 4058 1
4058 1464 0
1465 4058 1
4058 1465 0
1466 4058 1
4058 1466 0
1467 4058 1
4058 1467 0
1468 4058 1
4058 1468 0
1469 4058 1
4058 1469 0
1470 4058 1
4058 1470 0
1471 4058 1
4058 1471 0
1472 4058 1
4058 1472 0
1473 4058 1
4058 1473 0
1474 4058 1
4058 1474 0
1475 4058 1
4058 1475 0
1476 4058 1
4058 1476 0
1477 4058 1
4058 1477 0
1478 4058 1
4058 1478 0
1479 4058 1
4058 1479 0
1480 4058 1
4058 1480 0
1481 4058 1
4058 1481 0
1482 4058 1
4058 1482 0
1483 4058 1
4058 1483 0
1484 4058 1
4058 1484 0
1485 4058 1
4058 1485 0
1486 4058 1
4058 1486 0
1487 4058 1
4058 1487 0
1488 4058 1
4058 1488 0
1489 4058 1
4058 1489 0
1490 4058 1
4058 1490 0
1491 4058 1
4058 1491 0
1492 4058 1
4058 1492 0
1493 4058 1
4058 1493 0
1494 4058 1
4058 1494 0
1495 4058 1
4058 1495 0
1496 4058 1
4058 1496 0
1497 4058 1
4058 1497 0
1498 4058 1
4058 1498 0
1499 4058 1
4058 1499 0
1500 4058 1
4058 1500 0
1501 4058 1
4058 1501 0
1502 4058 1
4058 1502 0
1503 4058 1
4058 1503 0
1504 4058 1
4058 1504 0
1505 4058 1
4058 1505 0
1506 4058 1
4058 1506 0
1507 4058 1
4058 1507 0
1508 4058 1
4058 1508 0
1509 4058 1
4058 1509 0
1510 4058 1
4058 1510 0
1511 4058 1
4058 1511 0
1512 4058 1
4058 1512 0
1513 4058 1
4058 1513 0
1514 4058 1
4058 1514 0
1515 4058 1
4058 1515 0
1516 4058 1
4058 1516 0
1517 4058 1
4058 1517 0
1518 4058 1
4058 1518 0
1519 4058 1
4058 1519 0
1520 4058 1
4058 1520 0
1521 4058 1
4058 1521 0
1522 4058 1
4058 1522 0
1523 4058 1
4058 1523 0
1524 4058 1
4058 1524 0
1525 4058 1
4058 1525 0
1526 4058 1
4058 1526 0
1527 4058 1
4058 1527 0
1528 4058 1
4058 1528 0
1529 4058 1
4058 1529 0
1530 4058 1
4058 1530 0
1531 4058 1
4058 1531 0
1532 4058 1
4058 1532 0
1533 4058 1
4058 1533 0
1534 4058 1
4058 1534 0
1535 4058 1
4058 1535 0
1536 4058 1
4058 1536 0
1537 4058 1
4058 1537 0
1538 4058 1
4058 1538 0
1539 4058 1
4058 1539 0
1540 4058 1
4058 1540 0
1541 4058 1
4058 1541 0
1542 4058 1
4058 1542 0
1543 4058 1
4058 1543 0
1544 4058 1
4058 1544 0
1545 4058 1
4058 1545 0
1546 4058 1
4058 1546 0
1547 4058 1
4058 1547 0
1548 4058 1
4058 1548 0
1549 4058 1
4058 1549 0
1550 4058 1
4058 1550 0
1551 4058 1
4058 1551 0
1552 4058 1
4058 1552 0
1553 4058 1
4058 1553 0
1554 4058 1
4058 1554 0
1555 4058 1
4058 1555 0
1556 4058 1
4058 1556 0
1557 4058 1
4058 1557 0
1558 4058 1
4058 1558 0
1559 4058 1
4058 1559 0
1560 4058 1
4058 1560 0
1561 4058 1
4058 1561 0
1562 4058 1
4058 1562 0
1563 4058 1
4058 1563 0
1564 4058 1
4058 1564 0
1565 4058 1
4058 1565 0
1566 4058 1
4058 1566 0
1567 4058 1
4058 1567 0
1568 4058 1
4058 1568 0
1569 4058 1
4058 1569 0
1570 4058 1
4058 1570 0
1571 4058 1
4058 1571 0
1572 4058 1
4058 1572 0
1573 4058 1
4058 1573 0
1574 4058 1
4058 1574 0
1575 4058 1
4058 1575 0
1576 4058 1
4058 1576 0
1577 4058 1
4058 1577 0
1578 4058 1
4058 1578 0
1579 4058 1
4058 1579 0
1580 4058 1
4058 1580 0
1581 4058 1
4058 1581 0
1582 4058 1
4058 1582 0
1583 4058 1
4058 1583 0
1584 4058 1
4058 1584 0
1585 4058 1
4058 1585 0
1586 4058 1
4058 1586 0
1587 4058 1
4058 1587 0
1588 4058 1
4058 1588 0
1589 4058 1
4058 1589 0
1590 4058 1
4058 1590 0
1591 4058 1
4058 1591 0
1592 4058 1
4058 1592 0
1593 4058 1
4058 1593 0
1594 4058 1
4058 1594 0
1595 4058 1
4058 1595 0
1596 4058 1
4058 1596 0
1597 4058 1
4058 1597 0
1598 4058 1
4058 1598 0
1599 4058 1
4058 1599 0
1600 4058 1
4058 1600 0
1601 4058 1
4058 1601 0
1602 4058 1
4058 1602 0
1603 4058 1
4058 1603 0
1604 4058 1
4058 1604 0
1605 4058 1
4058 1605 0
1606 4058 1
4058 1606 0
1607 4058 1
4058 1607 0
1608 4058 1
4058 1608 0
1609 4058 1
4058 1609 0
1610 4058 1
4058 1610 0
1611 4058 1
4058 1611 0
1612 4058 1
4058 1612 0
1613 4058 1
4058 1613 0
1614 4058 1
4058 1614 0
1615 4058 1
4058 1615 0
1616 4058 1
4058 1616 0
1617 4058 1
4058 1617 0
1618 4058 1
4058 1618 0
1619 4058 1
4058 1619 0
1620 4058 1
4058 1620 0
1621 4058 1
4058 1621 0
1622 4058 1
4058 1622 0
1623 4058 1
4058 1623 0
1624 4058 1
4058 1624 0
1625 4058 1
4058 1625 0
1626 4058 1
4058 1626 0
1627 4058 1
4058 1627 0
1628 4058 1
4058 1628 0
1629 4058 1
4058 1629 0
1630 4058 1
4058 1630 0
1631 4058 1
4058 1631 0
1632 4058 1
4058 1632 0
1633 4058 1
4058 1633 0
1634 4058 1
4058 1634 0
1635 4058 1
4058 1635 0
1636 4058 1
4058 1636 0
1637 4058 1
4058 1637 0
1638 4058 1
4058 1638 0
1639 4058 1
4058 1639 0
1640 4058 1
4058 1640 0
1641 4058 1
4058 1641 0
1642 4058 1
4058 1642 0
1643 4058 1
4058 1643 0
1644 4058 1
4058 1644 0
1645 4058 1
4058 1645 0
1646 4058 1
4058 1646 0
1647 4058 1
4058 1647 0
1648 4058 1
4058 1648 0
1649 4058 1
4058 1649 0
1650 4058 1
4058 1650 0
1651 4058 1
4058 1651 0
1652 4058 1
4058 1652 0
1653 4058 1
4058 1653 0
1654 4058 1
4058 1654 0
1655 4058 1
4058 1655 0
1656 4058 1
4058 1656 0
1657 4058 1
4058 1657 0
1658 4058 1
4058 1658 0
1659 4058 1
4058 1659 0
1660 4058 1
4058 1660 0
1661 4058 1
4058 1661 0
1662 4058 1
4058 1662 0
1663 4058 1
4058 1663 0
1664 4058 1
4058 1664 0
1665 4058 1
4058 1665 0
1666 4058 1
4058 1666 0
1667 4058 1
4058 1667 0
1668 4058 1
4058 1668 0
1669 4058 1
4058 1669 0
1670 4058 1
4058 1670 0
1671 4058 1
4058 1671 0
1672 4058 1
4058 1672 0
1673 4058 1
4058 1673 0
1674 4058 1
4058 1674 0
1675 4058 1
4058 1675 0
1676 4058 1
4058 1676 0
1677 4058 1
4058 1677 0
1678 4058 1
4058 1678 0
1679 4058 1
4058 1679 0
1680 4058 1
4058 1680 0
1681 4058 1
4058 1681 0
1682 4058 1
4058 1682 0
1683 4058 1
4058 1683 0
1684 4058 1
4058 1684 0
1685 4058 1
4058 1685 0
1686 4058 1
4058 1686 0
1687 4058 1
4058 1687 0
1688 4058 1
4058 1688 0
1689 4058 1
4058 1689 0
1690 4058 1
4058 1690 0
1691 4058 1
4058 1691 0
1692 4058 1
4058 1692 0
1693 4058 1
4058 1693 0
1694 4058 1
4058 1694 0
1695 4058 1
4058 1695 0
1696 4058 1
4058 1696 0
1697 4058 1
4058 1697 0
1698 4058 1
4058 1698 0
1699 4058 1
4058 1699 0
1700 4058 1
4058 1700 0
1701 4058 1
4058 1701 0
1702 4058 1
4058 1702 0
1703 4058 1
4058 1703 0
1704 4058 1
4058 1704 0
1705 4058 1
4058 1705 0
1706 4058 1
4058 1706 0
1707 4058 1
4058 1707 0
1708 4058 1
4058 1708 0
1709 4058 1
4058 1709 0
1710 4058 1
4058 1710 0
1711 4058 1
4058 1711 0
1712 4058 1
4058 1712 0
1713 4058 1
4058 1713 0
1714 4058 1
4058 1714 0
1715 4058 1
4058 1715 0
1716 4058 1
4058 1716 0
1717 4058 1
4058 1717 0
1718 4058 1
4058 1718 0
1719 4058 1
4058 1719 0
1720 4058 1
4058 1720 0
1721 4058 1
4058 1721 0
1722 4058 1
4058 1722 0
1723 4058 1
4058 1723 0
1724 4058 1
4058 1724 0
1725 4058 1
4058 1725 0
1726 4058 1
4058 1726 0
1727 4058 1
4058 1727 0
1728 4058 1
4058 1728 0
1729 4058 1
4058 1729 0
1730 4058 1
4058 1730 0
1731 4058 1
4058 1731 0
1732 4058 1
4058 1732 0
1733 4058 1
4058 1733 0
1734 4058 1
4058 1734 0
1735 4058 1
4058 1735 0
1736 4058 1
4058 1736 0
1737 4058 1
4058 1737 0
1738 4058 1
4058 1738 0
1739 4058 1
4058 1739 0
1740 4058 1
4058 1740 0
1741 4058 1
4058 1741 0
1742 4058 1
4058 1742 0
1743 4058 1
4058 1743 0
1744 4058 1
4058 1744 0
1745 4058 1
4058 1745 0
1746 4058 1
4058 1746 0
1747 4058 1
4058 1747 0
1748 4058 1
4058 1748 0
1749 4058 1
4058 1749 0
1750 4058 1
4058 1750 0
1751 4058 1
4058 1751 0
1752 4058 1
4058 1752 0
1753 4058 1
4058 1753 0
1754 4058 1
4058 1754 0
1755 4058 1
4058 1755 0
1756 4058 1
4058 1756 0
1757 4058 1
4058 1757 0
1758 4058 1
4058 1758 0
1759 4058 1
4058 1759 0
1760 4058 1
4058 1760 0
1761 4058 1
4058 1761 0
1762 4058 1
4058 1762 0
1763 4058 1
4058 1763 0
1764 4058 1
4058 1764 0
1765 4058 1
4058 1765 0
1766 4058 1
4058 1766 0
1767 4058 1
4058 1767 0
1768 4058 1
4058 1768 0
1769 4058 1
4058 1769 0
1770 4058 1
4058 1770 0
1771 4058 1
4058 1771 0
1772 4058 1
4058 1772 0
1773 4058 1
4058 1773 0
1774 4058 1
4058 1774 0
1775 4058 1
4058 1775 0
1776 4058 1
4058 1776 0
1777 4058 1
4058 1777 0
1778 4058 1
4058 1778 0
1779 4058 1
4058 1779 0
1780 4058 1
4058 1780 0
1781 4058 1
4058 1781 0
1782 4058 1
4058 1782 0
1783 4058 1
4058 1783 0
1784 4058 1
4058 1784 0
1785 4058 1
4058 1785 0
1786 4058 1
4058 1786 0
1787 4058 1
4058 1787 0
1788 4058 1
4058 1788 0
1789 4058 1
4058 1789 0
1790 4058 1
4058 1790 0
1791 4058 1
4058 1791 0
1792 4058 1
4058 1792 0
1793 4058 1
4058 1793 0
1794 4058 1
4058 1794 0
1795 4058 1
4058 1795 0
1796 4058 1
4058 1796 0
1797 4058 1
4058 1797 0
1798 4058 1
4058 1798 0
1799 4058 1
4058 1799 0
1800 4058 1
4058 1800 0
1801 4058 1
4058 1801 0
1802 4058 1
4058 1802 0
1803 4058 1
4058 1803 0
1804 4058 1
4058 1804 0
1805 4058 1
4058 1805 0
1806 4058 1
4058 1806 0
1807 4058 1
4058 1807 0
1808 4058 1
4058 1808 0
1809 4058 1
4058 1809 0
1810 4058 1
4058 1810 0
1811 4058 1
4058 1811 0
1812 4058 1
4058 1812 0
1813 4058 1
4058 1813 0
1814 4058 1
4058 1814 0
1815 4058 1
4058 1815 0
1816 4058 1
4058 1816 0
1817 4058 1
4058 1817 0
1818 4058 1
4058 1818 0
1819 4058 1
4058 1819 0
1820 4058 1
4058 1820 0
1821 4058 1
4058 1821 0
1822 4058 1
4058 1822 0
1823 4058 1
4058 1823 0
1824 4058 1
4058 1824 0
1825 4058 1
4058 1825 0
1826 4058 1
4058 1826 0
1827 4058 1
4058 1827 0
1828 4058 1
4058 1828 0
1829 4058 1
4058 1829 0
1830 4058 1
4058 1830 0
1831 4058 1
4058 1831 0
1832 4058 1
4058 1832 0
1833 4058 1
4058 1833 0
1834 4058 1
4058 1834 0
1835 4058 1
4058 1835 0
1836 4058 1
4058 1836 0
1837 4058 1
4058 1837 0
1838 4058 1
4058 1838 0
1839 4058 1
4058 1839 0
1840 4058 1
4058 1840 0
1841 4058 1
4058 1841 0
1842 4058 1
4058 1842 0
1843 4058 1
4058 1843 0
1844 4058 1
4058 1844 0
1845 4058 1
4058 1845 0
1846 4058 1
4058 1846 0
1847 4058 1
4058 1847 0
1848 4058 1
4058 1848 0
1849 4058 1
4058 1849 0
1850 4058 1
4058 1850 0
1851 4058 1
4058 1851 0
1852 4058 1
4058 1852 0
1853 4058 1
4058 1853 0
1854 4058 1
4058 1854 0
1855 4058 1
4058 1855 0
1856 4058 1
4058 1856 0
1857 4058 1
4058 1857 0
1858 4058 1
4058 1858 0
1859 4058 1
4058 1859 0
1860 4058 1
4058 1860 0
1861 4058 1
4058 1861 0
1862 4058 1
4058 1862 0
1863 4058 1
4058 1863 0
1864 4058 1
4058 1864 0
1865 4058 1
4058 1865 0
1866 4058 1
4058 1866 0
1867 4058 1
4058 1867 0
1868 4058 1
4058 1868 0
1869 4058 1
4058 1869 0
1870 4058 1
4058 1870 0
1871 4058 1
4058 1871 0
1872 4058 1
4058 1872 0
1873 4058 1
4058 1873 0
1874 4058 1
4058 1874 0
1875 4058 1
4058 1875 0
1876 4058 1
4058 1876 0
1877 4058 1
4058 1877 0
1878 4058 1
4058 1878 0
1879 4058 1
4058 1879 0
1880 4058 1
4058 1880 0
1881 4058 1
4058 1881 0
1882 4058 1
4058 1882 0
1883 4058 1
4058 1883 0
1884 4058 1
4058 1884 0
1885 4058 1
4058 1885 0
1886 4058 1
4058 1886 0
1887 4058 1
4058 1887 0
1888 4058 1
4058 1888 0
1889 4058 1
4058 1889 0
1890 4058 1
4058 1890 0
1891 4058 1
4058 1891 0
1892 4058 1
4058 1892 0
1893 4058 1
4058 1893 0
1894 4058 1
4058 1894 0
1895 4058 1
4058 1895 0
1896 4058 1
4058 1896 0
1897 4058 1
4058 1897 0
1898 4058 1
4058 1898 0
1899 4058 1
4058 1899 0
1900 4058 1
4058 1900 0
1901 4058 1
4058 1901 0
1902 4058 1
4058 1902 0
1903 4058 1
4058 1903 0
1904 4058 1
4058 1904 0
1905 4058 1
4058 1905 0
1906 4058 1
4058 1906 0
1907 4058 1
4058 1907 0
1908 4058 1
4058 1908 0
1909 4058 1
4058 1909 0
1910 4058 1
4058 1910 0
1911 4058 1
4058 1911 0
1912 4058 1
4058 1912 0
1913 4058 1
4058 1913 0
1914 4058 1
4058 1914 0
1915 4058 1
4058 1915 0
1916 4058 1
4058 1916 0
1917 4058 1
4058 1917 0
1918 4058 1
4058 1918 0
1919 4058 1
4058 1919 0
1920 4058 1
4058 1920 0
1921 4058 1
4058 1921 0
1922 4058 1
4058 1922 0
1923 4058 1
4058 1923 0
1924 4058 1
4058 1924 0
1925 4058 1
4058 1925 0
1926 4058 1
4058 1926 0
1927 4058 1
4058 1927 0
1928 4058 1
4058 1928 0
1929 4058 1
4058 1929 0
1930 4058 1
4058 1930 0
1931 4058 1
4058 1931 0
1932 4058 1
4058 1932 0
1933 4058 1
4058 1933 0
1934 4058 1
4058 1934 0
1935 4058 1
4058 1935 0
1936 4058 1
4058 1936 0
1937 4058 1
4058 1937 0
1938 4058 1
4058 1938 0
1939 4058 1
4058 1939 0
1940 4058 1
4058 1940 0
1941 4058 1
4058 1941 0
1942 4058 1
4058 1942 0
1943 4058 1
4058 1943 0
1944 4058 1
4058 1944 0
1945 4058 1
4058 1945 0
1946 4058 1
4058 1946 0
1947 4058 1
4058 1947 0
1948 4058 1
4058 1948 0
1949 4058 1
4058 1949 0
1950 4058 1
4058 1950 0
1951 4058 1
4058 1951 0
1952 4058 1
4058 1952 0
1953 4058 1
4058 1953 0
1954 4058 1
4058 1954 0
1955 4058 1
4058 1955 0
1956 4058 1
4058 1956 0
1957 4058 1
4058 1957 0
1958 4058 1
4058 1958 0
1959 4058 1
4058 1959 0
1960 4058 1
4058 1960 0
1961 4058 1
4058 1961 0
1962 4058 1
4058 1962 0
1963 4058 1
4058 1963 0
1964 4058 1
4058 1964 0
1965 4058 1
4058 1965 0
1966 4058 1
4058 1966 0
1967 4058 1
4058 1967 0
1968 4058 1
4058 1968 0
1969 4058 1
4058 1969 0
1970 4058 1
4058 1970 0
1971 4058 1
4058 1971 0
1972 4058 1
4058 1972 0
1973 4058 1
4058 1973 0
1974 4058 1
4058 1974 0
1975 4058 1
4058 1975 0
1976 4058 1
4058 1976 0
1977 4058 1
4058 1977 0
1978 4058 1
4058 1978 0
1979 4058 1
4058 1979 0
1980 4058 1
4058 1980 0
1981 4058 1
4058 1981 0
1982 4058 1
4058 1982 0
1983 4058 1
4058 1983 0
1984 4058 1
4058 1984 0
1985 4058 1
4058 1985 0
1986 4058 1
4058 1986 0
1987 4058 1
4058 1987 0
1988 4058 1
4058 1988 0
1989 4058 1
4058 1989 0
1990 4058 1
4058 1990 0
1991 4058 1
4058 1991 0
1992 4058 1
4058 1992 0
1993 4058 1
4058 1993 0
1994 4058 1
4058 1994 0
1995 4058 1
4058 1995 0
1996 4058 1
4058 1996 0
1997 4058 1
4058 1997 0
1998 4058 1
4058 1998 0
1999 4058 1
4058 1999 0
2000 4058 1
4058 2000 0
2001 4058 1
4058 2001 0
2002 4058 1
4058 2002 0
2003 4058 1
4058 2003 0
2004 4058 1
4058 2004 0
2005 4058 1
4058 2005 0
2006 4058 1
4058 2006 0
2007 4058 1
4058 2007 0
2008 4058 1
4058 2008 0
2009 4058 1
4058 2009 0
2010 4058 1
4058 2010 0
2011 4058 1
4058 2011 0
2012 4058 1
4058 2012 0
2013 4058 1
4058 2013 0
2014 4058 1
4058 2014 0
2015 4058 1
4058 2015 0
2016 4058 1
4058 2016 0
2017 4058 1
4058 2017 0
2018 4058 1
4058 2018 0
2019 4058 1
4058 2019 0
2020 4058 1
4058 2020 0
2021 4058 1
4058 2021 0
2022 4058 1
4058 2022 0
2023 4058 1
4058 2023 0
2024 4058 1
4058 2024 0
2025 4058 1
4058 2025 0
2026 4058 1
4058 2026 0
2027 4058 1
4058 2027 0
2028 4058 1
4058 2028 0
2029 4058 1
4058 2029 0
2030 4058 1
4058 2030 0
2031 4058 1
4058 2031 0
2032 4058 1
4058 2032 0
2033 4058 1
4058 2033 0
2034 4058 1
4058 2034 0
2035 4058 1
4058 2035 0
2036 4058 1
4058 2036 0
2037 4058 1
4058 2037 0
2038 4058 1
4058 2038 0
2039 4058 1
4058 2039 0
2040 4058 1
4058 2040 0
2041 4058 1
4058 2041 0
2042 4058 1
4058 2042 0
2043 4058 1
4058 2043 0
2044 4058 1
4058 2044 0
2045 4058 1
4058 2045 0
2046 4058 1
4058 2046 0
2047 4058 1
4058 2047 0
2048 4058 1
4058 2048 0
2049 4058 1
4058 2049 0
2050 4058 1
4058 2050 0
2051 4058 1
4058 2051 0
2052 4058 1
4058 2052 0
2053 4058 1
4058 2053 0
2054 4058 1
4058 2054 0
2055 4058 1
4058 2055 0
2056 4058 1
4058 2056 0
2057 4058 1
4058 2057 0
2058 4058 1
4058 2058 0
2059 4058 1
4058 2059 0
2060 4058 1
4058 2060 0
2061 4058 1
4058 2061 0
2062 4058 1
4058 2062 0
2063 4058 1
4058 2063 0
2064 4058 1
4058 2064 0
2065 4058 1
4058 2065 0
2066 4058 1
4058 2066 0
2067 4058 1
4058 2067 0
2068 4058 1
4058 2068 0
2069 4058 1
4058 2069 0
2070 4058 1
4058 2070 0
2071 4058 1
4058 2071 0
2072 4058 1
4058 2072 0
2073 4058 1
4058 2073 0
2074 4058 1
4058 2074 0
2075 4058 1
4058 2075 0
2076 4058 1
4058 2076 0
2077 4058 1
4058 2077 0
2078 4058 1
4058 2078 0
2079 4058 1
4058 2079 0
2080 4058 1
4058 2080 0
2081 4058 1
4058 2081 0
2082 4058 1
4058 2082 0
2083 4058 1
4058 2083 0
2084 4058 1
4058 2084 0
2085 4058 1
4058 2085 0
2086 4058 1
4058 2086 0
2087 4058 1
4058 2087 0
2088 4058 1
4058 2088 0
2089 4058 1
4058 2089 0
2090 4058 1
4058 2090 0
2091 4058 1
4058 2091 0
2092 4058 1
4058 2092 0
2093 4058 1
4058 2093 0
2094 4058 1
4058 2094 0
2095 4058 1
4058 2095 0
2096 4058 1
4058 2096 0
2097 4058 1
4058 2097 0
2098 4058 1
4058 2098 0
2099 4058 1
4058 2099 0
2100 4058 1
4058 2100 0
2101 4058 1
4058 2101 0
2102 4058 1
4058 2102 0
2103 4058 1
4058 2103 0
2104 4058 1
4058 2104 0
2105 4058 1
4058 2105 0
2106 4058 1
4058 2106 0
2107 4058 1
4058 2107 0
2108 4058 1
4058 2108 0
2109 4058 1
4058 2109 0
2110 4058 1
4058 2110 0
2111 4058 1
4058 2111 0
2112 4058 1
4058 2112 0
2113 4058 1
4058 2113 0
2114 4058 1
4058 2114 0
2115 4058 1
4058 2115 0
2116 4058 1
4058 2116 0
2117 4058 1
4058 2117 0
2118 4058 1
4058 2118 0
2119 4058 1
4058 2119 0
2120 4058 1
4058 2120 0
2121 4058 1
4058 2121 0
2122 4058 1
4058 2122 0
2123 4058 1
4058 2123 0
2124 4058 1
4058 2124 0
2125 4058 1
4058 2125 0
2126 4058 1
4058 2126 0
2127 4058 1
4058 2127 0
2128 4058 1
4058 2128 0
2129 4058 1
4058 2129 0
2130 4058 1
4058 2130 0
2131 4058 1
4058 2131 0
2132 4058 1
4058 2132 0
2133 4058 1
4058 2133 0
2134 4058 1
4058 2134 0
2135 4058 1
4058 2135 0
2136 4058 1
4058 2136 0
2137 4058 1
4058 2137 0
2138 4058 1
4058 2138 0
2139 4058 1
4058 2139 0
2140 4058 1
4058 2140 0
2141 4058 1
4058 2141 0
2142 4058 1
4058 2142 0
2143 4058 1
4058 2143 0
2144 4058 1
4058 2144 0
2145 4058 1
4058 2145 0
2146 4058 1
4058 2146 0
2147 4058 1
4058 2147 0
2148 4058 1
4058 2148 0
2149 4058 1
4058 2149 0
2150 4058 1
4058 2150 0
2151 4058 1
4058 2151 0
2152 4058 1
4058 2152 0
2153 4058 1
4058 2153 0
2154 4058 1
4058 2154 0
2155 4058 1
4058 2155 0
2156 4058 1
4058 2156 0
2157 4058 1
4058 2157 0
2158 4058 1
4058 2158 0
2159 4058 1
4058 2159 0
2160 4058 1
4058 2160 0
2161 4058 1
4058 2161 0
2162 4058 1
4058 2162 0
2163 4058 1
4058 2163 0
2164 4058 1
4058 2164 0
2165 4058 1
4058 2165 0
2166 4058 1
4058 2166 0
2167 4058 1
4058 2167 0
2168 4058 1
4058 2168 0
2169 4058 1
4058 2169 0
2170 4058 1
4058 2170 0
2171 4058 1
4058 2171 0
2172 4058 1
4058 2172 0
2173 4058 1
4058 2173 0
2174 4058 1
4058 2174 0
2175 4058 1
4058 2175 0
2176 4058 1
4058 2176 0
2177 4058 1
4058 2177 0
2178 4058 1
4058 2178 0
2179 4058 1
4058 2179 0
2180 4058 1
4058 2180 0
2181 4058 1
4058 2181 0
2182 4058 1
4058 2182 0
2183 4058 1
4058 2183 0
2184 4058 1
4058 2184 0
2185 4058 1
4058 2185 0
2186 4058 1
4058 2186 0
2187 4058 1
4058 2187 0
2188 4058 1
4058 2188 0
2189 4058 1
4058 2189 0
2190 4058 1
4058 2190 0
2191 4058 1
4058 2191 0
2192 4058 1
4058 2192 0
2193 4058 1
4058 2193 0
2194 4058 1
4058 2194 0
2195 4058 1
4058 2195 0
2196 4058 1
4058 2196 0
2197 4058 1
4058 2197 0
2198 4058 1
4058 2198 0
2199 4058 1
4058 2199 0
2200 4058 1
4058 2200 0
2201 4058 1
4058 2201 0
2202 4058 1
4058 2202 0
2203 4058 1
4058 2203 0
2204 4058 1
4058 2204 0
2205 4058 1
4058 2205 0
2206 4058 1
4058 2206 0
2207 4058 1
4058 2207 0
2208 4058 1
4058 2208 0
2209 4058 1
4058 2209 0
2210 4058 1
4058 2210 0
2211 4058 1
4058 2211 0
2212 4058 1
4058 2212 0
2213 4058 1
4058 2213 0
2214 4058 1
4058 2214 0
2215 4058 1
4058 2215 0
2216 4058 1
4058 2216 0
2217 4058 1
4058 2217 0
2218 4058 1
4058 2218 0
2219 4058 1
4058 2219 0
2220 4058 1
4058 2220 0
2221 4058 1
4058 2221 0
2222 4058 1
4058 2222 0
2223 4058 1
4058 2223 0
2224 4058 1
4058 2224 0
2225 4058 1
4058 2225 0
2226 4058 1
4058 2226 0
2227 4058 1
4058 2227 0
2228 4058 1
4058 2228 0
2229 4058 1
4058 2229 0
2230 4058 1
4058 2230 0
2231 4058 1
4058 2231 0
2232 4058 1
4058 2232 0
2233 4058 1
4058 2233 0
2234 4058 1
4058 2234 0
2235 4058 1
4058 2235 0
2236 4058 1
4058 2236 0
2237 4058 1
4058 2237 0
2238 4058 1
4058 2238 0
2239 4058 1
4058 2239 0
2240 4058 1
4058 2240 0
2241 4058 1
4058 2241 0
2242 4058 1
4058 2242 0
2243 4058 1
4058 2243 0
2244 4058 1
4058 2244 0
2245 4058 1
4058 2245 0
2246 4058 1
4058 2246 0
2247 4058 1
4058 2247 0
2248 4058 1
4058 2248 0
2249 4058 1
4058 2249 0
2250 4058 1
4058 2250 0
2251 4058 1
4058 2251 0
2252 4058 1
4058 2252 0
2253 4058 1
4058 2253 0
2254 4058 1
4058 2254 0
2255 4058 1
4058 2255 0
2256 4058 1
4058 2256 0
2257 4058 1
4058 2257 0
2258 4058 1
4058 2258 0
2259 4058 1
4058 2259 0
2260 4058 1
4058 2260 0
2261 4058 1
4058 2261 0
2262 4058 1
4058 2262 0
2263 4058 1
4058 2263 0
2264 4058 1
4058 2264 0
2265 4058 1
4058 2265 0
2266 4058 1
4058 2266 0
2267 4058 1
4058 2267 0
2268 4058 1
4058 2268 0
2269 4058 1
4058 2269 0
2270 4058 1
4058 2270 0
2271 4058 1
4058 2271 0
2272 4058 1
4058 2272 0
2273 4058 1
4058 2273 0
2274 4058 1
4058 2274 0
2275 4058 1
4058 2275 0
2276 4058 1
4058 2276 0
2277 4058 1
4058 2277 0
2278 4058 1
4058 2278 0
2279 4058 1
4058 2279 0
2280 4058 1
4058 2280 0
2281 4058 1
4058 2281 0
2282 4058 1
4058 2282 0
2283 4058 1
4058 2283 0
2284 4058 1
4058 2284 0
2285 4058 1
4058 2285 0
2286 4058 1
4058 2286 0
2287 4058 1
4058 2287 0
2288 4058 1
4058 2288 0
2289 4058 1
4058 2289 0
2290 4058 1
4058 2290 0
2291 4058 1
4058 2291 0
2292 4058 1
4058 2292 0
2293 4058 1
4058 2293 0
2294 4058 1
4058 2294 0
2295 4058 1
4058 2295 0
2296 4058 1
4058 2296 0
2297 4058 1
4058 2297 0
2298 4058 1
4058 2298 0
2299 4058 1
4058 2299 0
2300 4058 1
4058 2300 0
2301 4058 1
4058 2301 0
2302 4058 1
4058 2302 0
2303 4058 1
4058 2303 0
2304 4058 1
4058 2304 0
2305 4058 1
4058 2305 0
2306 4058 1
4058 2306 0
2307 4058 1
4058 2307 0
2308 4058 1
4058 2308 0
2309 4058 1
4058 2309 0
2310 4058 1
4058 2310 0
2311 4058 1
4058 2311 0
2312 4058 1
4058 2312 0
2313 4058 1
4058 2313 0
2314 4058 1
4058 2314 0
2315 4058 1
4058 2315 0
2316 4058 1
4058 2316 0
2317 4058 1
4058 2317 0
2318 4058 1
4058 2318 0
2319 4058 1
4058 2319 0
2320 4058 1
4058 2320 0
2321 4058 1
4058 2321 0
2322 4058 1
4058 2322 0
2323 4058 1
4058 2323 0
2324 4058 1
4058 2324 0
2325 4058 1
4058 2325 0
2326 4058 1
4058 2326 0
2327 4058 1
4058 2327 0
2328 4058 1
4058 2328 0
2329 4058 1
4058 2329 0
2330 4058 1
4058 2330 0
2331 4058 1
4058 2331 0
2332 4058 1
4058 2332 0
2333 4058 1
4058 2333 0
2334 4058 1
4058 2334 0
2335 4058 1
4058 2335 0
2336 4058 1
4058 2336 0
2337 4058 1
4058 2337 0
2338 4058 1
4058 2338 0
2339 4058 1
4058 2339 0
2340 4058 1
4058 2340 0
2341 4058 1
4058 2341 0
2342 4058 1
4058 2342 0
2343 4058 1
4058 2343 0
2344 4058 1
4058 2344 0
2345 4058 1
4058 2345 0
2346 4058 1
4058 2346 0
2347 4058 1
4058 2347 0
2348 4058 1
4058 2348 0
2349 4058 1
4058 2349 0
2350 4058 1
4058 2350 0
2351 4058 1
4058 2351 0
2352 4058 1
4058 2352 0
2353 4058 1
4058 2353 0
2354 4058 1
4058 2354 0
2355 4058 1
4058 2355 0
2356 4058 1
4058 2356 0
2357 4058 1
4058 2357 0
2358 4058 1
4058 2358 0
2359 4058 1
4058 2359 0
2360 4058 1
4058 2360 0
2361 4058 1
4058 2361 0
2362 4058 1
4058 2362 0
2363 4058 1
4058 2363 0
2364 4058 1
4058 2364 0
2365 4058 1
4058 2365 0
2366 4058 1
4058 2366 0
2367 4058 1
4058 2367 0
2368 4058 1
4058 2368 0
2369 4058 1
4058 2369 0
2370 4058 1
4058 2370 0
2371 4058 1
4058 2371 0
2372 4058 1
4058 2372 0
2373 4058 1
4058 2373 0
2374 4058 1
4058 2374 0
2375 4058 1
4058 2375 0
2376 4058 1
4058 2376 0
2377 4058 1
4058 2377 0
2378 4058 1
4058 2378 0
2379 4058 1
4058 2379 0
2380 4058 1
4058 2380 0
2381 4058 1
4058 2381 0
2382 4058 1
4058 2382 0
2383 4058 1
4058 2383 0
2384 4058 1
4058 2384 0
2385 4058 1
4058 2385 0
2386 4058 1
4058 2386 0
2387 4058 1
4058 2387 0
2388 4058 1
4058 2388 0
2389 4058 1
4058 2389 0
2390 4058 1
4058 2390 0
2391 4058 1
4058 2391 0
2392 4058 1
4058 2392 0
2393 4058 1
4058 2393 0
2394 4058 1
4058 2394 0
2395 4058 1
4058 2395 0
2396 4058 1
4058 2396 0
2397 4058 1
4058 2397 0
2398 4058 1
4058 2398 0
2399 4058 1
4058 2399 0
2400 4058 1
4058 2400 0
2401 4058 1
4058 2401 0
2402 4058 1
4058 2402 0
2403 4058 1
4058 2403 0
2404 4058 1
4058 2404 0
2405 4058 1
4058 2405 0
2406 4058 1
4058 2406 0
2407 4058 1
4058 2407 0
2408 4058 1
4058 2408 0
2409 4058 1
4058 2409 0
2410 4058 1
4058 2410 0
2411 4058 1
4058 2411 0
2412 4058 1
4058 2412 0
2413 4058 1
4058 2413 0
2414 4058 1
4058 2414 0
2415 4058 1
4058 2415 0
2416 4058 1
4058 2416 0
2417 4058 1
4058 2417 0
2418 4058 1
4058 2418 0
2419 4058 1
4058 2419 0
2420 4058 1
4058 2420 0
2421 4058 1
4058 2421 0
2422 4058 1
4058 2422 0
2423 4058 1
4058 2423 0
2424 4058 1
4058 2424 0
2425 4058 1
4058 2425 0
2426 4058 1
4058 2426 0
2427 4058 1
4058 2427 0
2428 4058 1
4058 2428 0
2429 4058 1
4058 2429 0
2430 4058 1
4058 2430 0
2431 4058 1
4058 2431 0
2432 4058 1
4058 2432 0
2433 4058 1
4058 2433 0
2434 4058 1
4058 2434 0
2435 4058 1
4058 2435 0
2436 4058 1
4058 2436 0
2437 4058 1
4058 2437 0
2438 4058 1
4058 2438 0
2439 4058 1
4058 2439 0
2440 4058 1
4058 2440 0
2441 4058 1
4058 2441 0
2442 4058 1
4058 2442 0
2443 4058 1
4058 2443 0
2444 4058 1
4058 2444 0
2445 4058 1
4058 2445 0
2446 4058 1
4058 2446 0
2447 4058 1
4058 2447 0
2448 4058 1
4058 2448 0
2449 4058 1
4058 2449 0
2450 4058 1
4058 2450 0
2451 4058 1
4058 2451 0
2452 4058 1
4058 2452 0
2453 4058 1
4058 2453 0
2454 4058 1
4058 2454 0
2455 4058 1
4058 2455 0
2456 4058 1
4058 2456 0
2457 4058 1
4058 2457 0
2458 4058 1
4058 2458 0
2459 4058 1
4058 2459 0
2460 4058 1
4058 2460 0
2461 4058 1
4058 2461 0
2462 4058 1
4058 2462 0
2463 4058 1
4058 2463 0
2464 4058 1
4058 2464 0
2465 4058 1
4058 2465 0
2466 4058 1
4058 2466 0
2467 4058 1
4058 2467 0
2468 4058 1
4058 2468 0
2469 4058 1
4058 2469 0
2470 4058 1
4058 2470 0
2471 4058 1
4058 2471 0
2472 4058 1
4058 2472 0
2473 4058 1
4058 2473 0
2474 4058 1
4058 2474 0
2475 4058 1
4058 2475 0
2476 4058 1
4058 2476 0
2477 4058 1
4058 2477 0
2478 4058 1
4058 2478 0
2479 4058 1
4058 2479 0
2480 4058 1
4058 2480 0
2481 4058 1
4058 2481 0
2482 4058 1
4058 2482 0
2483 4058 1
4058 2483 0
2484 4058 1
4058 2484 0
2485 4058 1
4058 2485 0
2486 4058 1
4058 2486 0
2487 4058 1
4058 2487 0
2488 4058 1
4058 2488 0
2489 4058 1
4058 2489 0
2490 4058 1
4058 2490 0
2491 4058 1
4058 2491 0
2492 4058 1
4058 2492 0
2493 4058 1
4058 2493 0
2494 4058 1
4058 2494 0
2495 4058 1
4058 2495 0
2496 4058 1
4058 2496 0
2497 4058 1
4058 2497 0
2498 4058 1
4058 2498 0
2499 4058 1
4058 2499 0
2500 4058 1
4058 2500 0
2501 4058 1
4058 2501 0
2502 4058 1
4058 2502 0
2503 4058 1
4058 2503 0
2504 4058 1
4058 2504 0
2505 4058 1
4058 2505 0
2506 4058 1
4058 2506 0
2507 4058 1
4058 2507 0
2508 4058 1
4058 2508 0
2509 4058 1
4058 2509 0
2510 4058 1
4058 2510 0
2511 4058 1
4058 2511 0
2512 4058 1
4058 2512 0
2513 4058 1
4058 2513 0
2514 4058 1
4058 2514 0
2515 4058 1
4058 2515 0
2516 4058 1
4058 2516 0
2517 4058 1
4058 2517 0
2518 4058 1
4058 2518 0
2519 4058 1
4058 2519 0
2520 4058 1
4058 2520 0
2521 4058 1
4058 2521 0
2522 4058 1
4058 2522 0
2523 4058 1
4058 2523 0
2524 4058 1
4058 2524 0
2525 4058 1
4058 2525 0
2526 4058 1
4058 2526 0
2527 4058 1
4058 2527 0
2528 4058 1
4058 2528 0
2529 4058 1
4058 2529 0
2530 4058 1
4058 2530 0
2531 4058 1
4058 2531 0
2532 4058 1
4058 2532 0
2533 4058 1
4058 2533 0
2534 4058 1
4058 2534 0
2535 4058 1
4058 2535 0
2536 4058 1
4058 2536 0
2537 4058 1
4058 2537 0
2538 4058 1
4058 2538 0
2539 4058 1
4058 2539 0
2540 4058 1
4058 2540 0
2541 4058 1
4058 2541 0
2542 4058 1
4058 2542 0
2543 4058 1
4058 2543 0
2544 4058 1
4058 2544 0
2545 4058 1
4058 2545 0
2546 4058 1
4058 2546 0
2547 4058 1
4058 2547 0
2548 4058 1
4058 2548 0
2549 4058 1
4058 2549 0
2550 4058 1
4058 2550 0
2551 4058 1
4058 2551 0
2552 4058 1
4058 2552 0
2553 4058 1
4058 2553 0
2554 4058 1
4058 2554 0
2555 4058 1
4058 2555 0
2556 4058 1
4058 2556 0
2557 4058 1
4058 2557 0
2558 4058 1
4058 2558 0
2559 4058 1
4058 2559 0
2560 4058 1
4058 2560 0
2561 4058 1
4058 2561 0
2562 4058 1
4058 2562 0
2563 4058 1
4058 2563 0
2564 4058 1
4058 2564 0
2565 4058 1
4058 2565 0
2566 4058 1
4058 2566 0
2567 4058 1
4058 2567 0
2568 4058 1
4058 2568 0
2569 4058 1
4058 2569 0
2570 4058 1
4058 2570 0
2571 4058 1
4058 2571 0
2572 4058 1
4058 2572 0
2573 4058 1
4058 2573 0
2574 4058 1
4058 2574 0
2575 4058 1
4058 2575 0
2576 4058 1
4058 2576 0
2577 4058 1
4058 2577 0
2578 4058 1
4058 2578 0
2579 4058 1
4058 2579 0
2580 4058 1
4058 2580 0
2581 4058 1
4058 2581 0
2582 4058 1
4058 2582 0
2583 4058 1
4058 2583 0
2584 4058 1
4058 2584 0
2585 4058 1
4058 2585 0
2586 4058 1
4058 2586 0
2587 4058 1
4058 2587 0
2588 4058 1
4058 2588 0
2589 4058 1
4058 2589 0
2590 4058 1
4058 2590 0
2591 4058 1
4058 2591 0
2592 4058 1
4058 2592 0
2593 4058 1
4058 2593 0
2594 4058 1
4058 2594 0
2595 4058 1
4058 2595 0
2596 4058 1
4058 2596 0
2597 4058 1
4058 2597 0
2598 4058 1
4058 2598 0
2599 4058 1
4058 2599 0
2600 4058 1
4058 2600 0
2601 4058 1
4058 2601 0
2602 4058 1
4058 2602 0
2603 4058 1
4058 2603 0
2604 4058 1
4058 2604 0
2605 4058 1
4058 2605 0
2606 4058 1
4058 2606 0
2607 4058 1
4058 2607 0
2608 4058 1
4058 2608 0
2609 4058 1
4058 2609 0
2610 4058 1
4058 2610 0
2611 4058 1
4058 2611 0
2612 4058 1
4058 2612 0
2613 4058 1
4058 2613 0
2614 4058 1
4058 2614 0
2615 4058 1
4058 2615 0
2616 4058 1
4058 2616 0
2617 4058 1
4058 2617 0
2618 4058 1
4058 2618 0
2619 4058 1
4058 2619 0
2620 4058 1
4058 2620 0
2621 4058 1
4058 2621 0
2622 4058 1
4058 2622 0
2623 4058 1
4058 2623 0
2624 4058 1
4058 2624 0
2625 4058 1
4058 2625 0
2626 4058 1
4058 2626 0
2627 4058 1
4058 2627 0
2628 4058 1
4058 2628 0
2629 4058 1
4058 2629 0
2630 4058 1
4058 2630 0
2631 4058 1
4058 2631 0
2632 4058 1
4058 2632 0
2633 4058 1
4058 2633 0
2634 4058 1
4058 2634 0
2635 4058 1
4058 2635 0
2636 4058 1
4058 2636 0
2637 4058 1
4058 2637 0
2638 4058 1
4058 2638 0
2639 4058 1
4058 2639 0
2640 4058 1
4058 2640 0
2641 4058 1
4058 2641 0
2642 4058 1
4058 2642 0
2643 4058 1
4058 2643 0
2644 4058 1
4058 2644 0
2645 4058 1
4058 2645 0
2646 4058 1
4058 2646 0
2647 4058 1
4058 2647 0
2648 4058 1
4058 2648 0
2649 4058 1
4058 2649 0
2650 4058 1
4058 2650 0
2651 4058 1
4058 2651 0
2652 4058 1
4058 2652 0
2653 4058 1
4058 2653 0
2654 4058 1
4058 2654 0
2655 4058 1
4058 2655 0
2656 4058 1
4058 2656 0
2657 4058 1
4058 2657 0
2658 4058 1
4058 2658 0
2659 4058 1
4058 2659 0
2660 4058 1
4058 2660 0
2661 4058 1
4058 2661 0
2662 4058 1
4058 2662 0
2663 4058 1
4058 2663 0
2664 4058 1
4058 2664 0
2665 4058 1
4058 2665 0
2666 4058 1
4058 2666 0
2667 4058 1
4058 2667 0
2668 4058 1
4058 2668 0
2669 4058 1
4058 2669 0
2670 4058 1
4058 2670 0
2671 4058 1
4058 2671 0
2672 4058 1
4058 2672 0
2673 4058 1
4058 2673 0
2674 4058 1
4058 2674 0
2675 4058 1
4058 2675 0
2676 4058 1
4058 2676 0
2677 4058 1
4058 2677 0
2678 4058 1
4058 2678 0
2679 4058 1
4058 2679 0
2680 4058 1
4058 2680 0
2681 4058 1
4058 2681 0
2682 4058 1
4058 2682 0
2683 4058 1
4058 2683 0
2684 4058 1
4058 2684 0
2685 4058 1
4058 2685 0
2686 4058 1
4058 2686 0
2687 4058 1
4058 2687 0
2688 4058 1
4058 2688 0
2689 4058 1
4058 2689 0
2690 4058 1
4058 2690 0
2691 4058 1
4058 2691 0
2692 4058 1
4058 2692 0
2693 4058 1
4058 2693 0
2694 4058 1
4058 2694 0
2695 4058 1
4058 2695 0
2696 4058 1
4058 2696 0
2697 4058 1
4058 2697 0
2698 4058 1
4058 2698 0
2699 4058 1
4058 2699 0
2700 4058 1
4058 2700 0
2701 4058 1
4058 2701 0
2702 4058 1
4058 2702 0
2703 4058 1
4058 2703 0
2704 4058 1
4058 2704 0
2705 4058 1
4058 2705 0
2706 4058 1
4058 2706 0
2707 4058 1
4058 2707 0
2708 4058 1
4058 2708 0
2709 4058 1
4058 2709 0
2710 4058 1
4058 2710 0
2711 4058 1
4058 2711 0
2712 4058 1
4058 2712 0
2713 4058 1
4058 2713 0
2714 4058 1
4058 2714 0
2715 4058 1
4058 2715 0
2716 4058 1
4058 2716 0
2717 4058 1
4058 2717 0
2718 4058 1
4058 2718 0
2719 4058 1
4058 2719 0
2720 4058 1
4058 2720 0
2721 4058 1
4058 2721 0
2722 4058 1
4058 2722 0
2723 4058 1
4058 2723 0
2724 4058 1
4058 2724 0
2725 4058 1
4058 2725 0
2726 4058 1
4058 2726 0
2727 4058 1
4058 2727 0
2728 4058 1
4058 2728 0
2729 4058 1
4058 2729 0
2730 4058 1
4058 2730 0
2731 4058 1
4058 2731 0
2732 4058 1
4058 2732 0
2733 4058 1
4058 2733 0
2734 4058 1
4058 2734 0
2735 4058 1
4058 2735 0
2736 4058 1
4058 2736 0
2737 4058 1
4058 2737 0
2738 4058 1
4058 2738 0
2739 4058 1
4058 2739 0
2740 4058 1
4058 2740 0
2741 4058 1
4058 2741 0
2742 4058 1
4058 2742 0
2743 4058 1
4058 2743 0
2744 4058 1
4058 2744 0
2745 4058 1
4058 2745 0
2746 4058 1
4058 2746 0
2747 4058 1
4058 2747 0
2748 4058 1
4058 2748 0
2749 4058 1
4058 2749 0
2750 4058 1
4058 2750 0
2751 4058 1
4058 2751 0
2752 4058 1
4058 2752 0
2753 4058 1
4058 2753 0
2754 4058 1
4058 2754 0
2755 4058 1
4058 2755 0
2756 4058 1
4058 2756 0
2757 4058 1
4058 2757 0
2758 4058 1
4058 2758 0
2759 4058 1
4058 2759 0
2760 4058 1
4058 2760 0
2761 4058 1
4058 2761 0
2762 4058 1
4058 2762 0
2763 4058 1
4058 2763 0
2764 4058 1
4058 2764 0
2765 4058 1
4058 2765 0
2766 4058 1
4058 2766 0
2767 4058 1
4058 2767 0
2768 4058 1
4058 2768 0
2769 4058 1
4058 2769 0
2770 4058 1
4058 2770 0
2771 4058 1
4058 2771 0
2772 4058 1
4058 2772 0
2773 4058 1
4058 2773 0
2774 4058 1
4058 2774 0
2775 4058 1
4058 2775 0
2776 4058 1
4058 2776 0
2777 4058 1
4058 2777 0
2778 4058 1
4058 2778 0
2779 4058 1
4058 2779 0
2780 4058 1
4058 2780 0
2781 4058 1
4058 2781 0
2782 4058 1
4058 2782 0
2783 4058 1
4058 2783 0
2784 4058 1
4058 2784 0
2785 4058 1
4058 2785 0
2786 4058 1
4058 2786 0
2787 4058 1
4058 2787 0
2788 4058 1
4058 2788 0
2789 4058 1
4058 2789 0
2790 4058 1
4058 2790 0
2791 4058 1
4058 2791 0
2792 4058 1
4058 2792 0
2793 4058 1
4058 2793 0
2794 4058 1
4058 2794 0
2795 4058 1
4058 2795 0
2796 4058 1
4058 2796 0
2797 4058 1
4058 2797 0
2798 4058 1
4058 2798 0
2799 4058 1
4058 2799 0
2800 4058 1
4058 2800 0
2801 4058 1
4058 2801 0
2802 4058 1
4058 2802 0
2803 4058 1
4058 2803 0
2804 4058 1
4058 2804 0
2805 4058 1
4058 2805 0
2806 4058 1
4058 2806 0
2807 4058 1
4058 2807 0
2808 4058 1
4058 2808 0
2809 4058 1
4058 2809 0
2810 4058 1
4058 2810 0
2811 4058 1
4058 2811 0
2812 4058 1
4058 2812 0
2813 4058 1
4058 2813 0
2814 4058 1
4058 2814 0
2815 4058 1
4058 2815 0
2816 4058 1
4058 2816 0
2817 4058 1
4058 2817 0
2818 4058 1
4058 2818 0
2819 4058 1
4058 2819 0
2820 4058 1
4058 2820 0
2821 4058 1
4058 2821 0
2822 4058 1
4058 2822 0
2823 4058 1
4058 2823 0
2824 4058 1
4058 2824 0
2825 4058 1
4058 2825 0
2826 4058 1
4058 2826 0
2827 4058 1
4058 2827 0
2828 4058 1
4058 2828 0
2829 4058 1
4058 2829 0
2830 4058 1
4058 2830 0
2831 4058 1
4058 2831 0
2832 4058 1
4058 2832 0
2833 4058 1
4058 2833 0
2834 4058 1
4058 2834 0
2835 4058 1
4058 2835 0
2836 4058 1
4058 2836 0
2837 4058 1
4058 2837 0
2838 4058 1
4058 2838 0
2839 4058 1
4058 2839 0
2840 4058 1
4058 2840 0
2841 4058 1
4058 2841 0
2842 4058 1
4058 2842 0
2843 4058 1
4058 2843 0
2844 4058 1
4058 2844 0
2845 4058 1
4058 2845 0
2846 4058 1
4058 2846 0
2847 4058 1
4058 2847 0
2848 4058 1
4058 2848 0
2849 4058 1
4058 2849 0
2850 4058 1
4058 2850 0
2851 4058 1
4058 2851 0
2852 4058 1
4058 2852 0
2853 4058 1
4058 2853 0
2854 4058 1
4058 2854 0
2855 4058 1
4058 2855 0
2856 4058 1
4058 2856 0
2857 4058 1
4058 2857 0
2858 4058 1
4058 2858 0
2859 4058 1
4058 2859 0
2860 4058 1
4058 2860 0
2861 4058 1
4058 2861 0
2862 4058 1
4058 2862 0
2863 4058 1
4058 2863 0
2864 4058 1
4058 2864 0
2865 4058 1
4058 2865 0
2866 4058 1
4058 2866 0
2867 4058 1
4058 2867 0
2868 4058 1
4058 2868 0
2869 4058 1
4058 2869 0
2870 4058 1
4058 2870 0
2871 4058 1
4058 2871 0
2872 4058 1
4058 2872 0
2873 4058 1
4058 2873 0
2874 4058 1
4058 2874 0
2875 4058 1
4058 2875 0
2876 4058 1
4058 2876 0
2877 4058 1
4058 2877 0
2878 4058 1
4058 2878 0
2879 4058 1
4058 2879 0
2880 4058 1
4058 2880 0
2881 4058 1
4058 2881 0
2882 4058 1
4058 2882 0
2883 4058 1
4058 2883 0
2884 4058 1
4058 2884 0
2885 4058 1
4058 2885 0
2886 4058 1
4058 2886 0
2887 4058 1
4058 2887 0
2888 4058 1
4058 2888 0
2889 4058 1
4058 2889 0
2890 4058 1
4058 2890 0
2891 4058 1
4058 2891 0
2892 4058 1
4058 2892 0
2893 4058 1
4058 2893 0
2894 4058 1
4058 2894 0
2895 4058 1
4058 2895 0
2896 4058 1
4058 2896 0
2897 4058 1
4058 2897 0
2898 4058 1
4058 2898 0
2899 4058 1
4058 2899 0
2900 4058 1
4058 2900 0
2901 4058 1
4058 2901 0
2902 4058 1
4058 2902 0
2903 4058 1
4058 2903 0
2904 4058 1
4058 2904 0
2905 4058 1
4058 2905 0
2906 4058 1
4058 2906 0
2907 4058 1
4058 2907 0
2908 4058 1
4058 2908 0
2909 4058 1
4058 2909 0
2910 4058 1
4058 2910 0
2911 4058 1
4058 2911 0
2912 4058 1
4058 2912 0
2913 4058 1
4058 2913 0
2914 4058 1
4058 2914 0
2915 4058 1
4058 2915 0
2916 4058 1
4058 2916 0
2917 4058 1
4058 2917 0
2918 4058 1
4058 2918 0
2919 4058 1
4058 2919 0
2920 4058 1
4058 2920 0
2921 4058 1
4058 2921 0
2922 4058 1
4058 2922 0
2923 4058 1
4058 2923 0
2924 4058 1
4058 2924 0
2925 4058 1
4058 2925 0
2926 4058 1
4058 2926 0
2927 4058 1
4058 2927 0
2928 4058 1
4058 2928 0
2929 4058 1
4058 2929 0
2930 4058 1
4058 2930 0
2931 4058 1
4058 2931 0
2932 4058 1
4058 2932 0
2933 4058 1
4058 2933 0
2934 4058 1
4058 2934 0
2935 4058 1
4058 2935 0
2936 4058 1
4058 2936 0
2937 4058 1
4058 2937 0
2938 4058 1
4058 2938 0
2939 4058 1
4058 2939 0
2940 4058 1
4058 2940 0
2941 4058 1
4058 2941 0
2942 4058 1
4058 2942 0
2943 4058 1
4058 2943 0
2944 4058 1
4058 2944 0
2945 4058 1
4058 2945 0
2946 4058 1
4058 2946 0
2947 4058 1
4058 2947 0
2948 4058 1
4058 2948 0
2949 4058 1
4058 2949 0
2950 4058 1
4058 2950 0
2951 4058 1
4058 2951 0
2952 4058 1
4058 2952 0
2953 4058 1
4058 2953 0
2954 4058 1
4058 2954 0
2955 4058 1
4058 2955 0
2956 4058 1
4058 2956 0
2957 4058 1
4058 2957 0
2958 4058 1
4058 2958 0
2959 4058 1
4058 2959 0
2960 4058 1
4058 2960 0
2961 4058 1
4058 2961 0
2962 4058 1
4058 2962 0
2963 4058 1
4058 2963 0
2964 4058 1
4058 2964 0
2965 4058 1
4058 2965 0
2966 4058 1
4058 2966 0
2967 4058 1
4058 2967 0
2968 4058 1
4058 2968 0
2969 4058 1
4058 2969 0
2970 4058 1
4058 2970 0
2971 4058 1
4058 2971 0
2972 4058 1
4058 2972 0
2973 4058 1
4058 2973 0
2974 4058 1
4058 2974 0
2975 4058 1
4058 2975 0
2976 4058 1
4058 2976 0
2977 4058 1
4058 2977 0
2978 4058 1
4058 2978 0
2979 4058 1
4058 2979 0
2980 4058 1
4058 2980 0
2981 4058 1
4058 2981 0
2982 4058 1
4058 2982 0
2983 4058 1
4058 2983 0
2984 4058 1
4058 2984 0
2985 4058 1
4058 2985 0
2986 4058 1
4058 2986 0
2987 4058 1
4058 2987 0
2988 4058 1
4058 2988 0
2989 4058 1
4058 2989 0
2990 4058 1
4058 2990 0
2991 4058 1
4058 2991 0
2992 4058 1
4058 2992 0
2993 4058 1
4058 2993 0
2994 4058 1
4058 2994 0
2995 4058 1
4058 2995 0
2996 4058 1
4058 2996 0
2997 4058 1
4058 2997 0
2998 4058 1
4058 2998 0
2999 4058 1
4058 2999 0
3000 4058 1
4058 3000 0
3001 4058 1
4058 3001 0
3002 4058 1
4058 3002 0
3003 4058 1
4058 3003 0
3004 4058 1
4058 3004 0
3005 4058 1
4058 3005 0
3006 4058 1
4058 3006 0
3007 4058 1
4058 3007 0
3008 4058 1
4058 3008 0
3009 4058 1
4058 3009 0
3010 4058 1
4058 3010 0
3011 4058 1
4058 3011 0
3012 4058 1
4058 3012 0
3013 4058 1
4058 3013 0
3014 4058 1
4058 3014 0
3015 4058 1
4058 3015 0
3016 4058 1
4058 3016 0
3017 4058 1
4058 3017 0
3018 4058 1
4058 3018 0
3019 4058 1
4058 3019 0
3020 4058 1
4058 3020 0
3021 4058 1
4058 3021 0
3022 4058 1
4058 3022 0
3023 4058 1
4058 3023 0
3024 4058 1
4058 3024 0
3025 4058 1
4058 3025 0
3026 4058 1
4058 3026 0
3027 4058 1
4058 3027 0
3028 4058 1
4058 3028 0
3029 4058 1
4058 3029 0
3030 4058 1
4058 3030 0
3031 4058 1
4058 3031 0
3032 4058 1
4058 3032 0
3033 4058 1
4058 3033 0
3034 4058 1
4058 3034 0
3035 4058 1
4058 3035 0
3036 4058 1
4058 3036 0
3037 4058 1
4058 3037 0
3038 4058 1
4058 3038 0
3039 4058 1
4058 3039 0
3040 4058 1
4058 3040 0
3041 4058 1
4058 3041 0
3042 4058 1
4058 3042 0
3043 4058 1
4058 3043 0
3044 4058 1
4058 3044 0
3045 4058 1
4058 3045 0
3046 4058 1
4058 3046 0
3047 4058 1
4058 3047 0
3048 4058 1
4058 3048 0
3049 4058 1
4058 3049 0
3050 4058 1
4058 3050 0
3051 4058 1
4058 3051 0
3052 4058 1
4058 3052 0
3053 4058 1
4058 3053 0
3054 4058 1
4058 3054 0
3055 4058 1
4058 3055 0
3056 4058 1
4058 3056 0
3057 4058 1
4058 3057 0
3058 4058 1
4058 3058 0
3059 4058 1
4058 3059 0
3060 4058 1
4058 3060 0
3061 4058 1
4058 3061 0
3062 4058 1
4058 3062 0
3063 4058 1
4058 3063 0
3064 4058 1
4058 3064 0
3065 4058 1
4058 3065 0
3066 4058 1
4058 3066 0
3067 4058 1
4058 3067 0
3068 4058 1
4058 3068 0
3069 4058 1
4058 3069 0
3070 4058 1
4058 3070 0
3071 4058 1
4058 3071 0
3072 4058 1
4058 3072 0
3073 4058 1
4058 3073 0
3074 4058 1
4058 3074 0
3075 4058 1
4058 3075 0
3076 4058 1
4058 3076 0
3077 4058 1
4058 3077 0
3078 4058 1
4058 3078 0
3079 4058 1
4058 3079 0
3080 4058 1
4058 3080 0
3081 4058 1
4058 3081 0
3082 4058 1
4058 3082 0
3083 4058 1
4058 3083 0
3084 4058 1
4058 3084 0
3085 4058 1
4058 3085 0
3086 4058 1
4058 3086 0
3087 4058 1
4058 3087 0
3088 4058 1
4058 3088 0
3089 4058 1
4058 3089 0
3090 4058 1
4058 3090 0
3091 4058 1
4058 3091 0
3092 4058 1
4058 3092 0
3093 4058 1
4058 3093 0
3094 4058 1
4058 3094 0
3095 4058 1
4058 3095 0
3096 4058 1
4058 3096 0
3097 4058 1
4058 3097 0
3098 4058 1
4058 3098 0
3099 4058 1
4058 3099 0
3100 4058 1
4058 3100 0
3101 4058 1
4058 3101 0
3102 4058 1
4058 3102 0
3103 4058 1
4058 3103 0
3104 4058 1
4058 3104 0
3105 4058 1
4058 3105 0
3106 4058 1
4058 3106 0
3107 4058 1
4058 3107 0
3108 4058 1
4058 3108 0
3109 4058 1
4058 3109 0
3110 4058 1
4058 3110 0
3111 4058 1
4058 3111 0
3112 4058 1
4058 3112 0
3113 4058 1
4058 3113 0
3114 4058 1
4058 3114 0
3115 4058 1
4058 3115 0
3116 4058 1
4058 3116 0
3117 4058 1
4058 3117 0
3118 4058 1
4058 3118 0
3119 4058 1
4058 3119 0
3120 4058 1
4058 3120 0
3121 4058 1
4058 3121 0
3122 4058 1
4058 3122 0
3123 4058 1
4058 3123 0
3124 4058 1
4058 3124 0
3125 4058 1
4058 3125 0
3126 4058 1
4058 3126 0
3127 4058 1
4058 3127 0
3128 4058 1
4058 3128 0
3129 4058 1
4058 3129 0
3130 4058 1
4058 3130 0
3131 4058 1
4058 3131 0
3132 4058 1
4058 3132 0
3133 4058 1
4058 3133 0
3134 4058 1
4058 3134 0
3135 4058 1
4058 3135 0
3136 4058 1
4058 3136 0
3137 4058 1
4058 3137 0
3138 4058 1
4058 3138 0
3139 4058 1
4058 3139 0
3140 4058 1
4058 3140 0
3141 4058 1
4058 3141 0
3142 4058 1
4058 3142 0
3143 4058 1
4058 3143 0
3144 4058 1
4058 3144 0
3145 4058 1
4058 3145 0
3146 4058 1
4058 3146 0
3147 4058 1
4058 3147 0
3148 4058 1
4058 3148 0
3149 4058 1
4058 3149 0
3150 4058 1
4058 3150 0
3151 4058 1
4058 3151 0
3152 4058 1
4058 3152 0
3153 4058 1
4058 3153 0
3154 4058 1
4058 3154 0
3155 4058 1
4058 3155 0
3156 4058 1
4058 3156 0
3157 4058 1
4058 3157 0
3158 4058 1
4058 3158 0
3159 4058 1
4058 3159 0
3160 4058 1
4058 3160 0
3161 4058 1
4058 3161 0
3162 4058 1
4058 3162 0
3163 4058 1
4058 3163 0
3164 4058 1
4058 3164 0
3165 4058 1
4058 3165 0
3166 4058 1
4058 3166 0
3167 4058 1
4058 3167 0
3168 4058 1
4058 3168 0
3169 4058 1
4058 3169 0
3170 4058 1
4058 3170 0
3171 4058 1
4058 3171 0
3172 4058 1
4058 3172 0
3173 4058 1
4058 3173 0
3174 4058 1
4058 3174 0
3175 4058 1
4058 3175 0
3176 4058 1
4058 3176 0
3177 4058 1
4058 3177 0
3178 4058 1
4058 3178 0
3179 4058 1
4058 3179 0
3180 4058 1
4058 3180 0
3181 4058 1
4058 3181 0
3182 4058 1
4058 3182 0
3183 4058 1
4058 3183 0
3184 4058 1
4058 3184 0
3185 4058 1
4058 3185 0
3186 4058 1
4058 3186 0
3187 4058 1
4058 3187 0
3188 4058 1
4058 3188 0
3189 4058 1
4058 3189 0
3190 4058 1
4058 3190 0
3191 4058 1
4058 3191 0
3192 4058 1
4058 3192 0
3193 4058 1
4058 3193 0
3194 4058 1
4058 3194 0
3195 4058 1
4058 3195 0
3196 4058 1
4058 3196 0
3197 4058 1
4058 3197 0
3198 4058 1
4058 3198 0
3199 4058 1
4058 3199 0
3200 4058 1
4058 3200 0
3201 4058 1
4058 3201 0
3202 4058 1
4058 3202 0
3203 4058 1
4058 3203 0
3204 4058 1
4058 3204 0
3205 4058 1
4058 3205 0
3206 4058 1
4058 3206 0
3207 4058 1
4058 3207 0
3208 4058 1
4058 3208 0
3209 4058 1
4058 3209 0
3210 4058 1
4058 3210 0
3211 4058 1
4058 3211 0
3212 4058 1
4058 3212 0
3213 4058 1
4058 3213 0
3214 4058 1
4058 3214 0
3215 4058 1
4058 3215 0
3216 4058 1
4058 3216 0
3217 4058 1
4058 3217 0
3218 4058 1
4058 3218 0
3219 4058 1
4058 3219 0
3220 4058 1
4058 3220 0
3221 4058 1
4058 3221 0
3222 4058 1
4058 3222 0
3223 4058 1
4058 3223 0
3224 4058 1
4058 3224 0
3225 4058 1
4058 3225 0
3226 4058 1
4058 3226 0
3227 4058 1
4058 3227 0
3228 4058 1
4058 3228 0
3229 4058 1
4058 3229 0
3230 4058 1
4058 3230 0
3231 4058 1
4058 3231 0
3232 4058 1
4058 3232 0
3233 4058 1
4058 3233 0
3234 4058 1
4058 3234 0
3235 4058 1
4058 3235 0
3236 4058 1
4058 3236 0
3237 4058 1
4058 3237 0
3238 4058 1
4058 3238 0
3239 4058 1
4058 3239 0
3240 4058 1
4058 3240 0
3241 4058 1
4058 3241 0
3242 4058 1
4058 3242 0
3243 4058 1
4058 3243 0
3244 4058 1
4058 3244 0
3245 4058 1
4058 3245 0
3246 4058 1
4058 3246 0
3247 4058 1
4058 3247 0
3248 4058 1
4058 3248 0
3249 4058 1
4058 3249 0
3250 4058 1
4058 3250 0
3251 4058 1
4058 3251 0
3252 4058 1
4058 3252 0
3253 4058 1
4058 3253 0
3254 4058 1
4058 3254 0
3255 4058 1
4058 3255 0
3256 4058 1
4058 3256 0
3257 4058 1
4058 3257 0
3258 4058 1
4058 3258 0
3259 4058 1
4058 3259 0
3260 4058 1
4058 3260 0
3261 4058 1
4058 3261 0
3262 4058 1
4058 3262 0
3263 4058 1
4058 3263 0
3264 4058 1
4058 3264 0
3265 4058 1
4058 3265 0
3266 4058 1
4058 3266 0
3267 4058 1
4058 3267 0
3268 4058 1
4058 3268 0
3269 4058 1
4058 3269 0
3270 4058 1
4058 3270 0
3271 4058 1
4058 3271 0
3272 4058 1
4058 3272 0
3273 4058 1
4058 3273 0
3274 4058 1
4058 3274 0
3275 4058 1
4058 3275 0
3276 4058 1
4058 3276 0
3277 4058 1
4058 3277 0
3278 4058 1
4058 3278 0
3279 4058 1
4058 3279 0
3280 4058 1
4058 3280 0
3281 4058 1
4058 3281 0
3282 4058 1
4058 3282 0
3283 4058 1
4058 3283 0
3284 4058 1
4058 3284 0
3285 4058 1
4058 3285 0
3286 4058 1
4058 3286 0
3287 4058 1
4058 3287 0
3288 4058 1
4058 3288 0
3289 4058 1
4058 3289 0
3290 4058 1
4058 3290 0
3291 4058 1
4058 3291 0
3292 4058 1
4058 3292 0
3293 4058 1
4058 3293 0
3294 4058 1
4058 3294 0
3295 4058 1
4058 3295 0
3296 4058 1
4058 3296 0
3297 4058 1
4058 3297 0
3298 4058 1
4058 3298 0
3299 4058 1
4058 3299 0
3300 4058 1
4058 3300 0
3301 4058 1
4058 3301 0
3302 4058 1
4058 3302 0
3303 4058 1
4058 3303 0
3304 4058 1
4058 3304 0
3305 4058 1
4058 3305 0
3306 4058 1
4058 3306 0
3307 4058 1
4058 3307 0
3308 4058 1
4058 3308 0
3309 4058 1
4058 3309 0
3310 4058 1
4058 3310 0
3311 4058 1
4058 3311 0
3312 4058 1
4058 3312 0
3313 4058 1
4058 3313 0
3314 4058 1
4058 3314 0
3315 4058 1
4058 3315 0
3316 4058 1
4058 3316 0
3317 4058 1
4058 3317 0
3318 4058 1
4058 3318 0
3319 4058 1
4058 3319 0
3320 4058 1
4058 3320 0
3321 4058 1
4058 3321 0
3322 4058 1
4058 3322 0
3323 4058 1
4058 3323 0
3324 4058 1
4058 3324 0
3325 4058 1
4058 3325 0
3326 4058 1
4058 3326 0
3327 4058 1
4058 3327 0
3328 4058 1
4058 3328 0
3329 4058 1
4058 3329 0
3330 4058 1
4058 3330 0
3331 4058 1
4058 3331 0
3332 4058 1
4058 3332 0
3333 4058 1
4058 3333 0
3334 4058 1
4058 3334 0
3335 4058 1
4058 3335 0
3336 4058 1
4058 3336 0
3337 4058 1
4058 3337 0
3338 4058 1
4058 3338 0
3339 4058 1
4058 3339 0
3340 4058 1
4058 3340 0
3341 4058 1
4058 3341 0
3342 4058 1
4058 3342 0
3343 4058 1
4058 3343 0
3344 4058 1
4058 3344 0
3345 4058 1
4058 3345 0
3346 4058 1
4058 3346 0
3347 4058 1
4058 3347 0
3348 4058 1
4058 3348 0
3349 4058 1
4058 3349 0
3350 4058 1
4058 3350 0
3351 4058 1
4058 3351 0
3352 4058 1
4058 3352 0
3353 4058 1
4058 3353 0
3354 4058 1
4058 3354 0
3355 4058 1
4058 3355 0
3356 4058 1
4058 3356 0
3357 4058 1
4058 3357 0
3358 4058 1
4058 3358 0
3359 4058 1
4058 3359 0
3360 4058 1
4058 3360 0
3361 4058 1
4058 3361 0
3362 4058 1
4058 3362 0
3363 4058 1
4058 3363 0
3364 4058 1
4058 3364 0
3365 4058 1
4058 3365 0
3366 4058 1
4058 3366 0
3367 4058 1
4058 3367 0
3368 4058 1
4058 3368 0
3369 4058 1
4058 3369 0
3370 4058 1
4058 3370 0
3371 4058 1
4058 3371 0
3372 4058 1
4058 3372 0
3373 4058 1
4058 3373 0
3374 4058 1
4058 3374 0
3375 4058 1
4058 3375 0
3376 4058 1
4058 3376 0
3377 4058 1
4058 3377 0
3378 4058 1
4058 3378 0
3379 4058 1
4058 3379 0
3380 4058 1
4058 3380 0
3381 4058 1
4058 3381 0
3382 4058 1
4058 3382 0
3383 4058 1
4058 3383 0
3384 4058 1
4058 3384 0
3385 4058 1
4058 3385 0
3386 4058 1
4058 3386 0
3387 4058 1
4058 3387 0
3388 4058 1
4058 3388 0
3389 4058 1
4058 3389 0
3390 4058 1
4058 3390 0
3391 4058 1
4058 3391 0
3392 4058 1
4058 3392 0
3393 4058 1
4058 3393 0
3394 4058 1
4058 3394 0
3395 4058 1
4058 3395 0
3396 4058 1
4058 3396 0
3397 4058 1
4058 3397 0
3398 4058 1
4058 3398 0
3399 4058 1
4058 3399 0
3400 4058 1
4058 3400 0
3401 4058 1
4058 3401 0
3402 4058 1
4058 3402 0
3403 4058 1
4058 3403 0
3404 4058 1
4058 3404 0
3405 4058 1
4058 3405 0
3406 4058 1
4058 3406 0
3407 4058 1
4058 3407 0
3408 4058 1
4058 3408 0
3409 4058 1
4058 3409 0
3410 4058 1
4058 3410 0
3411 4058 1
4058 3411 0
3412 4058 1
4058 3412 0
3413 4058 1
4058 3413 0
3414 4058 1
4058 3414 0
3415 4058 1
4058 3415 0
3416 4058 1
4058 3416 0
3417 4058 1
4058 3417 0
3418 4058 1
4058 3418 0
3419 4058 1
4058 3419 0
3420 4058 28
4058 3420 0
3421 4058 28
4058 3421 0
3422 4058 28
4058 3422 0
3423 4058 28
4058 3423 0
3424 4058 28
4058 3424 0
3425 4058 28
4058 3425 0
3426 4058 28
4058 3426 0
3427 4058 28
4058 3427 0
3428 4058 28
4058 3428 0
3429 4058 28
4058 3429 0
3430 4058 28
4058 3430 0
3431 4058 28
4058 3431 0
3432 4058 28
4058 3432 0
3433 4058 28
4058 3433 0
3434 4058 28
4058 3434 0
3435 4058 28
4058 3435 0
3436 4058 28
4058 3436 0
3437 4058 28
4058 3437 0
3438 4058 28
4058 3438 0
3439 4058 28
4058 3439 0
3440 4058 28
4058 3440 0
3441 4058 28
4058 3441 0
3442 4058 28
4058 3442 0
3443 4058 28
4058 3443 0
3444 4058 28
4058 3444 0
3445 4058 28
4058 3445 0
3446 4058 28
4058 3446 0
3447 4058 28
4058 3447 0
3448 4058 28
4058 3448 0
3449 4058 28
4058 3449 0
3450 4058 28
4058 3450 0
3451 4058 28
4058 3451 0
3452 4058 28
4058 3452 0
3453 4058 28
4058 3453 0
3454 4058 28
4058 3454 0
3455 4058 28
4058 3455 0
3456 4058 28
4058 3456 0
3457 4058 28
4058 3457 0
3458 4058 28
4058 3458 0
3459 4058 28
4058 3459 0
3460 4058 28
4058 3460 0
3461 4058 28
4058 3461 0
3462 4058 28
4058 3462 0
3463 4058 28
4058 3463 0
3464 4058 28
4058 3464 0
3465 4058 28
4058 3465 0
3466 4058 28
4058 3466 0
3467 4058 28
4058 3467 0
3468 4058 28
4058 3468 0
3469 4058 28
4058 3469 0
3470 4058 28
4058 3470 0
3471 4058 28
4058 3471 0
3472 4058 28
4058 3472 0
3473 4058 28
4058 3473 0
3474 4058 28
4058 3474 0
3475 4058 28
4058 3475 0
3476 4058 28
4058 3476 0
3477 4058 28
4058 3477 0
3478 4058 28
4058 3478 0
3479 4058 28
4058 3479 0
3480 4058 28
4058 3480 0
3481 4058 28
4058 3481 0
3482 4058 28
4058 3482 0
3483 4058 28
4058 3483 0
3484 4058 28
4058 3484 0
3485 4058 28
4058 3485 0
3486 4058 28
4058 3486 0
3487 4058 28
4058 3487 0
3488 4058 28
4058 3488 0
3489 4058 28
4058 3489 0
3490 4058 28
4058 3490 0
3491 4058 28
4058 3491 0
3492 4058 28
4058 3492 0
3493 4058 28
4058 3493 0
3494 4058 28
4058 3494 0
3495 4058 28
4058 3495 0
3496 4058 28
4058 3496 0
3497 4058 28
4058 3497 0
3498 4058 28
4058 3498 0
3499 4058 28
4058 3499 0
3500 4058 28
4058 3500 0
3501 4058 28
4058 3501 0
3502 4058 28
4058 3502 0
3503 4058 28
4058 3503 0
3504 4058 28
4058 3504 0
3505 4058 28
4058 3505 0
3506 4058 28
4058 3506 0
3507 4058 28
4058 3507 0
3508 4058 28
4058 3508 0
3509 4058 28
4058 3509 0
3510 4058 28
4058 3510 0
3511 4058 28
4058 3511 0
3512 4058 28
4058 3512 0
3513 4058 28
4058 3513 0
3514 4058 28
4058 3514 0
3515 4058 28
4058 3515 0
3516 4058 28
4058 3516 0
3517 4058 28
4058 3517 0
3518 4058 28
4058 3518 0
3519 4058 28
4058 3519 0
3520 4058 28
4058 3520 0
3521 4058 28
4058 3521 0
3522 4058 28
4058 3522 0
3523 4058 28
4058 3523 0
3524 4058 28
4058 3524 0
3525 4058 28
4058 3525 0
3526 4058 28
4058 3526 0
3527 4058 28
4058 3527 0
3528 4058 28
4058 3528 0
3529 4058 28
4058 3529 0
3530 4058 28
4058 3530 0
3531 4058 28
4058 3531 0
3532 4058 28
4058 3532 0
3533 4058 28
4058 3533 0
3534 4058 28
4058 3534 0
3535 4058 28
4058 3535 0
3536 4058 28
4058 3536 0
3537 4058 28
4058 3537 0
3538 4058 28
4058 3538 0
3539 4058 28
4058 3539 0
3540 4058 28
4058 3540 0
3541 4058 28
4058 3541 0
3542 4058 28
4058 3542 0
3543 4058 28
4058 3543 0
3544 4058 28
4058 3544 0
3545 4058 28
4058 3545 0
3546 4058 28
4058 3546 0
3547 4058 28
4058 3547 0
3548 4058 28
4058 3548 0
3549 4058 28
4058 3549 0
3550 4058 28
4058 3550 0
3551 4058 28
4058 3551 0
3552 4058 28
4058 3552 0
3553 4058 28
4058 3553 0
3554 4058 28
4058 3554 0
3555 4058 28
4058 3555 0
3556 4058 28
4058 3556 0
3557 4058 28
4058 3557 0
3558 4058 28
4058 3558 0
3559 4058 28
4058 3559 0
3560 4058 28
4058 3560 0
3561 4058 28
4058 3561 0
3562 4058 28
4058 3562 0
3563 4058 28
4058 3563 0
3564 4058 28
4058 3564 0
3565 4058 28
4058 3565 0
3566 4058 28
4058 3566 0
3567 4058 28
4058 3567 0
3568 4058 28
4058 3568 0
3569 4058 28
4058 3569 0
3570 4058 28
4058 3570 0
3571 4058 28
4058 3571 0
3572 4058 28
4058 3572 0
3573 4058 28
4058 3573 0
3574 4058 28
4058 3574 0
3575 4058 28
4058 3575 0
3576 4058 28
4058 3576 0
3577 4058 28
4058 3577 0
3578 4058 28
4058 3578 0
3579 4058 28
4058 3579 0
3580 4058 28
4058 3580 0
3581 4058 28
4058 3581 0
3582 4058 28
4058 3582 0
3583 4058 28
4058 3583 0
3584 4058 28
4058 3584 0
3585 4058 28
4058 3585 0
3586 4058 28
4058 3586 0
3587 4058 28
4058 3587 0
3588 4058 28
4058 3588 0
3589 4058 28
4058 3589 0
3590 4058 28
4058 3590 0
3591 4058 28
4058 3591 0
3592 4058 28
4058 3592 0
3593 4058 28
4058 3593 0
3594 4058 28
4058 3594 0
3595 4058 28
4058 3595 0
3596 4058 28
4058 3596 0
3597 4058 28
4058 3597 0
3598 4058 28
4058 3598 0
3599 4058 28
4058 3599 0
3600 4058 28
4058 3600 0
3601 4058 28
4058 3601 0
3602 4058 28
4058 3602 0
3603 4058 28
4058 3603 0
3604 4058 28
4058 3604 0
3605 4058 28
4058 3605 0
3606 4058 28
4058 3606 0
3607 4058 28
4058 3607 0
3608 4058 28
4058 3608 0
3609 4058 28
4058 3609 0
3610 4058 28
4058 3610 0
3611 4058 28
4058 3611 0
3612 4058 28
4058 3612 0
3613 4058 28
4058 3613 0
3614 4058 28
4058 3614 0
3615 4058 28
4058 3615 0
3616 4058 28
4058 3616 0
3617 4058 28
4058 3617 0
3618 4058 28
4058 3618 0
3619 4058 28
4058 3619 0
3620 4058 28
4058 3620 0
3621 4058 28
4058 3621 0
3622 4058 28
4058 3622 0
3623 4058 28
4058 3623 0
3624 4058 28
4058 3624 0
3625 4058 28
4058 3625 0
3626 4058 28
4058 3626 0
3627 4058 28
4058 3627 0
3628 4058 28
4058 3628 0
3629 4058 28
4058 3629 0
3630 4058 28
4058 3630 0
3631 4058 28
4058 3631 0
3632 4058 28
4058 3632 0
3633 4058 28
4058 3633 0
3634 4058 28
4058 3634 0
3635 4058 28
4058 3635 0
3636 4058 28
4058 3636 0
3637 4058 28
4058 3637 0
3638 4058 28
4058 3638 0
3639 4058 28
4058 3639 0
3640 4058 28
4058 3640 0
3641 4058 28
4058 3641 0
3642 4058 28
4058 3642 0
3643 4058 28
4058 3643 0
3644 4058 28
4058 3644 0
3645 4058 28
4058 3645 0
3646 4058 28
4058 3646 0
3647 4058 28
4058 3647 0
3648 4058 28
4058 3648 0
3649 4058 28
4058 3649 0
3650 4058 28
4058 3650 0
3651 4058 28
4058 3651 0
3652 4058 28
4058 3652 0
3653 4058 28
4058 3653 0
3654 4058 28
4058 3654 0
3655 4058 28
4058 3655 0
3656 4058 28
4058 3656 0
3657 4058 28
4058 3657 0
3658 4058 28
4058 3658 0
3659 4058 28
4058 3659 0
3660 4058 28
4058 3660 0
3661 4058 28
4058 3661 0
3662 4058 28
4058 3662 0
3663 4058 28
4058 3663 0
3664 4058 28
4058 3664 0
3665 4058 28
4058 3665 0
3666 4058 28
4058 3666 0
3667 4058 28
4058 3667 0
3668 4058 28
4058 3668 0
3669 4058 28
4058 3669 0
3670 4058 28
4058 3670 0
3671 4058 28
4058 3671 0
3672 4058 28
4058 3672 0
3673 4058 28
4058 3673 0
3674 4058 28
4058 3674 0
3675 4058 28
4058 3675 0
3676 4058 28
4058 3676 0
3677 4058 28
4058 3677 0
3678 4058 28
4058 3678 0
3679 4058 28
4058 3679 0
3680 4058 28
4058 3680 0
3681 4058 28
4058 3681 0
3682 4058 28
4058 3682 0
3683 4058 28
4058 3683 0
3684 4058 28
4058 3684 0
3685 4058 28
4058 3685 0
3686 4058 28
4058 3686 0
3687 4058 28
4058 3687 0
3688 4058 28
4058 3688 0
3689 4058 28
4058 3689 0
3690 4058 28
4058 3690 0
3691 4058 28
4058 3691 0
3692 4058 28
4058 3692 0
3693 4058 28
4058 3693 0
3694 4058 28
4058 3694 0
3695 4058 28
4058 3695 0
3696 4058 28
4058 3696 0
3697 4058 28
4058 3697 0
3698 4058 28
4058 3698 0
3699 4058 28
4058 3699 0
3700 4058 28
4058 3700 0
3701 4058 28
4058 3701 0
3702 4058 28
4058 3702 0
3703 4058 28
4058 3703 0
3704 4058 28
4058 3704 0
3705 4058 28
4058 3705 0
3706 4058 28
4058 3706 0
3707 4058 28
4058 3707 0
3708 4058 28
4058 3708 0
3709 4058 28
4058 3709 0
3710 4058 28
4058 3710 0
3711 4058 28
4058 3711 0
3712 4058 28
4058 3712 0
3713 4058 28
4058 3713 0
3714 4058 28
4058 3714 0
3715 4058 28
4058 3715 0
3716 4058 28
4058 3716 0
3717 4058 28
4058 3717 0
3718 4058 28
4058 3718 0
3719 4058 28
4058 3719 0
3720 4058 28
4058 3720 0
3721 4058 28
4058 3721 0
3722 4058 28
4058 3722 0
3723 4058 28
4058 3723 0
3724 4058 28
4058 3724 0
3725 4058 28
4058 3725 0
3726 4058 28
4058 3726 0
3727 4058 28
4058 3727 0
3728 4058 28
4058 3728 0
3729 4058 28
4058 3729 0
3730 4058 28
4058 3730 0
3731 4058 28
4058 3731 0
3732 4058 28
4058 3732 0
3733 4058 28
4058 3733 0
3734 4058 28
4058 3734 0
3735 4058 28
4058 3735 0
3736 4058 28
4058 3736 0
3737 4058 28
4058 3737 0
3738 4058 28
4058 3738 0
3739 4058 28
4058 3739 0
3740 4058 28
4058 3740 0
3741 4058 28
4058 3741 0
3742 4058 28
4058 3742 0
3743 4058 28
4058 3743 0
3744 4058 28
4058 3744 0
3745 4058 28
4058 3745 0
3746 4058 28
4058 3746 0
3747 4058 28
4058 3747 0
3748 4058 28
4058 3748 0
3749 4058 28
4058 3749 0
3750 4058 28
4058 3750 0
3751 4058 28
4058 3751 0
3752 4058 28
4058 3752 0
3753 4058 28
4058 3753 0
3754 4058 28
4058 3754 0
3755 4058 28
4058 3755 0
3756 4058 28
4058 3756 0
3757 4058 28
4058 3757 0
3758 4058 28
4058 3758 0
3759 4058 28
4058 3759 0
3760 4058 28
4058 3760 0
3761 4058 28
4058 3761 0
3762 4058 28
4058 3762 0
3763 4058 28
4058 3763 0
3764 4058 28
4058 3764 0
3765 4058 28
4058 3765 0
3766 4058 28
4058 3766 0
3767 4058 28
4058 3767 0
3768 4058 28
4058 3768 0
3769 4058 28
4058 3769 0
3770 4058 28
4058 3770 0
3771 4058 28
4058 3771 0
3772 4058 28
4058 3772 0
3773 4058 28
4058 3773 0
3774 4058 28
4058 3774 0
3775 4058 28
4058 3775 0
3776 4058 28
4058 3776 0
3777 4058 28
4058 3777 0
3778 4058 28
4058 3778 0
3779 4058 28
4058 3779 0
3780 4058 28
4058 3780 0
3781 4058 28
4058 3781 0
3782 4058 28
4058 3782 0
3783 4058 28
4058 3783 0
3784 4058 28
4058 3784 0
3785 4058 28
4058 3785 0
3786 4058 28
4058 3786 0
3787 4058 28
4058 3787 0
3788 4058 28
4058 3788 0
3789 4058 28
4058 3789 0
3790 4058 28
4058 3790 0
3791 4058 28
4058 3791 0
3792 4058 28
4058 3792 0
3793 4058 28
4058 3793 0
3794 4058 28
4058 3794 0
3795 4058 28
4058 3795 0
3796 4058 28
4058 3796 0
3797 4058 28
4058 3797 0
3798 4058 28
4058 3798 0
3799 4058 28
4058 3799 0
3800 4058 28
4058 3800 0
3801 4058 28
4058 3801 0
3802 4058 28
4058 3802 0
3803 4058 28
4058 3803 0
3804 4058 28
4058 3804 0
3805 4058 28
4058 3805 0
3806 4058 28
4058 3806 0
3807 4058 28
4058 3807 0
3808 4058 28
4058 3808 0
3809 4058 28
4058 3809 0
3810 4058 28
4058 3810 0
3811 4058 28
4058 3811 0
3812 4058 28
4058 3812 0
3813 4058 28
4058 3813 0
3814 4058 28
4058 3814 0
3815 4058 28
4058 3815 0
3816 4058 28
4058 3816 0
3817 4058 28
4058 3817 0
3818 4058 28
4058 3818 0
3819 4058 28
4058 3819 0
3820 4058 28
4058 3820 0
3821 4058 28
4058 3821 0
3822 4058 28
4058 3822 0
3823 4058 28
4058 3823 0
3824 4058 28
4058 3824 0
3825 4058 28
4058 3825 0
3826 4058 28
4058 3826 0
3827 4058 28
4058 3827 0
3828 4058 28
4058 3828 0
3829 4058 28
4058 3829 0
3830 4058 28
4058 3830 0
3831 4058 28
4058 3831 0
3832 4058 28
4058 3832 0
3833 4058 28
4058 3833 0
3834 4058 28
4058 3834 0
3835 4058 28
4058 3835 0
3836 4058 28
4058 3836 0
3837 4058 28
4058 3837 0
3838 4058 28
4058 3838 0
3839 4058 28
4058 3839 0
3840 4058 28
4058 3840 0
3841 4058 28
4058 3841 0
3842 4058 28
4058 3842 0
3843 4058 28
4058 3843 0
3844 4058 28
4058 3844 0
3845 4058 28
4058 3845 0
3846 4058 28
4058 3846 0
3847 4058 28
4058 3847 0
3848 4058 28
4058 3848 0
3849 4058 28
4058 3849 0
3850 4058 28
4058 3850 0
3851 4058 28
4058 3851 0
3852 4058 28
4058 3852 0
3853 4058 28
4058 3853 0
3854 4058 28
4058 3854 0
3855 4058 28
4058 3855 0
3856 4058 28
4058 3856 0
3857 4058 28
4058 3857 0
3858 4058 28
4058 3858 0
3859 4058 28
4058 3859 0
3860 4058 28
4058 3860 0
3861 4058 28
4058 3861 0
3862 4058 28
4058 3862 0
3863 4058 28
4058 3863 0
3864 4058 28
4058 3864 0
3865 4058 28
4058 3865 0
3866 4058 28
4058 3866 0
3867 4058 28
4058 3867 0
3868 4058 28
4058 3868 0
3869 4058 28
4058 3869 0
3870 4058 28
4058 3870 0
3871 4058 28
4058 3871 0
3872 4058 28
4058 3872 0
3873 4058 28
4058 3873 0
3874 4058 28
4058 3874 0
3875 4058 28
4058 3875 0
3876 4058 28
4058 3876 0
3877 4058 28
4058 3877 0
3878 4058 28
4058 3878 0
3879 4058 28
4058 3879 0
3880 4058 28
4058 3880 0
3881 4058 28
4058 3881 0
3882 4058 28
4058 3882 0
3883 4058 28
4058 3883 0
3884 4058 28
4058 3884 0
3885 4058 28
4058 3885 0
3886 4058 28
4058 3886 0
3887 4058 28
4058 3887 0
3888 4058 28
4058 3888 0
3889 4058 28
4058 3889 0
3890 4058 28
4058 3890 0
3891 4058 28
4058 3891 0
3892 4058 28
4058 3892 0
3893 4058 28
4058 3893 0
3894 4058 28
4058 3894 0
3895 4058 28
4058 3895 0
3896 4058 28
4058 3896 0
3897 4058 28
4058 3897 0
3898 4058 28
4058 3898 0
3899 4058 28
4058 3899 0
3900 4058 28
4058 3900 0
3901 4058 28
4058 3901 0
3902 4058 28
4058 3902 0
3903 4058 28
4058 3903 0
3904 4058 28
4058 3904 0
3905 4058 28
4058 3905 0
3906 4058 28
4058 3906 0
3907 4058 28
4058 3907 0
3908 4058 28
4058 3908 0
3909 4058 28
4058 3909 0
3910 4058 28
4058 3910 0
3911 4058 28
4058 3911 0
3912 4058 28
4058 3912 0
3913 4058 28
4058 3913 0
3914 4058 28
4058 3914 0
3915 4058 28
4058 3915 0
3916 4058 28
4058 3916 0
3917 4058 28
4058 3917 0
3918 4058 28
4058 3918 0
3919 4058 28
4058 3919 0
3920 4058 28
4058 3920 0
3921 4058 28
4058 3921 0
3922 4058 28
4058 3922 0
3923 4058 28
4058 3923 0
3924 4058 28
4058 3924 0
3925 4058 28
4058 3925 0
3926 4058 28
4058 3926 0
3927 4058 28
4058 3927 0
3928 4058 28
4058 3928 0
3929 4058 28
4058 3929 0
3930 4058 28
4058 3930 0
3931 4058 28
4058 3931 0
3932 4058 28
4058 3932 0
3933 4058 28
4058 3933 0
3934 4058 28
4058 3934 0
3935 4058 28
4058 3935 0
3936 4058 28
4058 3936 0
3937 4058 28
4058 3937 0
3938 4058 28
4058 3938 0
3939 4058 28
4058 3939 0
3940 4058 28
4058 3940 0
3941 4058 28
4058 3941 0
3942 4058 28
4058 3942 0
3943 4058 28
4058 3943 0
3944 4058 28
4058 3944 0
3945 4058 28
4058 3945 0
3946 4058 28
4058 3946 0
3947 4058 28
4058 3947 0
3948 4058 28
4058 3948 0
3949 4058 28
4058 3949 0
3950 4058 28
4058 3950 0
3951 4058 28
4058 3951 0
3952 4058 28
4058 3952 0
3953 4058 28
4058 3953 0
3954 4058 28
4058 3954 0
3955 4058 28
4058 3955 0
3956 4058 28
4058 3956 0
3957 4058 28
4058 3957 0
3958 4058 28
4058 3958 0
3959 4058 28
4058 3959 0
3960 4058 28
4058 3960 0
3961 4058 28
4058 3961 0
3962 4058 28
4058 3962 0
3963 4058 28
4058 3963 0
3964 4058 28
4058 3964 0
3965 4058 28
4058 3965 0
3966 4058 28
4058 3966 0
3967 4058 28
4058 3967 0
3968 4058 28
4058 3968 0
3969 4058 28
4058 3969 0
3970 4058 28
4058 3970 0
3971 4058 28
4058 3971 0
3972 4058 28
4058 3972 0
3973 4058 28
4058 3973 0
3974 4058 28
4058 3974 0
3975 4058 28
4058 3975 0
3976 4058 28
4058 3976 0
3977 4058 28
4058 3977 0
3978 4058 28
4058 3978 0
3979 4058 28
4058 3979 0
3980 4058 28
4058 3980 0
3981 4058 28
4058 3981 0
3982 4058 28
4058 3982 0
3983 4058 28
4058 3983 0
3984 4058 28
4058 3984 0
3985 4058 28
4058 3985 0
3986 4058 28
4058 3986 0
3987 4058 28
4058 3987 0
3988 4058 28
4058 3988 0
3989 4058 28
4058 3989 0
3990 4058 28
4058 3990 0
3991 4058 28
4058 3991 0
3992 4058 28
4058 3992 0
3993 4058 28
4058 3993 0
3994 4058 28
4058 3994 0
3995 4058 28
4058 3995 0
3996 4058 28
4058 3996 0
3997 4058 28
4058 3997 0
3998 4058 28
4058 3998 0
3999 4058 28
4058 3999 0
4000 4058 28
4058 4000 0
4001 4058 28
4058 4001 0
4002 4058 28
4058 4002 0
4003 4058 28
4058 4003 0
4004 4058 28
4058 4004 0
4005 4058 28
4058 4005 0
4006 4058 28
4058 4006 0
4007 4058 28
4058 4007 0
4008 4058 28
4058 4008 0
4009 4058 28
4058 4009 0
4010 4058 28
4058 4010 0
4011 4058 28
4058 4011 0
4012 4058 28
4058 4012 0
4013 4058 28
4058 4013 0
4014 4058 28
4058 4014 0
4015 4058 28
4058 4015 0
4016 4058 28
4058 4016 0
4017 4058 28
4058 4017 0
4018 4058 28
4058 4018 0
4019 4058 28
4058 4019 0
4020 4058 28
4058 4020 0
4021 4058 28
4058 4021 0
4022 4058 28
4058 4022 0
4023 4058 28
4058 4023 0
4024 4058 28
4058 4024 0
4025 4058 28
4058 4025 0
4026 4058 28
4058 4026 0
4027 4058 28
4058 4027 0
4028 4058 28
4058 4028 0
4029 4058 28
4058 4029 0
4030 4058 28
4058 4030 0
4031 4058 28
4058 4031 0
4032 4058 28
4058 4032 0
4033 4058 28
4058 4033 0
4034 4058 28
4058 4034 0
4035 4058 28
4058 4035 0
4036 4058 28
4058 4036 0
4037 4058 28
4058 4037 0
4038 4058 28
4058 4038 0
4039 4058 28
4058 4039 0
4040 4058 28
4058 4040 0
4041 4058 28
4058 4041 0
4042 4058 28
4058 4042 0
4043 4058 28
4058 4043 0
4044 4058 28
4058 4044 0
4045 4058 28
4058 4045 0
4046 4058 28
4058 4046 0
4047 4058 28
4058 4047 0
4048 4058 28
4058 4048 0
4049 4058 28
4058 4049 0
4050 4058 28
4058 4050 0
4051 4058 28
4058 4051 0
4052 4058 28
4058 4052 0
4053 4058 28
4058 4053 0
4054 4058 28
4058 4054 0
4055 4058 28
4058 4055 0
4056 4058 28
4058 4056 0
4057 4058 28
4058 4057 0
