1865 1864 1381 3728
1 1865 1
1865 1 0
2 1865 1
1865 2 0
3 1865 1
1865 3 0
4 1865 1
1865 4 0
5 1865 1
1865 5 0
6 1865 1
1865 6 0
7 1865 1
1865 7 0
8 1865 1
1865 8 0
9 1865 1
1865 9 0
10 1865 1
1865 10 0
11 1865 1
1865 11 0
12 1865 1
1865 12 0
13 1865 1
1865 13 0
14 1865 1
1865 14 0
15 1865 1
1865 15 0
16 1865 1
1865 16 0
17 1865 1
1865 17 0
18 1865 1
1865 18 0
19 1865 1
1865 19 0
20 1865 1
1865 20 0
21 1865 1
1865 21 0
22 1865 1
1865 22 0
23 1865 1
1865 23 0
24 1865 1
1865 24 0
25 1865 1
1865 25 0
26 1865 1
1865 26 0
27 1865 1
1865 27 0
28 1865 1
1865 28 0
29 1865 1
1865 29 0
30 1865 1
1865 30 0
31 1865 1
1865 31 0
32 1865 1
1865 32 0
33 1865 1
1865 33 0
34 1865 1
1865 34 0
35 1865 1
1865 35 0
36 1865 1
1865 36 0
37 1865 1
1865 37 0
38 1865 1
1865 38 0
39 1865 1
1865 39 0
40 1865 1
1865 40 0
41 1865 1
1865 41 0
42 1865 1
1865 42 0
43 1865 1
1865 43 0
44 1865 1
1865 44 0
45 1865 1
1865 45 0
46 1865 1
1865 46 0
47 1865 1
1865 47 0
48 1865 1
1865 48 0
49 1865 1
1865 49 0
50 1865 1
1865 50 0
51 1865 1
1865 51 0
52 1865 1
1865 52 0
53 1865 1
1865 53 0
54 1865 1
1865 54 0
55 1865 1
1865 55 0
56 1865 1
1865 56 0
57 1865 1
1865 57 0
58 1865 1
1865 58 0
59 1865 1
1865 59 0
60 1865 1
1865 60 0
61 1865 1
1865 61 0
62 1865 1
1865 62 0
63 1865 1
1865 63 0
64 1865 1
1865 64 0
65 1865 1
1865 65 0
66 1865 1
1865 66 0
67 1865 1
1865 67 0
68 1865 1
1865 68 0
69 1865 1
1865 69 0
70 1865 1
1865 70 0
71 1865 1
1865 71 0
72 1865 1
1865 72 0
73 1865 1
1865 73 0
74 1865 1
1865 74 0
75 1865 1
1865 75 0
76 1865 1
1865 76 0
77 1865 1
1865 77 0
78 1865 1
1865 78 0
79 1865 1
1865 79 0
80 1865 1
1865 80 0
81 1865 1
1865 81 0
82 1865 1
1865 82 0
83 1865 1
1865 83 0
84 1865 1
1865 84 0
85 1865 1
1865 85 0
86 1865 1
1865 86 0
87 1865 1
1865 87 0
88 1865 1
1865 88 0
89 1865 1
1865 89 0
90 1865 1
1865 90 0
91 1865 1
1865 91 0
92 1865 1
1865 92 0
93 1865 1
1865 93 0
94 1865 1
1865 94 0
95 1865 1
1865 95 0
96 1865 1
1865 96 0
97 1865 1
1865 97 0
98 1865 1
1865 98 0
99 1865 1
1865 99 0
100 1865 1
1865 100 0
101 1865 1
1865 101 0
102 1865 1
1865 102 0
103 1865 1
1865 103 0
104 1865 1
1865 104 0
105 1865 1
1865 105 0
106 1865 1
1865 106 0
107 1865 1
1865 107 0
108 1865 1
1865 108 0
109 1865 1
1865 109 0
110 1865 1
1865 110 0
111 1865 1
1865 111 0
112 1865 1
1865 112 0
113 1865 1
1865 113 0
114 1865 1
1865 114 0
115 1865 1
1865 115 0
116 1865 1
1865 116 0
117 1865 1
1865 117 0
118 1865 1
1865 118 0
119 1865 1
1865 119 0
120 1865 1
1865 120 0
121 1865 1
1865 121 0
122 1865 1
1865 122 0
123 1865 1
1865 123 0
124 1865 1
1865 124 0
125 1865 1
1865 125 0
126 1865 1
1865 126 0
127 1865 1
1865 127 0
128 1865 1
1865 128 0
129 1865 1
1865 129 0
130 1865 1
1865 130 0
131 1865 1
1865 131 0
132 1865 1
1865 132 0
133 1865 1
1865 133 0
134 1865 1
1865 134 0
135 1865 1
1865 135 0
136 1865 1
1865 136 0
137 1865 1
1865 137 0
138 1865 1
1865 138 0
139 1865 1
1865 139 0
140 1865 1
1865 140 0
141 1865 1
1865 141 0
142 1865 1
1865 142 0
143 1865 1
1865 143 0
144 1865 1
1865 144 0
145 1865 1
1865 145 0
146 1865 1
1865 146 0
147 1865 1
1865 147 0
148 1865 1
1865 148 0
149 1865 1
1865 149 0
150 1865 1
1865 150 0
151 1865 1
1865 151 0
152 1865 1
1865 152 0
153 1865 1
1865 153 0
154 1865 1
1865 154 0
155 1865 1
1865 155 0
156 1865 1
1865 156 0
157 1865 1
1865 157 0
158 1865 1
1865 158 0
159 1865 1
1865 159 0
160 1865 1
1865 160 0
161 1865 1
1865 161 0
162 1865 1
1865 162 0
163 1865 1
1865 163 0
164 1865 1
1865 164 0
165 1865 1
1865 165 0
166 1865 1
1865 166 0
167 1865 1
1865 167 0
168 1865 1
1865 168 0
169 1865 1
1865 169 0
170 1865 1
1865 170 0
171 1865 1
1865 171 0
172 1865 1
1865 172 0
173 1865 1
1865 173 0
174 1865 1
1865 174 0
175 1865 1
1865 175 0
176 1865 1
1865 176 0
177 1865 1
1865 177 0
178 1865 1
1865 178 0
179 1865 1
1865 179 0
180 1865 1
1865 180 0
181 1865 1
1865 181 0
182 1865 1
1865 182 0
183 1865 1
1865 183 0
184 1865 1
1865 184 0
185 1865 1
1865 185 0
186 1865 1
1865 186 0
187 1865 1
1865 187 0
188 1865 1
1865 188 0
189 1865 1
1865 189 0
190 1865 1
1865 190 0
191 1865 1
1865 191 0
192 1865 1
1865 192 0
193 1865 1
1865 193 0
194 1865 1
1865 194 0
195 1865 1
1865 195 0
196 1865 1
1865 196 0
197 1865 1
1865 197 0
198 1865 1
1865 198 0
199 1865 1
1865 199 0
200 1865 1
1865 200 0
201 1865 1
1865 201 0
202 1865 1
1865 202 0
203 1865 1
1865 203 0
204 1865 1
1865 204 0
205 1865 1
1865 205 0
206 1865 1
1865 206 0
207 1865 1
1865 207 0
208 1865 1
1865 208 0
209 1865 1
1865 209 0
210 1865 1
1865 210 0
211 1865 1
1865 211 0
212 1865 1
1865 212 0
213 1865 1
1865 213 0
214 1865 1
1865 214 0
215 1865 1
1865 215 0
216 1865 1
1865 216 0
217 1865 1
1865 217 0
218 1865 1
1865 218 0
219 1865 1
1865 219 0
220 1865 1
1865 220 0
221 1865 1
1865 221 0
222 1865 1
1865 222 0
223 1865 1
1865 223 0
224 1865 1
1865 224 0
225 1865 1
1865 225 0
226 1865 1
1865 226 0
227 1865 1
1865 227 0
228 1865 1
1865 228 0
229 1865 1
1865 229 0
230 1865 1
1865 230 0
231 1865 1
1865 231 0
232 1865 1
1865 232 0
233 1865 1
1865 233 0
234 1865 1
1865 234 0
235 1865 1
1865 235 0
236 1865 1
1865 236 0
237 1865 1
1865 237 0
238 1865 1
1865 238 0
239 1865 1
1865 239 0
240 1865 1
1865 240 0
241 1865 1
1865 241 0
242 1865 1
1865 242 0
243 1865 1
1865 243 0
244 1865 1
1865 244 0
245 1865 1
1865 245 0
246 1865 1
1865 246 0
247 1865 1
1865 247 0
248 1865 1
1865 248 0
249 1865 1
1865 249 0
250 1865 1
1865 250 0
251 1865 1
1865 251 0
252 1865 1
1865 252 0
253 1865 1
1865 253 0
254 1865 1
1865 254 0
255 1865 1
1865 255 0
256 1865 1
1865 256 0
257 1865 1
1865 257 0
258 1865 1
1865 258 0
259 1865 1
1865 259 0
260 1865 1
1865 260 0
261 1865 1
1865 261 0
262 1865 1
1865 262 0
263 1865 1
1865 263 0
264 1865 1
1865 264 0
265 1865 1
1865 265 0
266 1865 1
1865 266 0
267 1865 1
1865 267 0
268 1865 1
1865 268 0
269 1865 1
1865 269 0
270 1865 1
1865 270 0
271 1865 1
1865 271 0
272 1865 1
1865 272 0
273 1865 1
1865 273 0
274 1865 1
1865 274 0
275 1865 1
1865 275 0
276 1865 1
1865 276 0
277 1865 1
1865 277 0
278 1865 1
1865 278 0
279 1865 1
1865 279 0
280 1865 1
1865 280 0
281 1865 1
1865 281 0
282 1865 1
1865 282 0
283 1865 1
1865 283 0
284 1865 1
1865 284 0
285 1865 1
1865 285 0
286 1865 1
1865 286 0
287 1865 1
1865 287 0
288 1865 1
1865 288 0
289 1865 1
1865 289 0
290 1865 1
1865 290 0
291 1865 1
1865 291 0
292 1865 1
1865 292 0
293 1865 1
1865 293 0
294 1865 1
1865 294 0
295 1865 1
1865 295 0
296 1865 1
1865 296 0
297 1865 1
1865 297 0
298 1865 1
1865 298 0
299 1865 1
1865 299 0
300 1865 1
1865 300 0
301 1865 1
1865 301 0
302 1865 1
1865 302 0
303 1865 1
1865 303 0
304 1865 1
1865 304 0
305 1865 1
1865 305 0
306 1865 1
1865 306 0
307 1865 1
1865 307 0
308 1865 1
1865 308 0
309 1865 1
1865 309 0
310 1865 1
1865 310 0
311 1865 1
1865 311 0
312 1865 1
1865 312 0
313 1865 1
1865 313 0
314 1865 1
1865 314 0
315 1865 1
1865 315 0
316 1865 1
1865 316 0
317 1865 1
1865 317 0
318 1865 1
1865 318 0
319 1865 1
1865 319 0
320 1865 1
1865 320 0
321 1865 1
1865 321 0
322 1865 1
1865 322 0
323 1865 1
1865 323 0
324 1865 1
1865 324 0
325 1865 1
1865 325 0
326 1865 1
1865 326 0
327 1865 1
1865 327 0
328 1865 1
1865 328 0
329 1865 1
1865 329 0
330 1865 1
1865 330 0
331 1865 1
1865 331 0
332 1865 1
1865 332 0
333 1865 1
1865 333 0
334 1865 1
1865 334 0
335 1865 1
1865 335 0
336 1865 1
1865 336 0
337 1865 1
1865 337 0
338 1865 1
1865 338 0
339 1865 1
1865 339 0
340 1865 1
1865 340 0
341 1865 1
1865 341 0
342 1865 1
1865 342 0
343 1865 1
1865 343 0
344 1865 1
1865 344 0
345 1865 1
1865 345 0
346 1865 1
1865 346 0
347 1865 1
1865 347 0
348 1865 1
1865 348 0
349 1865 1
1865 349 0
350 1865 1
1865 350 0
351 1865 1
1865 351 0
352 1865 1
1865 352 0
353 1865 1
1865 353 0
354 1865 1
1865 354 0
355 1865 1
1865 355 0
356 1865 1
1865 356 0
357 1865 1
1865 357 0
358 1865 1
1865 358 0
359 1865 1
1865 359 0
360 1865 1
1865 360 0
361 1865 1
1865 361 0
362 1865 1
1865 362 0
363 1865 1
1865 363 0
364 1865 1
1865 364 0
365 1865 1
1865 365 0
366 1865 1
1865 366 0
367 1865 1
1865 367 0
368 1865 1
1865 368 0
369 1865 1
1865 369 0
370 1865 1
1865 370 0
371 1865 1
1865 371 0
372 1865 1
1865 372 0
373 1865 1
1865 373 0
374 1865 1
1865 374 0
375 1865 1
1865 375 0
376 1865 1
1865 376 0
377 1865 1
1865 377 0
378 1865 1
1865 378 0
379 1865 1
1865 379 0
380 1865 1
1865 380 0
381 1865 1
1865 381 0
382 1865 1
1865 382 0
383 1865 1
1865 383 0
384 1865 1
1865 384 0
385 1865 1
1865 385 0
386 1865 1
1865 386 0
387 1865 1
1865 387 0
388 1865 1
1865 388 0
389 1865 1
1865 389 0
390 1865 1
1865 390 0
391 1865 1
1865 391 0
392 1865 1
1865 392 0
393 1865 1
1865 393 0
394 1865 1
1865 394 0
395 1865 1
1865 395 0
396 1865 1
1865 396 0
397 1865 1
1865 397 0
398 1865 1
1865 398 0
399 1865 1
1865 399 0
400 1865 1
1865 400 0
401 1865 1
1865 401 0
402 1865 1
1865 402 0
403 1865 1
1865 403 0
404 1865 1
1865 404 0
405 1865 1
1865 405 0
406 1865 1
1865 406 0
407 1865 1
1865 407 0
408 1865 1
1865 408 0
409 1865 1
1865 409 0
410 1865 1
1865 410 0
411 1865 1
1865 411 0
412 1865 1
1865 412 0
413 1865 1
1865 413 0
414 1865 1
1865 414 0
415 1865 1
1865 415 0
416 1865 1
1865 416 0
417 1865 1
1865 417 0
418 1865 1
1865 418 0
419 1865 1
1865 419 0
420 1865 1
1865 420 0
421 1865 1
1865 421 0
422 1865 1
1865 422 0
423 1865 1
1865 423 0
424 1865 1
1865 424 0
425 1865 1
1865 425 0
426 1865 1
1865 426 0
427 1865 1
1865 427 0
428 1865 1
1865 428 0
429 1865 1
1865 429 0
430 1865 1
1865 430 0
431 1865 1
1865 431 0
432 1865 1
1865 432 0
433 1865 1
1865 433 0
434 1865 1
1865 434 0
435 1865 1
1865 435 0
436 1865 1
1865 436 0
437 1865 1
1865 437 0
438 1865 1
1865 438 0
439 1865 1
1865 439 0
440 1865 1
1865 440 0
441 1865 1
1865 441 0
442 1865 1
1865 442 0
443 1865 1
1865 443 0
444 1865 1
1865 444 0
445 1865 1
1865 445 0
446 1865 1
1865 446 0
447 1865 1
1865 447 0
448 1865 1
1865 448 0
449 1865 1
1865 449 0
450 1865 1
1865 450 0
451 1865 1
1865 451 0
452 1865 1
1865 452 0
453 1865 1
1865 453 0
454 1865 1
1865 454 0
455 1865 1
1865 455 0
456 1865 1
1865 456 0
457 1865 1
1865 457 0
458 1865 1
1865 458 0
459 1865 1
1865 459 0
460 1865 1
1865 460 0
461 1865 1
1865 461 0
462 1865 1
1865 462 0
463 1865 1
1865 463 0
464 1865 1
1865 464 0
465 1865 1
1865 465 0
466 1865 1
1865 466 0
467 1865 1
1865 467 0
468 1865 1
1865 468 0
469 1865 1
1865 469 0
470 1865 1
1865 470 0
471 1865 1
1865 471 0
472 1865 1
1865 472 0
473 1865 1
1865 473 0
474 1865 1
1865 474 0
475 1865 1
1865 475 0
476 1865 1
1865 476 0
477 1865 1
1865 477 0
478 1865 1
1865 478 0
479 1865 1
1865 479 0
480 1865 1
1865 480 0
481 1865 1
1865 481 0
482 1865 1
1865 482 0
483 1865 1
1865 483 0
484 1865 1
1865 484 0
485 1865 1
1865 485 0
486 1865 1
1865 486 0
487 1865 1
1865 487 0
488 1865 1
1865 488 0
489 1865 1
1865 489 0
490 1865 1
1865 490 0
491 1865 1
1865 491 0
492 1865 1
1865 492 0
493 1865 1
1865 493 0
494 1865 1
1865 494 0
495 1865 1
1865 495 0
496 1865 1
1865 496 0
497 1865 1
1865 497 0
498 1865 1
1865 498 0
499 1865 1
1865 499 0
500 1865 1
1865 500 0
501 1865 1
1865 501 0
502 1865 1
1865 502 0
503 1865 1
1865 503 0
504 1865 1
1865 504 0
505 1865 1
1865 505 0
506 1865 1
1865 506 0
507 1865 1
1865 507 0
508 1865 1
1865 508 0
509 1865 1
1865 509 0
510 1865 1
1865 510 0
511 1865 1
1865 511 0
512 1865 1
1865 512 0
513 1865 1
1865 513 0
514 1865 1
1865 514 0
515 1865 1
1865 515 0
516 1865 1
1865 516 0
517 1865 1
1865 517 0
518 1865 1
1865 518 0
519 1865 1
1865 519 0
520 1865 1
1865 520 0
521 1865 1
1865 521 0
522 1865 1
1865 522 0
523 1865 1
1865 523 0
524 1865 1
1865 524 0
525 1865 1
1865 525 0
526 1865 1
1865 526 0
527 1865 1
1865 527 0
528 1865 1
1865 528 0
529 1865 1
1865 529 0
530 1865 1
1865 530 0
531 1865 1
1865 531 0
532 1865 1
1865 532 0
533 1865 1
1865 533 0
534 1865 1
1865 534 0
535 1865 1
1865 535 0
536 1865 1
1865 536 0
537 1865 1
1865 537 0
538 1865 1
1865 538 0
539 1865 1
1865 539 0
540 1865 1
1865 540 0
541 1865 1
1865 541 0
542 1865 1
1865 542 0
543 1865 1
1865 543 0
544 1865 1
1865 544 0
545 1865 1
1865 545 0
546 1865 1
1865 546 0
547 1865 1
1865 547 0
548 1865 1
1865 548 0
549 1865 1
1865 549 0
550 1865 1
1865 550 0
551 1865 1
1865 551 0
552 1865 1
1865 552 0
553 1865 1
1865 553 0
554 1865 1
1865 554 0
555 1865 1
1865 555 0
556 1865 1
1865 556 0
557 1865 1
1865 557 0
558 1865 1
1865 558 0
559 1865 1
1865 559 0
560 1865 1
1865 560 0
561 1865 1
1865 561 0
562 1865 1
1865 562 0
563 1865 1
1865 563 0
564 1865 1
1865 564 0
565 1865 1
1865 565 0
566 1865 1
1865 566 0
567 1865 1
1865 567 0
568 1865 1
1865 568 0
569 1865 1
1865 569 0
570 1865 1
1865 570 0
571 1865 1
1865 571 0
572 1865 1
1865 572 0
573 1865 1
1865 573 0
574 1865 1
1865 574 0
575 1865 1
1865 575 0
576 1865 1
1865 576 0
577 1865 1
1865 577 0
578 1865 1
1865 578 0
579 1865 1
1865 579 0
580 1865 1
1865 580 0
581 1865 1
1865 581 0
582 1865 1
1865 582 0
583 1865 1
1865 583 0
584 1865 1
1865 584 0
585 1865 1
1865 585 0
586 1865 1
1865 586 0
587 1865 1
1865 587 0
588 1865 1
1865 588 0
589 1865 1
1865 589 0
590 1865 1
1865 590 0
591 1865 1
1865 591 0
592 1865 1
1865 592 0
593 1865 1
1865 593 0
594 1865 1
1865 594 0
595 1865 1
1865 595 0
596 1865 1
1865 596 0
597 1865 1
1865 597 0
598 1865 1
1865 598 0
599 1865 1
1865 599 0
600 1865 1
1865 600 0
601 1865 1
1865 601 0
602 1865 1
1865 602 0
603 1865 1
1865 603 0
604 1865 1
1865 604 0
605 1865 1
1865 605 0
606 1865 1
1865 606 0
607 1865 1
1865 607 0
608 1865 1
1865 608 0
609 1865 1
1865 609 0
610 1865 1
1865 610 0
611 1865 1
1865 611 0
612 1865 1
1865 612 0
613 1865 1
1865 613 0
614 1865 1
1865 614 0
615 1865 1
1865 615 0
616 1865 1
1865 616 0
617 1865 1
1865 617 0
618 1865 1
1865 618 0
619 1865 1
1865 619 0
620 1865 1
1865 620 0
621 1865 1
1865 621 0
622 1865 1
1865 622 0
623 1865 1
1865 623 0
624 1865 1
1865 624 0
625 1865 1
1865 625 0
626 1865 1
1865 626 0
627 1865 1
1865 627 0
628 1865 1
1865 628 0
629 1865 1
1865 629 0
630 1865 1
1865 630 0
631 1865 1
1865 631 0
632 1865 1
1865 632 0
633 1865 1
1865 633 0
634 1865 1
1865 634 0
635 1865 1
1865 635 0
636 1865 1
1865 636 0
637 1865 1
1865 637 0
638 1865 1
1865 638 0
639 1865 1
1865 639 0
640 1865 1
1865 640 0
641 1865 1
1865 641 0
642 1865 1
1865 642 0
643 1865 1
1865 643 0
644 1865 1
1865 644 0
645 1865 1
1865 645 0
646 1865 1
1865 646 0
647 1865 1
1865 647 0
648 1865 1
1865 648 0
649 1865 1
1865 649 0
650 1865 1
1865 650 0
651 1865 1
1865 651 0
652 1865 1
1865 652 0
653 1865 1
1865 653 0
654 1865 1
1865 654 0
655 1865 1
1865 655 0
656 1865 1
1865 656 0
657 1865 1
1865 657 0
658 1865 1
1865 658 0
659 1865 1
1865 659 0
660 1865 1
1865 660 0
661 1865 1
1865 661 0
662 1865 1
1865 662 0
663 1865 1
1865 663 0
664 1865 1
1865 664 0
665 1865 1
1865 665 0
666 1865 1
1865 666 0
667 1865 1
1865 667 0
668 1865 1
1865 668 0
669 1865 1
1865 669 0
670 1865 1
1865 670 0
671 1865 1
1865 671 0
672 1865 1
1865 672 0
673 1865 1
1865 673 0
674 1865 1
1865 674 0
675 1865 1
1865 675 0
676 1865 1
1865 676 0
677 1865 1
1865 677 0
678 1865 1
1865 678 0
679 1865 1
1865 679 0
680 1865 1
1865 680 0
681 1865 1
1865 681 0
682 1865 1
1865 682 0
683 1865 1
1865 683 0
684 1865 1
1865 684 0
685 1865 1
1865 685 0
686 1865 1
1865 686 0
687 1865 1
1865 687 0
688 1865 1
1865 688 0
689 1865 1
1865 689 0
690 1865 1
1865 690 0
691 1865 1
1865 691 0
692 1865 1
1865 692 0
693 1865 1
1865 693 0
694 1865 1
1865 694 0
695 1865 1
1865 695 0
696 1865 1
1865 696 0
697 1865 1
1865 697 0
698 1865 1
1865 698 0
699 1865 1
1865 699 0
700 1865 1
1865 700 0
701 1865 1
1865 701 0
702 1865 1
1865 702 0
703 1865 1
1865 703 0
704 1865 1
1865 704 0
705 1865 1
1865 705 0
706 1865 1
1865 706 0
707 1865 1
1865 707 0
708 1865 1
1865 708 0
709 1865 1
1865 709 0
710 1865 1
1865 710 0
711 1865 1
1865 711 0
712 1865 1
1865 712 0
713 1865 1
1865 713 0
714 1865 1
1865 714 0
715 1865 1
1865 715 0
716 1865 1
1865 716 0
717 1865 1
1865 717 0
718 1865 1
1865 718 0
719 1865 1
1865 719 0
720 1865 1
1865 720 0
721 1865 1
1865 721 0
722 1865 1
1865 722 0
723 1865 1
1865 723 0
724 1865 1
1865 724 0
725 1865 1
1865 725 0
726 1865 1
1865 726 0
727 1865 1
1865 727 0
728 1865 1
1865 728 0
729 1865 1
1865 729 0
730 1865 1
1865 730 0
731 1865 1
1865 731 0
732 1865 1
1865 732 0
733 1865 1
1865 733 0
734 1865 1
1865 734 0
735 1865 1
1865 735 0
736 1865 1
1865 736 0
737 1865 1
1865 737 0
738 1865 1
1865 738 0
739 1865 1
1865 739 0
740 1865 1
1865 740 0
741 1865 1
1865 741 0
742 1865 1
1865 742 0
743 1865 1
1865 743 0
744 1865 1
1865 744 0
745 1865 1
1865 745 0
746 1865 1
1865 746 0
747 1865 1
1865 747 0
748 1865 1
1865 748 0
749 1865 1
1865 749 0
750 1865 1
1865 750 0
751 1865 1
1865 751 0
752 1865 1
1865 752 0
753 1865 1
1865 753 0
754 1865 1
1865 754 0
755 1865 1
1865 755 0
756 1865 1
1865 756 0
757 1865 1
1865 757 0
758 1865 1
1865 758 0
759 1865 1
1865 759 0
760 1865 1
1865 760 0
761 1865 1
1865 761 0
762 1865 1
1865 762 0
763 1865 1
1865 763 0
764 1865 1
1865 764 0
765 1865 1
1865 765 0
766 1865 1
1865 766 0
767 1865 1
1865 767 0
768 1865 1
1865 768 0
769 1865 1
1865 769 0
770 1865 1
1865 770 0
771 1865 1
1865 771 0
772 1865 1
1865 772 0
773 1865 1
1865 773 0
774 1865 1
1865 774 0
775 1865 1
1865 775 0
776 1865 1
1865 776 0
777 1865 1
1865 777 0
778 1865 1
1865 778 0
779 1865 1
1865 779 0
780 1865 1
1865 780 0
781 1865 1
1865 781 0
782 1865 1
1865 782 0
783 1865 1
1865 783 0
784 1865 1
1865 784 0
785 1865 1
1865 785 0
786 1865 1
1865 786 0
787 1865 1
1865 787 0
788 1865 1
1865 788 0
789 1865 1
1865 789 0
790 1865 1
1865 790 0
791 1865 1
1865 791 0
792 1865 1
1865 792 0
793 1865 1
1865 793 0
794 1865 1
1865 794 0
795 1865 1
1865 795 0
796 1865 1
1865 796 0
797 1865 1
1865 797 0
798 1865 1
1865 798 0
799 1865 1
1865 799 0
800 1865 1
1865 800 0
801 1865 1
1865 801 0
802 1865 1
1865 802 0
803 1865 1
1865 803 0
804 1865 1
1865 804 0
805 1865 1
1865 805 0
806 1865 1
1865 806 0
807 1865 1
1865 807 0
808 1865 1
1865 808 0
809 1865 1
1865 809 0
810 1865 1
1865 810 0
811 1865 1
1865 811 0
812 1865 1
1865 812 0
813 1865 1
1865 813 0
814 1865 1
1865 814 0
815 1865 1
1865 815 0
816 1865 1
1865 816 0
817 1865 1
1865 817 0
818 1865 1
1865 818 0
819 1865 1
1865 819 0
820 1865 1
1865 820 0
821 1865 1
1865 821 0
822 1865 1
1865 822 0
823 1865 1
1865 823 0
824 1865 1
1865 824 0
825 1865 1
1865 825 0
826 1865 1
1865 826 0
827 1865 1
1865 827 0
828 1865 1
1865 828 0
829 1865 1
1865 829 0
830 1865 1
1865 830 0
831 1865 1
1865 831 0
832 1865 1
1865 832 0
833 1865 1
1865 833 0
834 1865 1
1865 834 0
835 1865 1
1865 835 0
836 1865 1
1865 836 0
837 1865 1
1865 837 0
838 1865 1
1865 838 0
839 1865 1
1865 839 0
840 1865 1
1865 840 0
841 1865 1
1865 841 0
842 1865 1
1865 842 0
843 1865 1
1865 843 0
844 1865 1
1865 844 0
845 1865 1
1865 845 0
846 1865 1
1865 846 0
847 1865 1
1865 847 0
848 1865 1
1865 848 0
849 1865 1
1865 849 0
850 1865 1
1865 850 0
851 1865 1
1865 851 0
852 1865 1
1865 852 0
853 1865 1
1865 853 0
854 1865 1
1865 854 0
855 1865 1
1865 855 0
856 1865 1
1865 856 0
857 1865 1
1865 857 0
858 1865 1
1865 858 0
859 1865 1
1865 859 0
860 1865 1
1865 860 0
861 1865 1
1865 861 0
862 1865 1
1865 862 0
863 1865 1
1865 863 0
864 1865 1
1865 864 0
865 1865 1
1865 865 0
866 1865 1
1865 866 0
867 1865 1
1865 867 0
868 1865 1
1865 868 0
869 1865 1
1865 869 0
870 1865 1
1865 870 0
871 1865 1
1865 871 0
872 1865 1
1865 872 0
873 1865 1
1865 873 0
874 1865 1
1865 874 0
875 1865 1
1865 875 0
876 1865 1
1865 876 0
877 1865 1
1865 877 0
878 1865 1
1865 878 0
879 1865 1
1865 879 0
880 1865 1
1865 880 0
881 1865 1
1865 881 0
882 1865 1
1865 882 0
883 1865 1
1865 883 0
884 1865 1
1865 884 0
885 1865 1
1865 885 0
886 1865 1
1865 886 0
887 1865 1
1865 887 0
888 1865 1
1865 888 0
889 1865 1
1865 889 0
890 1865 1
1865 890 0
891 1865 1
1865 891 0
892 1865 1
1865 892 0
893 1865 1
1865 893 0
894 1865 1
1865 894 0
895 1865 1
1865 895 0
896 1865 1
1865 896 0
897 1865 1
1865 897 0
898 1865 1
1865 898 0
899 1865 1
1865 899 0
900 1865 1
1865 900 0
901 1865 1
1865 901 0
902 1865 1
1865 902 0
903 1865 1
1865 903 0
904 1865 1
1865 904 0
905 1865 1
1865 905 0
906 1865 1
1865 906 0
907 1865 1
1865 907 0
908 1865 1
1865 908 0
909 1865 1
1865 909 0
910 1865 1
1865 910 0
911 1865 1
1865 911 0
912 1865 1
1865 912 0
913 1865 1
1865 913 0
914 1865 1
1865 914 0
915 1865 1
1865 915 0
916 1865 1
1865 916 0
917 1865 1
1865 917 0
918 1865 1
1865 918 0
919 1865 1
1865 919 0
920 1865 1
1865 920 0
921 1865 1
1865 921 0
922 1865 1
1865 922 0
923 1865 1
1865 923 0
924 1865 1
1865 924 0
925 1865 1
1865 925 0
926 1865 1
1865 926 0
927 1865 1
1865 927 0
928 1865 1
1865 928 0
929 1865 1
1865 929 0
930 1865 1
1865 930 0
931 1865 1
1865 931 0
932 1865 1
1865 932 0
933 1865 1
1865 933 0
934 1865 1
1865 934 0
935 1865 1
1865 935 0
936 1865 1
1865 936 0
937 1865 1
1865 937 0
938 1865 1
1865 938 0
939 1865 1
1865 939 0
940 1865 1
1865 940 0
941 1865 1
1865 941 0
942 1865 1
1865 942 0
943 1865 1
1865 943 0
944 1865 1
1865 944 0
945 1865 1
1865 945 0
946 1865 1
1865 946 0
947 1865 1
1865 947 0
948 1865 1
1865 948 0
949 1865 1
1865 949 0
950 1865 1
1865 950 0
951 1865 1
1865 951 0
952 1865 1
1865 952 0
953 1865 1
1865 953 0
954 1865 1
1865 954 0
955 1865 1
1865 955 0
956 1865 1
1865 956 0
957 1865 1
1865 957 0
958 1865 1
1865 958 0
959 1865 1
1865 959 0
960 1865 1
1865 960 0
961 1865 1
1865 961 0
962 1865 1
1865 962 0
963 1865 1
1865 963 0
964 1865 1
1865 964 0
965 1865 1
1865 965 0
966 1865 1
1865 966 0
967 1865 1
1865 967 0
968 1865 1
1865 968 0
969 1865 1
1865 969 0
970 1865 1
1865 970 0
971 1865 1
1865 971 0
972 1865 1
1865 972 0
973 1865 1
1865 973 0
974 1865 1
1865 974 0
975 1865 1
1865 975 0
976 1865 1
1865 976 0
977 1865 1
1865 977 0
978 1865 1
1865 978 0
979 1865 1
1865 979 0
980 1865 1
1865 980 0
981 1865 1
1865 981 0
982 1865 1
1865 982 0
983 1865 1
1865 983 0
984 1865 1
1865 984 0
985 1865 1
1865 985 0
986 1865 1
1865 986 0
987 1865 1
1865 987 0
988 1865 1
1865 988 0
989 1865 1
1865 989 0
990 1865 1
1865 990 0
991 1865 1
1865 991 0
992 1865 1
1865 992 0
993 1865 1
1865 993 0
994 1865 1
1865 994 0
995 1865 1
1865 995 0
996 1865 1
1865 996 0
997 1865 1
1865 997 0
998 1865 1
1865 998 0
999 1865 1
1865 999 0
1000 1865 1
1865 1000 0
1001 1865 1
1865 1001 0
1002 1865 1
1865 1002 0
1003 1865 1
1865 1003 0
1004 1865 1
1865 1004 0
1005 1865 1
1865 1005 0
1006 1865 1
1865 1006 0
1007 1865 1
1865 1007 0
1008 1865 1
1865 1008 0
1009 1865 1
1865 1009 0
1010 1865 1
1865 1010 0
1011 1865 1
1865 1011 0
1012 1865 1
1865 1012 0
1013 1865 1
1865 1013 0
1014 1865 1
1865 1014 0
1015 1865 1
1865 1015 0
1016 1865 1
1865 1016 0
1017 1865 1
1865 1017 0
1018 1865 1
1865 1018 0
1019 1865 1
1865 1019 0
1020 1865 1
1865 1020 0
1021 1865 1
1865 1021 0
1022 1865 1
1865 1022 0
1023 1865 1
1865 1023 0
1024 1865 1
1865 1024 0
1025 1865 1
1865 1025 0
1026 1865 1
1865 1026 0
1027 1865 1
1865 1027 0
1028 1865 1
1865 1028 0
1029 1865 1
1865 1029 0
1030 1865 1
1865 1030 0
1031 1865 1
1865 1031 0
1032 1865 1
1865 1032 0
1033 1865 1
1865 1033 0
1034 1865 1
1865 1034 0
1035 1865 1
1865 1035 0
1036 1865 1
1865 1036 0
1037 1865 1
1865 1037 0
1038 1865 1
1865 1038 0
1039 1865 1
1865 1039 0
1040 1865 1
1865 1040 0
1041 1865 1
1865 1041 0
1042 1865 1
1865 1042 0
1043 1865 1
1865 1043 0
1044 1865 1
1865 1044 0
1045 1865 1
1865 1045 0
1046 1865 1
1865 1046 0
1047 1865 1
1865 1047 0
1048 1865 1
1865 1048 0
1049 1865 1
1865 1049 0
1050 1865 1
1865 1050 0
1051 1865 1
1865 1051 0
1052 1865 1
1865 1052 0
1053 1865 1
1865 1053 0
1054 1865 1
1865 1054 0
1055 1865 1
1865 1055 0
1056 1865 1
1865 1056 0
1057 1865 1
1865 1057 0
1058 1865 1
1865 1058 0
1059 1865 1
1865 1059 0
1060 1865 1
1865 1060 0
1061 1865 1
1865 1061 0
1062 1865 1
1865 1062 0
1063 1865 1
1865 1063 0
1064 1865 1
1865 1064 0
1065 1865 1
1865 1065 0
1066 1865 1
1865 1066 0
1067 1865 1
1865 1067 0
1068 1865 1
1865 1068 0
1069 1865 1
1865 1069 0
1070 1865 1
1865 1070 0
1071 1865 1
1865 1071 0
1072 1865 1
1865 1072 0
1073 1865 1
1865 1073 0
1074 1865 1
1865 1074 0
1075 1865 1
1865 1075 0
1076 1865 1
1865 1076 0
1077 1865 1
1865 1077 0
1078 1865 1
1865 1078 0
1079 1865 1
1865 1079 0
1080 1865 1
1865 1080 0
1081 1865 1
1865 1081 0
1082 1865 1
1865 1082 0
1083 1865 1
1865 1083 0
1084 1865 1
1865 1084 0
1085 1865 1
1865 1085 0
1086 1865 1
1865 1086 0
1087 1865 1
1865 1087 0
1088 1865 1
1865 1088 0
1089 1865 1
1865 1089 0
1090 1865 1
1865 1090 0
1091 1865 1
1865 1091 0
1092 1865 1
1865 1092 0
1093 1865 1
1865 1093 0
1094 1865 1
1865 1094 0
1095 1865 1
1865 1095 0
1096 1865 1
1865 1096 0
1097 1865 1
1865 1097 0
1098 1865 1
1865 1098 0
1099 1865 1
1865 1099 0
1100 1865 1
1865 1100 0
1101 1865 1
1865 1101 0
1102 1865 1
1865 1102 0
1103 1865 1
1865 1103 0
1104 1865 1
1865 1104 0
1105 1865 1
1865 1105 0
1106 1865 1
1865 1106 0
1107 1865 1
1865 1107 0
1108 1865 1
1865 1108 0
1109 1865 1
1865 1109 0
1110 1865 1
1865 1110 0
1111 1865 1
1865 1111 0
1112 1865 1
1865 1112 0
1113 1865 1
1865 1113 0
1114 1865 1
1865 1114 0
1115 1865 1
1865 1115 0
1116 1865 1
1865 1116 0
1117 1865 1
1865 1117 0
1118 1865 1
1865 1118 0
1119 1865 1
1865 1119 0
1120 1865 1
1865 1120 0
1121 1865 1
1865 1121 0
1122 1865 1
1865 1122 0
1123 1865 1
1865 1123 0
1124 1865 1
1865 1124 0
1125 1865 1
1865 1125 0
1126 1865 1
1865 1126 0
1127 1865 1
1865 1127 0
1128 1865 1
1865 1128 0
1129 1865 1
1865 1129 0
1130 1865 1
1865 1130 0
1131 1865 1
1865 1131 0
1132 1865 1
1865 1132 0
1133 1865 1
1865 1133 0
1134 1865 1
1865 1134 0
1135 1865 1
1865 1135 0
1136 1865 1
1865 1136 0
1137 1865 1
1865 1137 0
1138 1865 1
1865 1138 0
1139 1865 1
1865 1139 0
1140 1865 1
1865 1140 0
1141 1865 1
1865 1141 0
1142 1865 1
1865 1142 0
1143 1865 1
1865 1143 0
1144 1865 1
1865 1144 0
1145 1865 1
1865 1145 0
1146 1865 1
1865 1146 0
1147 1865 1
1865 1147 0
1148 1865 1
1865 1148 0
1149 1865 1
1865 1149 0
1150 1865 1
1865 1150 0
1151 1865 1
1865 1151 0
1152 1865 1
1865 1152 0
1153 1865 1
1865 1153 0
1154 1865 1
1865 1154 0
1155 1865 1
1865 1155 0
1156 1865 1
1865 1156 0
1157 1865 1
1865 1157 0
1158 1865 1
1865 1158 0
1159 1865 1
1865 1159 0
1160 1865 1
1865 1160 0
1161 1865 1
1865 1161 0
1162 1865 1
1865 1162 0
1163 1865 1
1865 1163 0
1164 1865 1
1865 1164 0
1165 1865 1
1865 1165 0
1166 1865 1
1865 1166 0
1167 1865 1
1865 1167 0
1168 1865 1
1865 1168 0
1169 1865 1
1865 1169 0
1170 1865 1
1865 1170 0
1171 1865 1
1865 1171 0
1172 1865 1
1865 1172 0
1173 1865 1
1865 1173 0
1174 1865 1
1865 1174 0
1175 1865 1
1865 1175 0
1176 1865 1
1865 1176 0
1177 1865 1
1865 1177 0
1178 1865 1
1865 1178 0
1179 1865 1
1865 1179 0
1180 1865 1
1865 1180 0
1181 1865 1
1865 1181 0
1182 1865 1
1865 1182 0
1183 1865 1
1865 1183 0
1184 1865 1
1865 1184 0
1185 1865 1
1865 1185 0
1186 1865 1
1865 1186 0
1187 1865 1
1865 1187 0
1188 1865 1
1865 1188 0
1189 1865 1
1865 1189 0
1190 1865 1
1865 1190 0
1191 1865 1
1865 1191 0
1192 1865 1
1865 1192 0
1193 1865 1
1865 1193 0
1194 1865 1
1865 1194 0
1195 1865 1
1865 1195 0
1196 1865 1
1865 1196 0
1197 1865 1
1865 1197 0
1198 1865 1
1865 1198 0
1199 1865 1
1865 1199 0
1200 1865 1
1865 1200 0
1201 1865 1
1865 1201 0
1202 1865 1
1865 1202 0
1203 1865 1
1865 1203 0
1204 1865 1
1865 1204 0
1205 1865 1
1865 1205 0
1206 1865 1
1865 1206 0
1207 1865 1
1865 1207 0
1208 1865 1
1865 1208 0
1209 1865 1
1865 1209 0
1210 1865 1
1865 1210 0
1211 1865 1
1865 1211 0
1212 1865 1
1865 1212 0
1213 1865 1
1865 1213 0
1214 1865 1
1865 1214 0
1215 1865 1
1865 1215 0
1216 1865 1
1865 1216 0
1217 1865 1
1865 1217 0
1218 1865 1
1865 1218 0
1219 1865 1
1865 1219 0
1220 1865 1
1865 1220 0
1221 1865 1
1865 1221 0
1222 1865 1
1865 1222 0
1223 1865 1
1865 1223 0
1224 1865 1
1865 1224 0
1225 1865 1
1865 1225 0
1226 1865 1
1865 1226 0
1227 1865 1
1865 1227 0
1228 1865 1
1865 1228 0
1229 1865 1
1865 1229 0
1230 1865 1
1865 1230 0
1231 1865 1
1865 1231 0
1232 1865 1
1865 1232 0
1233 1865 1
1865 1233 0
1234 1865 1
1865 1234 0
1235 1865 1
1865 1235 0
1236 1865 1
1865 1236 0
1237 1865 1
1865 1237 0
1238 1865 1
1865 1238 0
1239 1865 1
1865 1239 0
1240 1865 1
1865 1240 0
1241 1865 1
1865 1241 0
1242 1865 1
1865 1242 0
1243 1865 1
1865 1243 0
1244 1865 1
1865 1244 0
1245 1865 1
1865 1245 0
1246 1865 1
1865 1246 0
1247 1865 1
1865 1247 0
1248 1865 1
1865 1248 0
1249 1865 1
1865 1249 0
1250 1865 1
1865 1250 0
1251 1865 1
1865 1251 0
1252 1865 1
1865 1252 0
1253 1865 1
1865 1253 0
1254 1865 1
1865 1254 0
1255 1865 1
1865 1255 0
1256 1865 1
1865 1256 0
1257 1865 1
1865 1257 0
1258 1865 1
1865 1258 0
1259 1865 1
1865 1259 0
1260 1865 1
1865 1260 0
1261 1865 1
1865 1261 0
1262 1865 1
1865 1262 0
1263 1865 1
1865 1263 0
1264 1865 1
1865 1264 0
1265 1865 1
1865 1265 0
1266 1865 1
1865 1266 0
1267 1865 1
1865 1267 0
1268 1865 1
1865 1268 0
1269 1865 1
1865 1269 0
1270 1865 1
1865 1270 0
1271 1865 1
1865 1271 0
1272 1865 1
1865 1272 0
1273 1865 1
1865 1273 0
1274 1865 1
1865 1274 0
1275 1865 1
1865 1275 0
1276 1865 1
1865 1276 0
1277 1865 1
1865 1277 0
1278 1865 1
1865 1278 0
1279 1865 1
1865 1279 0
1280 1865 1
1865 1280 0
1281 1865 1
1865 1281 0
1282 1865 1
1865 1282 0
1283 1865 1
1865 1283 0
1284 1865 1
1865 1284 0
1285 1865 1
1865 1285 0
1286 1865 1
1865 1286 0
1287 1865 1
1865 1287 0
1288 1865 1
1865 1288 0
1289 1865 1
1865 1289 0
1290 1865 1
1865 1290 0
1291 1865 1
1865 1291 0
1292 1865 1
1865 1292 0
1293 1865 1
1865 1293 0
1294 1865 1
1865 1294 0
1295 1865 1
1865 1295 0
1296 1865 1
1865 1296 0
1297 1865 1
1865 1297 0
1298 1865 1
1865 1298 0
1299 1865 1
1865 1299 0
1300 1865 1
1865 1300 0
1301 1865 1
1865 1301 0
1302 1865 1
1865 1302 0
1303 1865 1
1865 1303 0
1304 1865 1
1865 1304 0
1305 1865 1
1865 1305 0
1306 1865 1
1865 1306 0
1307 1865 1
1865 1307 0
1308 1865 1
1865 1308 0
1309 1865 1
1865 1309 0
1310 1865 1
1865 1310 0
1311 1865 1
1865 1311 0
1312 1865 1
1865 1312 0
1313 1865 1
1865 1313 0
1314 1865 1
1865 1314 0
1315 1865 1
1865 1315 0
1316 1865 1
1865 1316 0
1317 1865 1
1865 1317 0
1318 1865 1
1865 1318 0
1319 1865 1
1865 1319 0
1320 1865 1
1865 1320 0
1321 1865 1
1865 1321 0
1322 1865 1
1865 1322 0
1323 1865 1
1865 1323 0
1324 1865 1
1865 1324 0
1325 1865 1
1865 1325 0
1326 1865 1
1865 1326 0
1327 1865 1
1865 1327 0
1328 1865 1
1865 1328 0
1329 1865 1
1865 1329 0
1330 1865 1
1865 1330 0
1331 1865 1
1865 1331 0
1332 1865 1
1865 1332 0
1333 1865 1
1865 1333 0
1334 1865 1
1865 1334 0
1335 1865 1
1865 1335 0
1336 1865 1
1865 1336 0
1337 1865 1
1865 1337 0
1338 1865 1
1865 1338 0
1339 1865 1
1865 1339 0
1340 1865 1
1865 1340 0
1341 1865 1
1865 1341 0
1342 1865 1
1865 1342 0
1343 1865 1
1865 1343 0
1344 1865 1
1865 1344 0
1345 1865 1
1865 1345 0
1346 1865 1
1865 1346 0
1347 1865 1
1865 1347 0
1348 1865 1
1865 1348 0
1349 1865 1
1865 1349 0
1350 1865 1
1865 1350 0
1351 1865 1
1865 1351 0
1352 1865 1
1865 1352 0
1353 1865 1
1865 1353 0
1354 1865 1
1865 1354 0
1355 1865 1
1865 1355 0
1356 1865 1
1865 1356 0
1357 1865 1
1865 1357 0
1358 1865 1
1865 1358 0
1359 1865 1
1865 1359 0
1360 1865 1
1865 1360 0
1361 1865 1
1865 1361 0
1362 1865 1
1865 1362 0
1363 1865 1
1865 1363 0
1364 1865 1
1865 1364 0
1365 1865 1
1865 1365 0
1366 1865 1
1865 1366 0
1367 1865 1
1865 1367 0
1368 1865 1
1865 1368 0
1369 1865 1
1865 1369 0
1370 1865 1
1865 1370 0
1371 1865 1
1865 1371 0
1372 1865 1
1865 1372 0
1373 1865 1
1865 1373 0
1374 1865 1
1865 1374 0
1375 1865 1
1865 1375 0
1376 1865 1
1865 1376 0
1377 1865 1
1865 1377 0
1378 1865 1
1865 1378 0
1379 1865 1
1865 1379 0
1380 1865 1
1865 1380 0
1381 1865 1
1865 1381 0
1382 1865 1
1865 1382 0
1383 1865 1
1865 1383 0
1384 1865 1
1865 1384 0
1385 1865 1
1865 1385 0
1386 1865 1
1865 1386 0
1387 1865 1
1865 1387 0
1388 1865 1
1865 1388 0
1389 1865 1
1865 1389 0
1390 1865 1
1865 1390 0
1391 1865 1
1865 1391 0
1392 1865 1
1865 1392 0
1393 1865 1
1865 1393 0
1394 1865 1
1865 1394 0
1395 1865 1
1865 1395 0
1396 1865 1
1865 1396 0
1397 1865 1
1865 1397 0
1398 1865 1
1865 1398 0
1399 1865 1
1865 1399 0
1400 1865 1
1865 1400 0
1401 1865 1
1865 1401 0
1402 1865 1
1865 1402 0
1403 1865 1
1865 1403 0
1404 1865 1
1865 1404 0
1405 1865 1
1865 1405 0
1406 1865 1
1865 1406 0
1407 1865 1
1865 1407 0
1408 1865 1
1865 1408 0
1409 1865 1
1865 1409 0
1410 1865 1
1865 1410 0
1411 1865 1
1865 1411 0
1412 1865 1
1865 1412 0
1413 1865 1
1865 1413 0
1414 1865 1
1865 1414 0
1415 1865 1
1865 1415 0
1416 1865 1
1865 1416 0
1417 1865 1
1865 1417 0
1418 1865 1
1865 1418 0
1419 1865 1
1865 1419 0
1420 1865 1
1865 1420 0
1421 1865 1
1865 1421 0
1422 1865 1
1865 1422 0
1423 1865 1
1865 1423 0
1424 1865 1
1865 1424 0
1425 1865 1
1865 1425 0
1426 1865 1
1865 1426 0
1427 1865 1
1865 1427 0
1428 1865 1
1865 1428 0
1429 1865 1
1865 1429 0
1430 1865 1
1865 1430 0
1431 1865 1
1865 1431 0
1432 1865 1
1865 1432 0
1433 1865 1
1865 1433 0
1434 1865 1
1865 1434 0
1435 1865 1
1865 1435 0
1436 1865 1
1865 1436 0
1437 1865 1
1865 1437 0
1438 1865 1
1865 1438 0
1439 1865 1
1865 1439 0
1440 1865 1
1865 1440 0
1441 1865 1
1865 1441 0
1442 1865 1
1865 1442 0
1443 1865 1
1865 1443 0
1444 1865 1
1865 1444 0
1445 1865 1
1865 1445 0
1446 1865 1
1865 1446 0
1447 1865 1
1865 1447 0
1448 1865 1
1865 1448 0
1449 1865 1
1865 1449 0
1450 1865 1
1865 1450 0
1451 1865 1
1865 1451 0
1452 1865 1
1865 1452 0
1453 1865 1
1865 1453 0
1454 1865 1
1865 1454 0
1455 1865 1
1865 1455 0
1456 1865 1
1865 1456 0
1457 1865 1
1865 1457 0
1458 1865 1
1865 1458 0
1459 1865 1
1865 1459 0
1460 1865 1
1865 1460 0
1461 1865 1
1865 1461 0
1462 1865 1
1865 1462 0
1463 1865 1
1865 1463 0
1464 1865 1
1865 1464 0
1465 1865 1
1865 1465 0
1466 1865 1
1865 1466 0
1467 1865 1
1865 1467 0
1468 1865 1
1865 1468 0
1469 1865 1
1865 1469 0
1470 1865 1
1865 1470 0
1471 1865 1
1865 1471 0
1472 1865 1
1865 1472 0
1473 1865 1
1865 1473 0
1474 1865 1
1865 1474 0
1475 1865 1
1865 1475 0
1476 1865 1
1865 1476 0
1477 1865 1
1865 1477 0
1478 1865 1
1865 1478 0
1479 1865 1
1865 1479 0
1480 1865 1
1865 1480 0
1481 1865 1
1865 1481 0
1482 1865 1
1865 1482 0
1483 1865 1
1865 1483 0
1484 1865 1
1865 1484 0
1485 1865 1
1865 1485 0
1486 1865 1
1865 1486 0
1487 1865 1
1865 1487 0
1488 1865 1
1865 1488 0
1489 1865 1
1865 1489 0
1490 1865 1
1865 1490 0
1491 1865 1
1865 1491 0
1492 1865 1
1865 1492 0
1493 1865 1
1865 1493 0
1494 1865 1
1865 1494 0
1495 1865 1
1865 1495 0
1496 1865 1
1865 1496 0
1497 1865 1
1865 1497 0
1498 1865 1
1865 1498 0
1499 1865 1
1865 1499 0
1500 1865 1
1865 1500 0
1501 1865 1
1865 1501 0
1502 1865 1
1865 1502 0
1503 1865 1
1865 1503 0
1504 1865 1
1865 1504 0
1505 1865 1
1865 1505 0
1506 1865 1
1865 1506 0
1507 1865 1
1865 1507 0
1508 1865 1
1865 1508 0
1509 1865 1
1865 1509 0
1510 1865 1
1865 1510 0
1511 1865 1
1865 1511 0
1512 1865 1
1865 1512 0
1513 1865 1
1865 1513 0
1514 1865 1
1865 1514 0
1515 1865 1
1865 1515 0
1516 1865 1
1865 1516 0
1517 1865 1
1865 1517 0
1518 1865 1
1865 1518 0
1519 1865 1
1865 1519 0
1520 1865 1
1865 1520 0
1521 1865 1
1865 1521 0
1522 1865 1
1865 1522 0
1523 1865 1
1865 1523 0
1524 1865 1
1865 1524 0
1525 1865 1
1865 1525 0
1526 1865 1
1865 1526 0
1527 1865 1
1865 1527 0
1528 1865 1
1865 1528 0
1529 1865 1
1865 1529 0
1530 1865 1
1865 1530 0
1531 1865 1
1865 1531 0
1532 1865 1
1865 1532 0
1533 1865 1
1865 1533 0
1534 1865 1
1865 1534 0
1535 1865 1
1865 1535 0
1536 1865 1
1865 1536 0
1537 1865 1
1865 1537 0
1538 1865 1
1865 1538 0
1539 1865 1
1865 1539 0
1540 1865 1
1865 1540 0
1541 1865 1
1865 1541 0
1542 1865 1
1865 1542 0
1543 1865 1
1865 1543 0
1544 1865 1
1865 1544 0
1545 1865 1
1865 1545 0
1546 1865 1
1865 1546 0
1547 1865 1
1865 1547 0
1548 1865 1
1865 1548 0
1549 1865 1
1865 1549 0
1550 1865 1
1865 1550 0
1551 1865 1
1865 1551 0
1552 1865 1
1865 1552 0
1553 1865 1
1865 1553 0
1554 1865 1
1865 1554 0
1555 1865 1
1865 1555 0
1556 1865 1
1865 1556 0
1557 1865 1
1865 1557 0
1558 1865 1
1865 1558 0
1559 1865 1
1865 1559 0
1560 1865 1
1865 1560 0
1561 1865 1
1865 1561 0
1562 1865 1
1865 1562 0
1563 1865 1
1865 1563 0
1564 1865 1
1865 1564 0
1565 1865 1
1865 1565 0
1566 1865 1
1865 1566 0
1567 1865 1
1865 1567 0
1568 1865 1
1865 1568 0
1569 1865 1
1865 1569 0
1570 1865 1
1865 1570 0
1571 1865 1
1865 1571 0
1572 1865 1
1865 1572 0
1573 1865 1
1865 1573 0
1574 1865 1
1865 1574 0
1575 1865 1
1865 1575 0
1576 1865 1
1865 1576 0
1577 1865 1
1865 1577 0
1578 1865 1
1865 1578 0
1579 1865 1
1865 1579 0
1580 1865 1
1865 1580 0
1581 1865 1
1865 1581 0
1582 1865 1
1865 1582 0
1583 1865 1
1865 1583 0
1584 1865 1
1865 1584 0
1585 1865 1
1865 1585 0
1586 1865 1
1865 1586 0
1587 1865 1
1865 1587 0
1588 1865 1
1865 1588 0
1589 1865 1
1865 1589 0
1590 1865 1
1865 1590 0
1591 1865 1
1865 1591 0
1592 1865 1
1865 1592 0
1593 1865 1
1865 1593 0
1594 1865 1
1865 1594 0
1595 1865 1
1865 1595 0
1596 1865 1
1865 1596 0
1597 1865 1
1865 1597 0
1598 1865 1
1865 1598 0
1599 1865 1
1865 1599 0
1600 1865 1
1865 1600 0
1601 1865 1
1865 1601 0
1602 1865 1
1865 1602 0
1603 1865 1
1865 1603 0
1604 1865 1
1865 1604 0
1605 1865 1
1865 1605 0
1606 1865 1
1865 1606 0
1607 1865 1
1865 1607 0
1608 1865 1
1865 1608 0
1609 1865 1
1865 1609 0
1610 1865 1
1865 1610 0
1611 1865 1
1865 1611 0
1612 1865 1
1865 1612 0
1613 1865 1
1865 1613 0
1614 1865 1
1865 1614 0
1615 1865 1
1865 1615 0
1616 1865 1
1865 1616 0
1617 1865 1
1865 1617 0
1618 1865 1
1865 1618 0
1619 1865 1
1865 1619 0
1620 1865 1
1865 1620 0
1621 1865 1
1865 1621 0
1622 1865 1
1865 1622 0
1623 1865 1
1865 1623 0
1624 1865 1
1865 1624 0
1625 1865 1
1865 1625 0
1626 1865 1
1865 1626 0
1627 1865 1
1865 1627 0
1628 1865 1
1865 1628 0
1629 1865 1
1865 1629 0
1630 1865 1
1865 1630 0
1631 1865 1
1865 1631 0
1632 1865 1
1865 1632 0
1633 1865 1
1865 1633 0
1634 1865 1
1865 1634 0
1635 1865 12
1865 1635 0
1636 1865 12
1865 1636 0
1637 1865 12
1865 1637 0
1638 1865 12
1865 1638 0
1639 1865 12
1865 1639 0
1640 1865 12
1865 1640 0
1641 1865 12
1865 1641 0
1642 1865 12
1865 1642 0
1643 1865 12
1865 1643 0
1644 1865 12
1865 1644 0
1645 1865 12
1865 1645 0
1646 1865 12
1865 1646 0
1647 1865 12
1865 1647 0
1648 1865 12
1865 1648 0
1649 1865 12
1865 1649 0
1650 1865 12
1865 1650 0
1651 1865 12
1865 1651 0
1652 1865 12
1865 1652 0
1653 1865 12
1865 1653 0
1654 1865 12
1865 1654 0
1655 1865 12
1865 1655 0
1656 1865 12
1865 1656 0
1657 1865 12
1865 1657 0
1658 1865 12
1865 1658 0
1659 1865 12
1865 1659 0
1660 1865 12
1865 1660 0
1661 1865 12
1865 1661 0
1662 1865 12
1865 1662 0
1663 1865 12
1865 1663 0
1664 1865 12
1865 1664 0
1665 1865 12
1865 1665 0
1666 1865 12
1865 1666 0
1667 1865 12
1865 1667 0
1668 1865 12
1865 1668 0
1669 1865 12
1865 1669 0
1670 1865 12
1865 1670 0
1671 1865 12
1865 1671 0
1672 1865 12
1865 1672 0
1673 1865 12
1865 1673 0
1674 1865 12
1865 1674 0
1675 1865 12
1865 1675 0
1676 1865 12
1865 1676 0
1677 1865 12
1865 1677 0
1678 1865 12
1865 1678 0
1679 1865 12
1865 1679 0
1680 1865 12
1865 1680 0
1681 1865 12
1865 1681 0
1682 1865 12
1865 1682 0
1683 1865 12
1865 1683 0
1684 1865 12
1865 1684 0
1685 1865 12
1865 1685 0
1686 1865 12
1865 1686 0
1687 1865 12
1865 1687 0
1688 1865 12
1865 1688 0
1689 1865 12
1865 1689 0
1690 1865 12
1865 1690 0
1691 1865 12
1865 1691 0
1692 1865 12
1865 1692 0
1693 1865 12
1865 1693 0
1694 1865 12
1865 1694 0
1695 1865 12
1865 1695 0
1696 1865 12
1865 1696 0
1697 1865 12
1865 1697 0
1698 1865 12
1865 1698 0
1699 1865 12
1865 1699 0
1700 1865 12
1865 1700 0
1701 1865 12
1865 1701 0
1702 1865 12
1865 1702 0
1703 1865 12
1865 1703 0
1704 1865 12
1865 1704 0
1705 1865 12
1865 1705 0
1706 1865 12
1865 1706 0
1707 1865 12
1865 1707 0
1708 1865 12
1865 1708 0
1709 1865 12
1865 1709 0
1710 1865 12
1865 1710 0
1711 1865 12
1865 1711 0
1712 1865 12
1865 1712 0
1713 1865 12
1865 1713 0
1714 1865 12
1865 1714 0
1715 1865 12
1865 1715 0
1716 1865 12
1865 1716 0
1717 1865 12
1865 1717 0
1718 1865 12
1865 1718 0
1719 1865 12
1865 1719 0
1720 1865 12
1865 1720 0
1721 1865 12
1865 1721 0
1722 1865 12
1865 1722 0
1723 1865 12
1865 1723 0
1724 1865 12
1865 1724 0
1725 1865 12
1865 1725 0
1726 1865 12
1865 1726 0
1727 1865 12
1865 1727 0
1728 1865 12
1865 1728 0
1729 1865 12
1865 1729 0
1730 1865 12
1865 1730 0
1731 1865 12
1865 1731 0
1732 1865 12
1865 1732 0
1733 1865 12
1865 1733 0
1734 1865 12
1865 1734 0
1735 1865 12
1865 1735 0
1736 1865 12
1865 1736 0
1737 1865 12
1865 1737 0
1738 1865 12
1865 1738 0
1739 1865 12
1865 1739 0
1740 1865 12
1865 1740 0
1741 1865 12
1865 1741 0
1742 1865 12
1865 1742 0
1743 1865 12
1865 1743 0
1744 1865 12
1865 1744 0
1745 1865 12
1865 1745 0
1746 1865 12
1865 1746 0
1747 1865 12
1865 1747 0
1748 1865 12
1865 1748 0
1749 1865 12
1865 1749 0
1750 1865 12
1865 1750 0
1751 1865 12
1865 1751 0
1752 1865 12
1865 1752 0
1753 1865 12
1865 1753 0
1754 1865 12
1865 1754 0
1755 1865 12
1865 1755 0
1756 1865 12
1865 1756 0
1757 1865 12
1865 1757 0
1758 1865 12
1865 1758 0
1759 1865 12
1865 1759 0
1760 1865 12
1865 1760 0
1761 1865 12
1865 1761 0
1762 1865 12
1865 1762 0
1763 1865 12
1865 1763 0
1764 1865 12
1865 1764 0
1765 1865 12
1865 1765 0
1766 1865 12
1865 1766 0
1767 1865 12
1865 1767 0
1768 1865 12
1865 1768 0
1769 1865 12
1865 1769 0
1770 1865 12
1865 1770 0
1771 1865 12
1865 1771 0
1772 1865 12
1865 1772 0
1773 1865 12
1865 1773 0
1774 1865 12
1865 1774 0
1775 1865 12
1865 1775 0
1776 1865 12
1865 1776 0
1777 1865 12
1865 1777 0
1778 1865 12
1865 1778 0
1779 1865 12
1865 1779 0
1780 1865 12
1865 1780 0
1781 1865 12
1865 1781 0
1782 1865 12
1865 1782 0
1783 1865 12
1865 1783 0
1784 1865 12
1865 1784 0
1785 1865 12
1865 1785 0
1786 1865 12
1865 1786 0
1787 1865 12
1865 1787 0
1788 1865 12
1865 1788 0
1789 1865 12
1865 1789 0
1790 1865 12
1865 1790 0
1791 1865 12
1865 1791 0
1792 1865 12
1865 1792 0
1793 1865 12
1865 1793 0
1794 1865 12
1865 1794 0
1795 1865 12
1865 1795 0
1796 1865 12
1865 1796 0
1797 1865 12
1865 1797 0
1798 1865 12
1865 1798 0
1799 1865 12
1865 1799 0
1800 1865 12
1865 1800 0
1801 1865 12
1865 1801 0
1802 1865 12
1865 1802 0
1803 1865 12
1865 1803 0
1804 1865 12
1865 1804 0
1805 1865 12
1865 1805 0
1806 1865 12
1865 1806 0
1807 1865 12
1865 1807 0
1808 1865 12
1865 1808 0
1809 1865 12
1865 1809 0
1810 1865 12
1865 1810 0
1811 1865 12
1865 1811 0
1812 1865 12
1865 1812 0
1813 1865 12
1865 1813 0
1814 1865 12
1865 1814 0
1815 1865 12
1865 1815 0
1816 1865 12
1865 1816 0
1817 1865 12
1865 1817 0
1818 1865 12
1865 1818 0
1819 1865 12
1865 1819 0
1820 1865 12
1865 1820 0
1821 1865 12
1865 1821 0
1822 1865 12
1865 1822 0
1823 1865 12
1865 1823 0
1824 1865 12
1865 1824 0
1825 1865 12
1865 1825 0
1826 1865 12
1865 1826 0
1827 1865 12
1865 1827 0
1828 1865 12
1865 1828 0
1829 1865 12
1865 1829 0
1830 1865 12
1865 1830 0
1831 1865 12
1865 1831 0
1832 1865 12
1865 1832 0
1833 1865 12
1865 1833 0
1834 1865 12
1865 1834 0
1835 1865 12
1865 1835 0
1836 1865 12
1865 1836 0
1837 1865 12
1865 1837 0
1838 1865 12
1865 1838 0
1839 1865 12
1865 1839 0
1840 1865 12
1865 1840 0
1841 1865 12
1865 1841 0
1842 1865 12
1865 1842 0
1843 1865 12
1865 1843 0
1844 1865 12
1865 1844 0
1845 1865 12
1865 1845 0
1846 1865 12
1865 1846 0
1847 1865 12
1865 1847 0
1848 1865 12
1865 1848 0
1849 1865 12
1865 1849 0
1850 1865 12
1865 1850 0
1851 1865 12
1865 1851 0
1852 1865 12
1865 1852 0
1853 1865 12
1865 1853 0
1854 1865 12
1865 1854 0
1855 1865 12
1865 1855 0
1856 1865 12
1865 1856 0
1857 1865 12
1865 1857 0
1858 1865 12
1865 1858 0
1859 1865 12
1865 1859 0
1860 1865 12
1865 1860 0
1861 1865 12
1865 1861 0
1862 1865 12
1865 1862 0
1863 1865 12
1865 1863 0
1864 1865 12
1865 1864 0
