765 764 519 1528
1 765 1
765 1 0
2 765 1
765 2 0
3 765 1
765 3 0
4 765 1
765 4 0
5 765 1
765 5 0
6 765 1
765 6 0
7 765 1
765 7 0
8 765 1
765 8 0
9 765 1
765 9 0
10 765 1
765 10 0
11 765 1
765 11 0
12 765 1
765 12 0
13 765 1
765 13 0
14 765 1
765 14 0
15 765 1
765 15 0
16 765 1
765 16 0
17 765 1
765 17 0
18 765 1
765 18 0
19 765 1
765 19 0
20 765 1
765 20 0
21 765 1
765 21 0
22 765 1
765 22 0
23 765 1
765 23 0
24 765 1
765 24 0
25 765 1
765 25 0
26 765 1
765 26 0
27 765 1
765 27 0
28 765 1
765 28 0
29 765 1
765 29 0
30 765 1
765 30 0
31 765 1
765 31 0
32 765 1
765 32 0
33 765 1
765 33 0
34 765 1
765 34 0
35 765 1
765 35 0
36 765 1
765 36 0
37 765 1
765 37 0
38 765 1
765 38 0
39 765 1
765 39 0
40 765 1
765 40 0
41 765 1
765 41 0
42 765 1
765 42 0
43 765 1
765 43 0
44 765 1
765 44 0
45 765 1
765 45 0
46 765 1
765 46 0
47 765 1
765 47 0
48 765 1
765 48 0
49 765 1
765 49 0
50 765 1
765 50 0
51 765 1
765 51 0
52 765 1
765 52 0
53 765 1
765 53 0
54 765 1
765 54 0
55 765 1
765 55 0
56 765 1
765 56 0
57 765 1
765 57 0
58 765 1
765 58 0
59 765 1
765 59 0
60 765 1
765 60 0
61 765 1
765 61 0
62 765 1
765 62 0
63 765 1
765 63 0
64 765 1
765 64 0
65 765 1
765 65 0
66 765 1
765 66 0
67 765 1
765 67 0
68 765 1
765 68 0
69 765 1
765 69 0
70 765 1
765 70 0
71 765 1
765 71 0
72 765 1
765 72 0
73 765 1
765 73 0
74 765 1
765 74 0
75 765 1
765 75 0
76 765 1
765 76 0
77 765 1
765 77 0
78 765 1
765 78 0
79 765 1
765 79 0
80 765 1
765 80 0
81 765 1
765 81 0
82 765 1
765 82 0
83 765 1
765 83 0
84 765 1
765 84 0
85 765 1
765 85 0
86 765 1
765 86 0
87 765 1
765 87 0
88 765 1
765 88 0
89 765 1
765 89 0
90 765 1
765 90 0
91 765 1
765 91 0
92 765 1
765 92 0
93 765 1
765 93 0
94 765 1
765 94 0
95 765 1
765 95 0
96 765 1
765 96 0
97 765 1
765 97 0
98 765 1
765 98 0
99 765 1
765 99 0
100 765 1
765 100 0
101 765 1
765 101 0
102 765 1
765 102 0
103 765 1
765 103 0
104 765 1
765 104 0
105 765 1
765 105 0
106 765 1
765 106 0
107 765 1
765 107 0
108 765 1
765 108 0
109 765 1
765 109 0
110 765 1
765 110 0
111 765 1
765 111 0
112 765 1
765 112 0
113 765 1
765 113 0
114 765 1
765 114 0
115 765 1
765 115 0
116 765 1
765 116 0
117 765 1
765 117 0
118 765 1
765 118 0
119 765 1
765 119 0
120 765 1
765 120 0
121 765 1
765 121 0
122 765 1
765 122 0
123 765 1
765 123 0
124 765 1
765 124 0
125 765 1
765 125 0
126 765 1
765 126 0
127 765 1
765 127 0
128 765 1
765 128 0
129 765 1
765 129 0
130 765 1
765 130 0
131 765 1
765 131 0
132 765 1
765 132 0
133 765 1
765 133 0
134 765 1
765 134 0
135 765 1
765 135 0
136 765 1
765 136 0
137 765 1
765 137 0
138 765 1
765 138 0
139 765 1
765 139 0
140 765 1
765 140 0
141 765 1
765 141 0
142 765 1
765 142 0
143 765 1
765 143 0
144 765 1
765 144 0
145 765 1
765 145 0
146 765 1
765 146 0
147 765 1
765 147 0
148 765 1
765 148 0
149 765 1
765 149 0
150 765 1
765 150 0
151 765 1
765 151 0
152 765 1
765 152 0
153 765 1
765 153 0
154 765 1
765 154 0
155 765 1
765 155 0
156 765 1
765 156 0
157 765 1
765 157 0
158 765 1
765 158 0
159 765 1
765 159 0
160 765 1
765 160 0
161 765 1
765 161 0
162 765 1
765 162 0
163 765 1
765 163 0
164 765 1
765 164 0
165 765 1
765 165 0
166 765 1
765 166 0
167 765 1
765 167 0
168 765 1
765 168 0
169 765 1
765 169 0
170 765 1
765 170 0
171 765 1
765 171 0
172 765 1
765 172 0
173 765 1
765 173 0
174 765 1
765 174 0
175 765 1
765 175 0
176 765 1
765 176 0
177 765 1
765 177 0
178 765 1
765 178 0
179 765 1
765 179 0
180 765 1
765 180 0
181 765 1
765 181 0
182 765 1
765 182 0
183 765 1
765 183 0
184 765 1
765 184 0
185 765 1
765 185 0
186 765 1
765 186 0
187 765 1
765 187 0
188 765 1
765 188 0
189 765 1
765 189 0
190 765 1
765 190 0
191 765 1
765 191 0
192 765 1
765 192 0
193 765 1
765 193 0
194 765 1
765 194 0
195 765 1
765 195 0
196 765 1
765 196 0
197 765 1
765 197 0
198 765 1
765 198 0
199 765 1
765 199 0
200 765 1
765 200 0
201 765 1
765 201 0
202 765 1
765 202 0
203 765 1
765 203 0
204 765 1
765 204 0
205 765 1
765 205 0
206 765 1
765 206 0
207 765 1
765 207 0
208 765 1
765 208 0
209 765 1
765 209 0
210 765 1
765 210 0
211 765 1
765 211 0
212 765 1
765 212 0
213 765 1
765 213 0
214 765 1
765 214 0
215 765 1
765 215 0
216 765 1
765 216 0
217 765 1
765 217 0
218 765 1
765 218 0
219 765 1
765 219 0
220 765 1
765 220 0
221 765 1
765 221 0
222 765 1
765 222 0
223 765 1
765 223 0
224 765 1
765 224 0
225 765 1
765 225 0
226 765 1
765 226 0
227 765 1
765 227 0
228 765 1
765 228 0
229 765 1
765 229 0
230 765 1
765 230 0
231 765 1
765 231 0
232 765 1
765 232 0
233 765 1
765 233 0
234 765 1
765 234 0
235 765 1
765 235 0
236 765 1
765 236 0
237 765 1
765 237 0
238 765 1
765 238 0
239 765 1
765 239 0
240 765 1
765 240 0
241 765 1
765 241 0
242 765 1
765 242 0
243 765 1
765 243 0
244 765 1
765 244 0
245 765 1
765 245 0
246 765 1
765 246 0
247 765 1
765 247 0
248 765 1
765 248 0
249 765 1
765 249 0
250 765 1
765 250 0
251 765 1
765 251 0
252 765 1
765 252 0
253 765 1
765 253 0
254 765 1
765 254 0
255 765 1
765 255 0
256 765 1
765 256 0
257 765 1
765 257 0
258 765 1
765 258 0
259 765 1
765 259 0
260 765 1
765 260 0
261 765 1
765 261 0
262 765 1
765 262 0
263 765 1
765 263 0
264 765 1
765 264 0
265 765 1
765 265 0
266 765 1
765 266 0
267 765 1
765 267 0
268 765 1
765 268 0
269 765 1
765 269 0
270 765 1
765 270 0
271 765 1
765 271 0
272 765 1
765 272 0
273 765 1
765 273 0
274 765 1
765 274 0
275 765 1
765 275 0
276 765 1
765 276 0
277 765 1
765 277 0
278 765 1
765 278 0
279 765 1
765 279 0
280 765 1
765 280 0
281 765 1
765 281 0
282 765 1
765 282 0
283 765 1
765 283 0
284 765 1
765 284 0
285 765 1
765 285 0
286 765 1
765 286 0
287 765 1
765 287 0
288 765 1
765 288 0
289 765 1
765 289 0
290 765 1
765 290 0
291 765 1
765 291 0
292 765 1
765 292 0
293 765 1
765 293 0
294 765 1
765 294 0
295 765 1
765 295 0
296 765 1
765 296 0
297 765 1
765 297 0
298 765 1
765 298 0
299 765 1
765 299 0
300 765 1
765 300 0
301 765 1
765 301 0
302 765 1
765 302 0
303 765 1
765 303 0
304 765 1
765 304 0
305 765 1
765 305 0
306 765 1
765 306 0
307 765 1
765 307 0
308 765 1
765 308 0
309 765 1
765 309 0
310 765 1
765 310 0
311 765 1
765 311 0
312 765 1
765 312 0
313 765 1
765 313 0
314 765 1
765 314 0
315 765 1
765 315 0
316 765 1
765 316 0
317 765 1
765 317 0
318 765 1
765 318 0
319 765 1
765 319 0
320 765 1
765 320 0
321 765 1
765 321 0
322 765 1
765 322 0
323 765 1
765 323 0
324 765 1
765 324 0
325 765 1
765 325 0
326 765 1
765 326 0
327 765 1
765 327 0
328 765 1
765 328 0
329 765 1
765 329 0
330 765 1
765 330 0
331 765 1
765 331 0
332 765 1
765 332 0
333 765 1
765 333 0
334 765 1
765 334 0
335 765 1
765 335 0
336 765 1
765 336 0
337 765 1
765 337 0
338 765 1
765 338 0
339 765 1
765 339 0
340 765 1
765 340 0
341 765 1
765 341 0
342 765 1
765 342 0
343 765 1
765 343 0
344 765 1
765 344 0
345 765 1
765 345 0
346 765 1
765 346 0
347 765 1
765 347 0
348 765 1
765 348 0
349 765 1
765 349 0
350 765 1
765 350 0
351 765 1
765 351 0
352 765 1
765 352 0
353 765 1
765 353 0
354 765 1
765 354 0
355 765 1
765 355 0
356 765 1
765 356 0
357 765 1
765 357 0
358 765 1
765 358 0
359 765 1
765 359 0
360 765 1
765 360 0
361 765 1
765 361 0
362 765 1
765 362 0
363 765 1
765 363 0
364 765 1
765 364 0
365 765 1
765 365 0
366 765 1
765 366 0
367 765 1
765 367 0
368 765 1
765 368 0
369 765 1
765 369 0
370 765 1
765 370 0
371 765 1
765 371 0
372 765 1
765 372 0
373 765 1
765 373 0
374 765 1
765 374 0
375 765 1
765 375 0
376 765 1
765 376 0
377 765 1
765 377 0
378 765 1
765 378 0
379 765 1
765 379 0
380 765 1
765 380 0
381 765 1
765 381 0
382 765 1
765 382 0
383 765 1
765 383 0
384 765 1
765 384 0
385 765 1
765 385 0
386 765 1
765 386 0
387 765 1
765 387 0
388 765 1
765 388 0
389 765 1
765 389 0
390 765 1
765 390 0
391 765 1
765 391 0
392 765 1
765 392 0
393 765 1
765 393 0
394 765 1
765 394 0
395 765 1
765 395 0
396 765 1
765 396 0
397 765 1
765 397 0
398 765 1
765 398 0
399 765 1
765 399 0
400 765 1
765 400 0
401 765 1
765 401 0
402 765 1
765 402 0
403 765 1
765 403 0
404 765 1
765 404 0
405 765 1
765 405 0
406 765 1
765 406 0
407 765 1
765 407 0
408 765 1
765 408 0
409 765 1
765 409 0
410 765 1
765 410 0
411 765 1
765 411 0
412 765 1
765 412 0
413 765 1
765 413 0
414 765 1
765 414 0
415 765 1
765 415 0
416 765 1
765 416 0
417 765 1
765 417 0
418 765 1
765 418 0
419 765 1
765 419 0
420 765 1
765 420 0
421 765 1
765 421 0
422 765 1
765 422 0
423 765 1
765 423 0
424 765 1
765 424 0
425 765 1
765 425 0
426 765 1
765 426 0
427 765 1
765 427 0
428 765 1
765 428 0
429 765 1
765 429 0
430 765 1
765 430 0
431 765 1
765 431 0
432 765 1
765 432 0
433 765 1
765 433 0
434 765 1
765 434 0
435 765 1
765 435 0
436 765 1
765 436 0
437 765 1
765 437 0
438 765 1
765 438 0
439 765 1
765 439 0
440 765 1
765 440 0
441 765 1
765 441 0
442 765 1
765 442 0
443 765 1
765 443 0
444 765 1
765 444 0
445 765 1
765 445 0
446 765 1
765 446 0
447 765 1
765 447 0
448 765 1
765 448 0
449 765 1
765 449 0
450 765 1
765 450 0
451 765 1
765 451 0
452 765 1
765 452 0
453 765 1
765 453 0
454 765 1
765 454 0
455 765 1
765 455 0
456 765 1
765 456 0
457 765 1
765 457 0
458 765 1
765 458 0
459 765 1
765 459 0
460 765 1
765 460 0
461 765 1
765 461 0
462 765 1
765 462 0
463 765 1
765 463 0
464 765 1
765 464 0
465 765 1
765 465 0
466 765 1
765 466 0
467 765 1
765 467 0
468 765 1
765 468 0
469 765 1
765 469 0
470 765 1
765 470 0
471 765 1
765 471 0
472 765 1
765 472 0
473 765 1
765 473 0
474 765 1
765 474 0
475 765 1
765 475 0
476 765 1
765 476 0
477 765 1
765 477 0
478 765 1
765 478 0
479 765 1
765 479 0
480 765 1
765 480 0
481 765 1
765 481 0
482 765 1
765 482 0
483 765 1
765 483 0
484 765 1
765 484 0
485 765 1
765 485 0
486 765 1
765 486 0
487 765 1
765 487 0
488 765 1
765 488 0
489 765 1
765 489 0
490 765 1
765 490 0
491 765 1
765 491 0
492 765 1
765 492 0
493 765 1
765 493 0
494 765 1
765 494 0
495 765 1
765 495 0
496 765 1
765 496 0
497 765 1
765 497 0
498 765 1
765 498 0
499 765 1
765 499 0
500 765 1
765 500 0
501 765 1
765 501 0
502 765 1
765 502 0
503 765 1
765 503 0
504 765 1
765 504 0
505 765 1
765 505 0
506 765 1
765 506 0
507 765 1
765 507 0
508 765 1
765 508 0
509 765 1
765 509 0
510 765 1
765 510 0
511 765 1
765 511 0
512 765 1
765 512 0
513 765 1
765 513 0
514 765 1
765 514 0
515 765 1
765 515 0
516 765 1
765 516 0
517 765 1
765 517 0
518 765 1
765 518 0
519 765 1
765 519 0
520 765 1
765 520 0
521 765 1
765 521 0
522 765 1
765 522 0
523 765 1
765 523 0
524 765 1
765 524 0
525 765 1
765 525 0
526 765 1
765 526 0
527 765 1
765 527 0
528 765 1
765 528 0
529 765 1
765 529 0
530 765 1
765 530 0
531 765 1
765 531 0
532 765 1
765 532 0
533 765 1
765 533 0
534 765 1
765 534 0
535 765 1
765 535 0
536 765 1
765 536 0
537 765 1
765 537 0
538 765 1
765 538 0
539 765 1
765 539 0
540 765 1
765 540 0
541 765 1
765 541 0
542 765 1
765 542 0
543 765 1
765 543 0
544 765 1
765 544 0
545 765 1
765 545 0
546 765 1
765 546 0
547 765 1
765 547 0
548 765 1
765 548 0
549 765 1
765 549 0
550 765 1
765 550 0
551 765 1
765 551 0
552 765 1
765 552 0
553 765 1
765 553 0
554 765 1
765 554 0
555 765 1
765 555 0
556 765 1
765 556 0
557 765 1
765 557 0
558 765 1
765 558 0
559 765 1
765 559 0
560 765 1
765 560 0
561 765 1
765 561 0
562 765 1
765 562 0
563 765 1
765 563 0
564 765 1
765 564 0
565 765 1
765 565 0
566 765 1
765 566 0
567 765 1
765 567 0
568 765 1
765 568 0
569 765 1
765 569 0
570 765 1
765 570 0
571 765 1
765 571 0
572 765 1
765 572 0
573 765 1
765 573 0
574 765 1
765 574 0
575 765 1
765 575 0
576 765 1
765 576 0
577 765 14
765 577 0
578 765 14
765 578 0
579 765 14
765 579 0
580 765 14
765 580 0
581 765 14
765 581 0
582 765 14
765 582 0
583 765 14
765 583 0
584 765 14
765 584 0
585 765 14
765 585 0
586 765 14
765 586 0
587 765 14
765 587 0
588 765 14
765 588 0
589 765 14
765 589 0
590 765 14
765 590 0
591 765 14
765 591 0
592 765 14
765 592 0
593 765 14
765 593 0
594 765 14
765 594 0
595 765 14
765 595 0
596 765 14
765 596 0
597 765 14
765 597 0
598 765 14
765 598 0
599 765 14
765 599 0
600 765 14
765 600 0
601 765 14
765 601 0
602 765 14
765 602 0
603 765 14
765 603 0
604 765 14
765 604 0
605 765 14
765 605 0
606 765 14
765 606 0
607 765 14
765 607 0
608 765 14
765 608 0
609 765 14
765 609 0
610 765 14
765 610 0
611 765 14
765 611 0
612 765 14
765 612 0
613 765 14
765 613 0
614 765 14
765 614 0
615 765 14
765 615 0
616 765 14
765 616 0
617 765 14
765 617 0
618 765 14
765 618 0
619 765 14
765 619 0
620 765 14
765 620 0
621 765 14
765 621 0
622 765 14
765 622 0
623 765 14
765 623 0
624 765 14
765 624 0
625 765 14
765 625 0
626 765 14
765 626 0
627 765 14
765 627 0
628 765 14
765 628 0
629 765 14
765 629 0
630 765 14
765 630 0
631 765 14
765 631 0
632 765 14
765 632 0
633 765 14
765 633 0
634 765 14
765 634 0
635 765 14
765 635 0
636 765 14
765 636 0
637 765 14
765 637 0
638 765 14
765 638 0
639 765 14
765 639 0
640 765 14
765 640 0
641 765 14
765 641 0
642 765 14
765 642 0
643 765 14
765 643 0
644 765 14
765 644 0
645 765 14
765 645 0
646 765 14
765 646 0
647 765 14
765 647 0
648 765 14
765 648 0
649 765 14
765 649 0
650 765 14
765 650 0
651 765 14
765 651 0
652 765 14
765 652 0
653 765 14
765 653 0
654 765 14
765 654 0
655 765 14
765 655 0
656 765 14
765 656 0
657 765 14
765 657 0
658 765 14
765 658 0
659 765 14
765 659 0
660 765 14
765 660 0
661 765 14
765 661 0
662 765 14
765 662 0
663 765 14
765 663 0
664 765 14
765 664 0
665 765 14
765 665 0
666 765 14
765 666 0
667 765 14
765 667 0
668 765 14
765 668 0
669 765 14
765 669 0
670 765 14
765 670 0
671 765 14
765 671 0
672 765 14
765 672 0
673 765 14
765 673 0
674 765 14
765 674 0
675 765 14
765 675 0
676 765 14
765 676 0
677 765 14
765 677 0
678 765 14
765 678 0
679 765 14
765 679 0
680 765 14
765 680 0
681 765 14
765 681 0
682 765 14
765 682 0
683 765 14
765 683 0
684 765 14
765 684 0
685 765 14
765 685 0
686 765 14
765 686 0
687 765 14
765 687 0
688 765 14
765 688 0
689 765 14
765 689 0
690 765 14
765 690 0
691 765 14
765 691 0
692 765 14
765 692 0
693 765 14
765 693 0
694 765 14
765 694 0
695 765 14
765 695 0
696 765 14
765 696 0
697 765 14
765 697 0
698 765 14
765 698 0
699 765 14
765 699 0
700 765 14
765 700 0
701 765 14
765 701 0
702 765 14
765 702 0
703 765 14
765 703 0
704 765 14
765 704 0
705 765 14
765 705 0
706 765 14
765 706 0
707 765 14
765 707 0
708 765 14
765 708 0
709 765 14
765 709 0
710 765 14
765 710 0
711 765 14
765 711 0
712 765 14
765 712 0
713 765 14
765 713 0
714 765 14
765 714 0
715 765 14
765 715 0
716 765 14
765 716 0
717 765 14
765 717 0
718 765 14
765 718 0
719 765 14
765 719 0
720 765 14
765 720 0
721 765 14
765 721 0
722 765 14
765 722 0
723 765 14
765 723 0
724 765 14
765 724 0
725 765 14
765 725 0
726 765 14
765 726 0
727 765 14
765 727 0
728 765 14
765 728 0
729 765 14
765 729 0
730 765 14
765 730 0
731 765 14
765 731 0
732 765 14
765 732 0
733 765 14
765 733 0
734 765 14
765 734 0
735 765 14
765 735 0
736 765 14
765 736 0
737 765 14
765 737 0
738 765 14
765 738 0
739 765 14
765 739 0
740 765 14
765 740 0
741 765 14
765 741 0
742 765 14
765 742 0
743 765 14
765 743 0
744 765 14
765 744 0
745 765 14
765 745 0
746 765 14
765 746 0
747 765 14
765 747 0
748 765 14
765 748 0
749 765 14
765 749 0
750 765 14
765 750 0
751 765 14
765 751 0
752 765 14
765 752 0
753 765 14
765 753 0
754 765 14
765 754 0
755 765 14
765 755 0
756 765 14
765 756 0
757 765 14
765 757 0
758 765 14
765 758 0
759 765 14
765 759 0
760 765 14
765 760 0
761 765 14
765 761 0
762 765 14
765 762 0
763 765 14
765 763 0
764 765 14
765 764 0
