3193 3192 2763 6384
1 3193 1
3193 1 0
2 3193 1
3193 2 0
3 3193 1
3193 3 0
4 3193 1
3193 4 0
5 3193 1
3193 5 0
6 3193 1
3193 6 0
7 3193 1
3193 7 0
8 3193 1
3193 8 0
9 3193 1
3193 9 0
10 3193 1
3193 10 0
11 3193 1
3193 11 0
12 3193 1
3193 12 0
13 3193 1
3193 13 0
14 3193 1
3193 14 0
15 3193 1
3193 15 0
16 3193 1
3193 16 0
17 3193 1
3193 17 0
18 3193 1
3193 18 0
19 3193 1
3193 19 0
20 3193 1
3193 20 0
21 3193 1
3193 21 0
22 3193 1
3193 22 0
23 3193 1
3193 23 0
24 3193 1
3193 24 0
25 3193 1
3193 25 0
26 3193 1
3193 26 0
27 3193 1
3193 27 0
28 3193 1
3193 28 0
29 3193 1
3193 29 0
30 3193 1
3193 30 0
31 3193 1
3193 31 0
32 3193 1
3193 32 0
33 3193 1
3193 33 0
34 3193 1
3193 34 0
35 3193 1
3193 35 0
36 3193 1
3193 36 0
37 3193 1
3193 37 0
38 3193 1
3193 38 0
39 3193 1
3193 39 0
40 3193 1
3193 40 0
41 3193 1
3193 41 0
42 3193 1
3193 42 0
43 3193 1
3193 43 0
44 3193 1
3193 44 0
45 3193 1
3193 45 0
46 3193 1
3193 46 0
47 3193 1
3193 47 0
48 3193 1
3193 48 0
49 3193 1
3193 49 0
50 3193 1
3193 50 0
51 3193 1
3193 51 0
52 3193 1
3193 52 0
53 3193 1
3193 53 0
54 3193 1
3193 54 0
55 3193 1
3193 55 0
56 3193 1
3193 56 0
57 3193 1
3193 57 0
58 3193 1
3193 58 0
59 3193 1
3193 59 0
60 3193 1
3193 60 0
61 3193 1
3193 61 0
62 3193 1
3193 62 0
63 3193 1
3193 63 0
64 3193 1
3193 64 0
65 3193 1
3193 65 0
66 3193 1
3193 66 0
67 3193 1
3193 67 0
68 3193 1
3193 68 0
69 3193 1
3193 69 0
70 3193 1
3193 70 0
71 3193 1
3193 71 0
72 3193 1
3193 72 0
73 3193 1
3193 73 0
74 3193 1
3193 74 0
75 3193 1
3193 75 0
76 3193 1
3193 76 0
77 3193 1
3193 77 0
78 3193 1
3193 78 0
79 3193 1
3193 79 0
80 3193 1
3193 80 0
81 3193 1
3193 81 0
82 3193 1
3193 82 0
83 3193 1
3193 83 0
84 3193 1
3193 84 0
85 3193 1
3193 85 0
86 3193 1
3193 86 0
87 3193 1
3193 87 0
88 3193 1
3193 88 0
89 3193 1
3193 89 0
90 3193 1
3193 90 0
91 3193 1
3193 91 0
92 3193 1
3193 92 0
93 3193 1
3193 93 0
94 3193 1
3193 94 0
95 3193 1
3193 95 0
96 3193 1
3193 96 0
97 3193 1
3193 97 0
98 3193 1
3193 98 0
99 3193 1
3193 99 0
100 3193 1
3193 100 0
101 3193 1
3193 101 0
102 3193 1
3193 102 0
103 3193 1
3193 103 0
104 3193 1
3193 104 0
105 3193 1
3193 105 0
106 3193 1
3193 106 0
107 3193 1
3193 107 0
108 3193 1
3193 108 0
109 3193 1
3193 109 0
110 3193 1
3193 110 0
111 3193 1
3193 111 0
112 3193 1
3193 112 0
113 3193 1
3193 113 0
114 3193 1
3193 114 0
115 3193 1
3193 115 0
116 3193 1
3193 116 0
117 3193 1
3193 117 0
118 3193 1
3193 118 0
119 3193 1
3193 119 0
120 3193 1
3193 120 0
121 3193 1
3193 121 0
122 3193 1
3193 122 0
123 3193 1
3193 123 0
124 3193 1
3193 124 0
125 3193 1
3193 125 0
126 3193 1
3193 126 0
127 3193 1
3193 127 0
128 3193 1
3193 128 0
129 3193 1
3193 129 0
130 3193 1
3193 130 0
131 3193 1
3193 131 0
132 3193 1
3193 132 0
133 3193 1
3193 133 0
134 3193 1
3193 134 0
135 3193 1
3193 135 0
136 3193 1
3193 136 0
137 3193 1
3193 137 0
138 3193 1
3193 138 0
139 3193 1
3193 139 0
140 3193 1
3193 140 0
141 3193 1
3193 141 0
142 3193 1
3193 142 0
143 3193 1
3193 143 0
144 3193 1
3193 144 0
145 3193 1
3193 145 0
146 3193 1
3193 146 0
147 3193 1
3193 147 0
148 3193 1
3193 148 0
149 3193 1
3193 149 0
150 3193 1
3193 150 0
151 3193 1
3193 151 0
152 3193 1
3193 152 0
153 3193 1
3193 153 0
154 3193 1
3193 154 0
155 3193 1
3193 155 0
156 3193 1
3193 156 0
157 3193 1
3193 157 0
158 3193 1
3193 158 0
159 3193 1
3193 159 0
160 3193 1
3193 160 0
161 3193 1
3193 161 0
162 3193 1
3193 162 0
163 3193 1
3193 163 0
164 3193 1
3193 164 0
165 3193 1
3193 165 0
166 3193 1
3193 166 0
167 3193 1
3193 167 0
168 3193 1
3193 168 0
169 3193 1
3193 169 0
170 3193 1
3193 170 0
171 3193 1
3193 171 0
172 3193 1
3193 172 0
173 3193 1
3193 173 0
174 3193 1
3193 174 0
175 3193 1
3193 175 0
176 3193 1
3193 176 0
177 3193 1
3193 177 0
178 3193 1
3193 178 0
179 3193 1
3193 179 0
180 3193 1
3193 180 0
181 3193 1
3193 181 0
182 3193 1
3193 182 0
183 3193 1
3193 183 0
184 3193 1
3193 184 0
185 3193 1
3193 185 0
186 3193 1
3193 186 0
187 3193 1
3193 187 0
188 3193 1
3193 188 0
189 3193 1
3193 189 0
190 3193 1
3193 190 0
191 3193 1
3193 191 0
192 3193 1
3193 192 0
193 3193 1
3193 193 0
194 3193 1
3193 194 0
195 3193 1
3193 195 0
196 3193 1
3193 196 0
197 3193 1
3193 197 0
198 3193 1
3193 198 0
199 3193 1
3193 199 0
200 3193 1
3193 200 0
201 3193 1
3193 201 0
202 3193 1
3193 202 0
203 3193 1
3193 203 0
204 3193 1
3193 204 0
205 3193 1
3193 205 0
206 3193 1
3193 206 0
207 3193 1
3193 207 0
208 3193 1
3193 208 0
209 3193 1
3193 209 0
210 3193 1
3193 210 0
211 3193 1
3193 211 0
212 3193 1
3193 212 0
213 3193 1
3193 213 0
214 3193 1
3193 214 0
215 3193 1
3193 215 0
216 3193 1
3193 216 0
217 3193 1
3193 217 0
218 3193 1
3193 218 0
219 3193 1
3193 219 0
220 3193 1
3193 220 0
221 3193 1
3193 221 0
222 3193 1
3193 222 0
223 3193 1
3193 223 0
224 3193 1
3193 224 0
225 3193 1
3193 225 0
226 3193 1
3193 226 0
227 3193 1
3193 227 0
228 3193 1
3193 228 0
229 3193 1
3193 229 0
230 3193 1
3193 230 0
231 3193 1
3193 231 0
232 3193 1
3193 232 0
233 3193 1
3193 233 0
234 3193 1
3193 234 0
235 3193 1
3193 235 0
236 3193 1
3193 236 0
237 3193 1
3193 237 0
238 3193 1
3193 238 0
239 3193 1
3193 239 0
240 3193 1
3193 240 0
241 3193 1
3193 241 0
242 3193 1
3193 242 0
243 3193 1
3193 243 0
244 3193 1
3193 244 0
245 3193 1
3193 245 0
246 3193 1
3193 246 0
247 3193 1
3193 247 0
248 3193 1
3193 248 0
249 3193 1
3193 249 0
250 3193 1
3193 250 0
251 3193 1
3193 251 0
252 3193 1
3193 252 0
253 3193 1
3193 253 0
254 3193 1
3193 254 0
255 3193 1
3193 255 0
256 3193 1
3193 256 0
257 3193 1
3193 257 0
258 3193 1
3193 258 0
259 3193 1
3193 259 0
260 3193 1
3193 260 0
261 3193 1
3193 261 0
262 3193 1
3193 262 0
263 3193 1
3193 263 0
264 3193 1
3193 264 0
265 3193 1
3193 265 0
266 3193 1
3193 266 0
267 3193 1
3193 267 0
268 3193 1
3193 268 0
269 3193 1
3193 269 0
270 3193 1
3193 270 0
271 3193 1
3193 271 0
272 3193 1
3193 272 0
273 3193 1
3193 273 0
274 3193 1
3193 274 0
275 3193 1
3193 275 0
276 3193 1
3193 276 0
277 3193 1
3193 277 0
278 3193 1
3193 278 0
279 3193 1
3193 279 0
280 3193 1
3193 280 0
281 3193 1
3193 281 0
282 3193 1
3193 282 0
283 3193 1
3193 283 0
284 3193 1
3193 284 0
285 3193 1
3193 285 0
286 3193 1
3193 286 0
287 3193 1
3193 287 0
288 3193 1
3193 288 0
289 3193 1
3193 289 0
290 3193 1
3193 290 0
291 3193 1
3193 291 0
292 3193 1
3193 292 0
293 3193 1
3193 293 0
294 3193 1
3193 294 0
295 3193 1
3193 295 0
296 3193 1
3193 296 0
297 3193 1
3193 297 0
298 3193 1
3193 298 0
299 3193 1
3193 299 0
300 3193 1
3193 300 0
301 3193 1
3193 301 0
302 3193 1
3193 302 0
303 3193 1
3193 303 0
304 3193 1
3193 304 0
305 3193 1
3193 305 0
306 3193 1
3193 306 0
307 3193 1
3193 307 0
308 3193 1
3193 308 0
309 3193 1
3193 309 0
310 3193 1
3193 310 0
311 3193 1
3193 311 0
312 3193 1
3193 312 0
313 3193 1
3193 313 0
314 3193 1
3193 314 0
315 3193 1
3193 315 0
316 3193 1
3193 316 0
317 3193 1
3193 317 0
318 3193 1
3193 318 0
319 3193 1
3193 319 0
320 3193 1
3193 320 0
321 3193 1
3193 321 0
322 3193 1
3193 322 0
323 3193 1
3193 323 0
324 3193 1
3193 324 0
325 3193 1
3193 325 0
326 3193 1
3193 326 0
327 3193 1
3193 327 0
328 3193 1
3193 328 0
329 3193 1
3193 329 0
330 3193 1
3193 330 0
331 3193 1
3193 331 0
332 3193 1
3193 332 0
333 3193 1
3193 333 0
334 3193 1
3193 334 0
335 3193 1
3193 335 0
336 3193 1
3193 336 0
337 3193 1
3193 337 0
338 3193 1
3193 338 0
339 3193 1
3193 339 0
340 3193 1
3193 340 0
341 3193 1
3193 341 0
342 3193 1
3193 342 0
343 3193 1
3193 343 0
344 3193 1
3193 344 0
345 3193 1
3193 345 0
346 3193 1
3193 346 0
347 3193 1
3193 347 0
348 3193 1
3193 348 0
349 3193 1
3193 349 0
350 3193 1
3193 350 0
351 3193 1
3193 351 0
352 3193 1
3193 352 0
353 3193 1
3193 353 0
354 3193 1
3193 354 0
355 3193 1
3193 355 0
356 3193 1
3193 356 0
357 3193 1
3193 357 0
358 3193 1
3193 358 0
359 3193 1
3193 359 0
360 3193 1
3193 360 0
361 3193 1
3193 361 0
362 3193 1
3193 362 0
363 3193 1
3193 363 0
364 3193 1
3193 364 0
365 3193 1
3193 365 0
366 3193 1
3193 366 0
367 3193 1
3193 367 0
368 3193 1
3193 368 0
369 3193 1
3193 369 0
370 3193 1
3193 370 0
371 3193 1
3193 371 0
372 3193 1
3193 372 0
373 3193 1
3193 373 0
374 3193 1
3193 374 0
375 3193 1
3193 375 0
376 3193 1
3193 376 0
377 3193 1
3193 377 0
378 3193 1
3193 378 0
379 3193 1
3193 379 0
380 3193 1
3193 380 0
381 3193 1
3193 381 0
382 3193 1
3193 382 0
383 3193 1
3193 383 0
384 3193 1
3193 384 0
385 3193 1
3193 385 0
386 3193 1
3193 386 0
387 3193 1
3193 387 0
388 3193 1
3193 388 0
389 3193 1
3193 389 0
390 3193 1
3193 390 0
391 3193 1
3193 391 0
392 3193 1
3193 392 0
393 3193 1
3193 393 0
394 3193 1
3193 394 0
395 3193 1
3193 395 0
396 3193 1
3193 396 0
397 3193 1
3193 397 0
398 3193 1
3193 398 0
399 3193 1
3193 399 0
400 3193 1
3193 400 0
401 3193 1
3193 401 0
402 3193 1
3193 402 0
403 3193 1
3193 403 0
404 3193 1
3193 404 0
405 3193 1
3193 405 0
406 3193 1
3193 406 0
407 3193 1
3193 407 0
408 3193 1
3193 408 0
409 3193 1
3193 409 0
410 3193 1
3193 410 0
411 3193 1
3193 411 0
412 3193 1
3193 412 0
413 3193 1
3193 413 0
414 3193 1
3193 414 0
415 3193 1
3193 415 0
416 3193 1
3193 416 0
417 3193 1
3193 417 0
418 3193 1
3193 418 0
419 3193 1
3193 419 0
420 3193 1
3193 420 0
421 3193 1
3193 421 0
422 3193 1
3193 422 0
423 3193 1
3193 423 0
424 3193 1
3193 424 0
425 3193 1
3193 425 0
426 3193 1
3193 426 0
427 3193 1
3193 427 0
428 3193 1
3193 428 0
429 3193 1
3193 429 0
430 3193 1
3193 430 0
431 3193 1
3193 431 0
432 3193 1
3193 432 0
433 3193 1
3193 433 0
434 3193 1
3193 434 0
435 3193 1
3193 435 0
436 3193 1
3193 436 0
437 3193 1
3193 437 0
438 3193 1
3193 438 0
439 3193 1
3193 439 0
440 3193 1
3193 440 0
441 3193 1
3193 441 0
442 3193 1
3193 442 0
443 3193 1
3193 443 0
444 3193 1
3193 444 0
445 3193 1
3193 445 0
446 3193 1
3193 446 0
447 3193 1
3193 447 0
448 3193 1
3193 448 0
449 3193 1
3193 449 0
450 3193 1
3193 450 0
451 3193 1
3193 451 0
452 3193 1
3193 452 0
453 3193 1
3193 453 0
454 3193 1
3193 454 0
455 3193 1
3193 455 0
456 3193 1
3193 456 0
457 3193 1
3193 457 0
458 3193 1
3193 458 0
459 3193 1
3193 459 0
460 3193 1
3193 460 0
461 3193 1
3193 461 0
462 3193 1
3193 462 0
463 3193 1
3193 463 0
464 3193 1
3193 464 0
465 3193 1
3193 465 0
466 3193 1
3193 466 0
467 3193 1
3193 467 0
468 3193 1
3193 468 0
469 3193 1
3193 469 0
470 3193 1
3193 470 0
471 3193 1
3193 471 0
472 3193 1
3193 472 0
473 3193 1
3193 473 0
474 3193 1
3193 474 0
475 3193 1
3193 475 0
476 3193 1
3193 476 0
477 3193 1
3193 477 0
478 3193 1
3193 478 0
479 3193 1
3193 479 0
480 3193 1
3193 480 0
481 3193 1
3193 481 0
482 3193 1
3193 482 0
483 3193 1
3193 483 0
484 3193 1
3193 484 0
485 3193 1
3193 485 0
486 3193 1
3193 486 0
487 3193 1
3193 487 0
488 3193 1
3193 488 0
489 3193 1
3193 489 0
490 3193 1
3193 490 0
491 3193 1
3193 491 0
492 3193 1
3193 492 0
493 3193 1
3193 493 0
494 3193 1
3193 494 0
495 3193 1
3193 495 0
496 3193 1
3193 496 0
497 3193 1
3193 497 0
498 3193 1
3193 498 0
499 3193 1
3193 499 0
500 3193 1
3193 500 0
501 3193 1
3193 501 0
502 3193 1
3193 502 0
503 3193 1
3193 503 0
504 3193 1
3193 504 0
505 3193 1
3193 505 0
506 3193 1
3193 506 0
507 3193 1
3193 507 0
508 3193 1
3193 508 0
509 3193 1
3193 509 0
510 3193 1
3193 510 0
511 3193 1
3193 511 0
512 3193 1
3193 512 0
513 3193 1
3193 513 0
514 3193 1
3193 514 0
515 3193 1
3193 515 0
516 3193 1
3193 516 0
517 3193 1
3193 517 0
518 3193 1
3193 518 0
519 3193 1
3193 519 0
520 3193 1
3193 520 0
521 3193 1
3193 521 0
522 3193 1
3193 522 0
523 3193 1
3193 523 0
524 3193 1
3193 524 0
525 3193 1
3193 525 0
526 3193 1
3193 526 0
527 3193 1
3193 527 0
528 3193 1
3193 528 0
529 3193 1
3193 529 0
530 3193 1
3193 530 0
531 3193 1
3193 531 0
532 3193 1
3193 532 0
533 3193 1
3193 533 0
534 3193 1
3193 534 0
535 3193 1
3193 535 0
536 3193 1
3193 536 0
537 3193 1
3193 537 0
538 3193 1
3193 538 0
539 3193 1
3193 539 0
540 3193 1
3193 540 0
541 3193 1
3193 541 0
542 3193 1
3193 542 0
543 3193 1
3193 543 0
544 3193 1
3193 544 0
545 3193 1
3193 545 0
546 3193 1
3193 546 0
547 3193 1
3193 547 0
548 3193 1
3193 548 0
549 3193 1
3193 549 0
550 3193 1
3193 550 0
551 3193 1
3193 551 0
552 3193 1
3193 552 0
553 3193 1
3193 553 0
554 3193 1
3193 554 0
555 3193 1
3193 555 0
556 3193 1
3193 556 0
557 3193 1
3193 557 0
558 3193 1
3193 558 0
559 3193 1
3193 559 0
560 3193 1
3193 560 0
561 3193 1
3193 561 0
562 3193 1
3193 562 0
563 3193 1
3193 563 0
564 3193 1
3193 564 0
565 3193 1
3193 565 0
566 3193 1
3193 566 0
567 3193 1
3193 567 0
568 3193 1
3193 568 0
569 3193 1
3193 569 0
570 3193 1
3193 570 0
571 3193 1
3193 571 0
572 3193 1
3193 572 0
573 3193 1
3193 573 0
574 3193 1
3193 574 0
575 3193 1
3193 575 0
576 3193 1
3193 576 0
577 3193 1
3193 577 0
578 3193 1
3193 578 0
579 3193 1
3193 579 0
580 3193 1
3193 580 0
581 3193 1
3193 581 0
582 3193 1
3193 582 0
583 3193 1
3193 583 0
584 3193 1
3193 584 0
585 3193 1
3193 585 0
586 3193 1
3193 586 0
587 3193 1
3193 587 0
588 3193 1
3193 588 0
589 3193 1
3193 589 0
590 3193 1
3193 590 0
591 3193 1
3193 591 0
592 3193 1
3193 592 0
593 3193 1
3193 593 0
594 3193 1
3193 594 0
595 3193 1
3193 595 0
596 3193 1
3193 596 0
597 3193 1
3193 597 0
598 3193 1
3193 598 0
599 3193 1
3193 599 0
600 3193 1
3193 600 0
601 3193 1
3193 601 0
602 3193 1
3193 602 0
603 3193 1
3193 603 0
604 3193 1
3193 604 0
605 3193 1
3193 605 0
606 3193 1
3193 606 0
607 3193 1
3193 607 0
608 3193 1
3193 608 0
609 3193 1
3193 609 0
610 3193 1
3193 610 0
611 3193 1
3193 611 0
612 3193 1
3193 612 0
613 3193 1
3193 613 0
614 3193 1
3193 614 0
615 3193 1
3193 615 0
616 3193 1
3193 616 0
617 3193 1
3193 617 0
618 3193 1
3193 618 0
619 3193 1
3193 619 0
620 3193 1
3193 620 0
621 3193 1
3193 621 0
622 3193 1
3193 622 0
623 3193 1
3193 623 0
624 3193 1
3193 624 0
625 3193 1
3193 625 0
626 3193 1
3193 626 0
627 3193 1
3193 627 0
628 3193 1
3193 628 0
629 3193 1
3193 629 0
630 3193 1
3193 630 0
631 3193 1
3193 631 0
632 3193 1
3193 632 0
633 3193 1
3193 633 0
634 3193 1
3193 634 0
635 3193 1
3193 635 0
636 3193 1
3193 636 0
637 3193 1
3193 637 0
638 3193 1
3193 638 0
639 3193 1
3193 639 0
640 3193 1
3193 640 0
641 3193 1
3193 641 0
642 3193 1
3193 642 0
643 3193 1
3193 643 0
644 3193 1
3193 644 0
645 3193 1
3193 645 0
646 3193 1
3193 646 0
647 3193 1
3193 647 0
648 3193 1
3193 648 0
649 3193 1
3193 649 0
650 3193 1
3193 650 0
651 3193 1
3193 651 0
652 3193 1
3193 652 0
653 3193 1
3193 653 0
654 3193 1
3193 654 0
655 3193 1
3193 655 0
656 3193 1
3193 656 0
657 3193 1
3193 657 0
658 3193 1
3193 658 0
659 3193 1
3193 659 0
660 3193 1
3193 660 0
661 3193 1
3193 661 0
662 3193 1
3193 662 0
663 3193 1
3193 663 0
664 3193 1
3193 664 0
665 3193 1
3193 665 0
666 3193 1
3193 666 0
667 3193 1
3193 667 0
668 3193 1
3193 668 0
669 3193 1
3193 669 0
670 3193 1
3193 670 0
671 3193 1
3193 671 0
672 3193 1
3193 672 0
673 3193 1
3193 673 0
674 3193 1
3193 674 0
675 3193 1
3193 675 0
676 3193 1
3193 676 0
677 3193 1
3193 677 0
678 3193 1
3193 678 0
679 3193 1
3193 679 0
680 3193 1
3193 680 0
681 3193 1
3193 681 0
682 3193 1
3193 682 0
683 3193 1
3193 683 0
684 3193 1
3193 684 0
685 3193 1
3193 685 0
686 3193 1
3193 686 0
687 3193 1
3193 687 0
688 3193 1
3193 688 0
689 3193 1
3193 689 0
690 3193 1
3193 690 0
691 3193 1
3193 691 0
692 3193 1
3193 692 0
693 3193 1
3193 693 0
694 3193 1
3193 694 0
695 3193 1
3193 695 0
696 3193 1
3193 696 0
697 3193 1
3193 697 0
698 3193 1
3193 698 0
699 3193 1
3193 699 0
700 3193 1
3193 700 0
701 3193 1
3193 701 0
702 3193 1
3193 702 0
703 3193 1
3193 703 0
704 3193 1
3193 704 0
705 3193 1
3193 705 0
706 3193 1
3193 706 0
707 3193 1
3193 707 0
708 3193 1
3193 708 0
709 3193 1
3193 709 0
710 3193 1
3193 710 0
711 3193 1
3193 711 0
712 3193 1
3193 712 0
713 3193 1
3193 713 0
714 3193 1
3193 714 0
715 3193 1
3193 715 0
716 3193 1
3193 716 0
717 3193 1
3193 717 0
718 3193 1
3193 718 0
719 3193 1
3193 719 0
720 3193 1
3193 720 0
721 3193 1
3193 721 0
722 3193 1
3193 722 0
723 3193 1
3193 723 0
724 3193 1
3193 724 0
725 3193 1
3193 725 0
726 3193 1
3193 726 0
727 3193 1
3193 727 0
728 3193 1
3193 728 0
729 3193 1
3193 729 0
730 3193 1
3193 730 0
731 3193 1
3193 731 0
732 3193 1
3193 732 0
733 3193 1
3193 733 0
734 3193 1
3193 734 0
735 3193 1
3193 735 0
736 3193 1
3193 736 0
737 3193 1
3193 737 0
738 3193 1
3193 738 0
739 3193 1
3193 739 0
740 3193 1
3193 740 0
741 3193 1
3193 741 0
742 3193 1
3193 742 0
743 3193 1
3193 743 0
744 3193 1
3193 744 0
745 3193 1
3193 745 0
746 3193 1
3193 746 0
747 3193 1
3193 747 0
748 3193 1
3193 748 0
749 3193 1
3193 749 0
750 3193 1
3193 750 0
751 3193 1
3193 751 0
752 3193 1
3193 752 0
753 3193 1
3193 753 0
754 3193 1
3193 754 0
755 3193 1
3193 755 0
756 3193 1
3193 756 0
757 3193 1
3193 757 0
758 3193 1
3193 758 0
759 3193 1
3193 759 0
760 3193 1
3193 760 0
761 3193 1
3193 761 0
762 3193 1
3193 762 0
763 3193 1
3193 763 0
764 3193 1
3193 764 0
765 3193 1
3193 765 0
766 3193 1
3193 766 0
767 3193 1
3193 767 0
768 3193 1
3193 768 0
769 3193 1
3193 769 0
770 3193 1
3193 770 0
771 3193 1
3193 771 0
772 3193 1
3193 772 0
773 3193 1
3193 773 0
774 3193 1
3193 774 0
775 3193 1
3193 775 0
776 3193 1
3193 776 0
777 3193 1
3193 777 0
778 3193 1
3193 778 0
779 3193 1
3193 779 0
780 3193 1
3193 780 0
781 3193 1
3193 781 0
782 3193 1
3193 782 0
783 3193 1
3193 783 0
784 3193 1
3193 784 0
785 3193 1
3193 785 0
786 3193 1
3193 786 0
787 3193 1
3193 787 0
788 3193 1
3193 788 0
789 3193 1
3193 789 0
790 3193 1
3193 790 0
791 3193 1
3193 791 0
792 3193 1
3193 792 0
793 3193 1
3193 793 0
794 3193 1
3193 794 0
795 3193 1
3193 795 0
796 3193 1
3193 796 0
797 3193 1
3193 797 0
798 3193 1
3193 798 0
799 3193 1
3193 799 0
800 3193 1
3193 800 0
801 3193 1
3193 801 0
802 3193 1
3193 802 0
803 3193 1
3193 803 0
804 3193 1
3193 804 0
805 3193 1
3193 805 0
806 3193 1
3193 806 0
807 3193 1
3193 807 0
808 3193 1
3193 808 0
809 3193 1
3193 809 0
810 3193 1
3193 810 0
811 3193 1
3193 811 0
812 3193 1
3193 812 0
813 3193 1
3193 813 0
814 3193 1
3193 814 0
815 3193 1
3193 815 0
816 3193 1
3193 816 0
817 3193 1
3193 817 0
818 3193 1
3193 818 0
819 3193 1
3193 819 0
820 3193 1
3193 820 0
821 3193 1
3193 821 0
822 3193 1
3193 822 0
823 3193 1
3193 823 0
824 3193 1
3193 824 0
825 3193 1
3193 825 0
826 3193 1
3193 826 0
827 3193 1
3193 827 0
828 3193 1
3193 828 0
829 3193 1
3193 829 0
830 3193 1
3193 830 0
831 3193 1
3193 831 0
832 3193 1
3193 832 0
833 3193 1
3193 833 0
834 3193 1
3193 834 0
835 3193 1
3193 835 0
836 3193 1
3193 836 0
837 3193 1
3193 837 0
838 3193 1
3193 838 0
839 3193 1
3193 839 0
840 3193 1
3193 840 0
841 3193 1
3193 841 0
842 3193 1
3193 842 0
843 3193 1
3193 843 0
844 3193 1
3193 844 0
845 3193 1
3193 845 0
846 3193 1
3193 846 0
847 3193 1
3193 847 0
848 3193 1
3193 848 0
849 3193 1
3193 849 0
850 3193 1
3193 850 0
851 3193 1
3193 851 0
852 3193 1
3193 852 0
853 3193 1
3193 853 0
854 3193 1
3193 854 0
855 3193 1
3193 855 0
856 3193 1
3193 856 0
857 3193 1
3193 857 0
858 3193 1
3193 858 0
859 3193 1
3193 859 0
860 3193 1
3193 860 0
861 3193 1
3193 861 0
862 3193 1
3193 862 0
863 3193 1
3193 863 0
864 3193 1
3193 864 0
865 3193 1
3193 865 0
866 3193 1
3193 866 0
867 3193 1
3193 867 0
868 3193 1
3193 868 0
869 3193 1
3193 869 0
870 3193 1
3193 870 0
871 3193 1
3193 871 0
872 3193 1
3193 872 0
873 3193 1
3193 873 0
874 3193 1
3193 874 0
875 3193 1
3193 875 0
876 3193 1
3193 876 0
877 3193 1
3193 877 0
878 3193 1
3193 878 0
879 3193 1
3193 879 0
880 3193 1
3193 880 0
881 3193 1
3193 881 0
882 3193 1
3193 882 0
883 3193 1
3193 883 0
884 3193 1
3193 884 0
885 3193 1
3193 885 0
886 3193 1
3193 886 0
887 3193 1
3193 887 0
888 3193 1
3193 888 0
889 3193 1
3193 889 0
890 3193 1
3193 890 0
891 3193 1
3193 891 0
892 3193 1
3193 892 0
893 3193 1
3193 893 0
894 3193 1
3193 894 0
895 3193 1
3193 895 0
896 3193 1
3193 896 0
897 3193 1
3193 897 0
898 3193 1
3193 898 0
899 3193 1
3193 899 0
900 3193 1
3193 900 0
901 3193 1
3193 901 0
902 3193 1
3193 902 0
903 3193 1
3193 903 0
904 3193 1
3193 904 0
905 3193 1
3193 905 0
906 3193 1
3193 906 0
907 3193 1
3193 907 0
908 3193 1
3193 908 0
909 3193 1
3193 909 0
910 3193 1
3193 910 0
911 3193 1
3193 911 0
912 3193 1
3193 912 0
913 3193 1
3193 913 0
914 3193 1
3193 914 0
915 3193 1
3193 915 0
916 3193 1
3193 916 0
917 3193 1
3193 917 0
918 3193 1
3193 918 0
919 3193 1
3193 919 0
920 3193 1
3193 920 0
921 3193 1
3193 921 0
922 3193 1
3193 922 0
923 3193 1
3193 923 0
924 3193 1
3193 924 0
925 3193 1
3193 925 0
926 3193 1
3193 926 0
927 3193 1
3193 927 0
928 3193 1
3193 928 0
929 3193 1
3193 929 0
930 3193 1
3193 930 0
931 3193 1
3193 931 0
932 3193 1
3193 932 0
933 3193 1
3193 933 0
934 3193 1
3193 934 0
935 3193 1
3193 935 0
936 3193 1
3193 936 0
937 3193 1
3193 937 0
938 3193 1
3193 938 0
939 3193 1
3193 939 0
940 3193 1
3193 940 0
941 3193 1
3193 941 0
942 3193 1
3193 942 0
943 3193 1
3193 943 0
944 3193 1
3193 944 0
945 3193 1
3193 945 0
946 3193 1
3193 946 0
947 3193 1
3193 947 0
948 3193 1
3193 948 0
949 3193 1
3193 949 0
950 3193 1
3193 950 0
951 3193 1
3193 951 0
952 3193 1
3193 952 0
953 3193 1
3193 953 0
954 3193 1
3193 954 0
955 3193 1
3193 955 0
956 3193 1
3193 956 0
957 3193 1
3193 957 0
958 3193 1
3193 958 0
959 3193 1
3193 959 0
960 3193 1
3193 960 0
961 3193 1
3193 961 0
962 3193 1
3193 962 0
963 3193 1
3193 963 0
964 3193 1
3193 964 0
965 3193 1
3193 965 0
966 3193 1
3193 966 0
967 3193 1
3193 967 0
968 3193 1
3193 968 0
969 3193 1
3193 969 0
970 3193 1
3193 970 0
971 3193 1
3193 971 0
972 3193 1
3193 972 0
973 3193 1
3193 973 0
974 3193 1
3193 974 0
975 3193 1
3193 975 0
976 3193 1
3193 976 0
977 3193 1
3193 977 0
978 3193 1
3193 978 0
979 3193 1
3193 979 0
980 3193 1
3193 980 0
981 3193 1
3193 981 0
982 3193 1
3193 982 0
983 3193 1
3193 983 0
984 3193 1
3193 984 0
985 3193 1
3193 985 0
986 3193 1
3193 986 0
987 3193 1
3193 987 0
988 3193 1
3193 988 0
989 3193 1
3193 989 0
990 3193 1
3193 990 0
991 3193 1
3193 991 0
992 3193 1
3193 992 0
993 3193 1
3193 993 0
994 3193 1
3193 994 0
995 3193 1
3193 995 0
996 3193 1
3193 996 0
997 3193 1
3193 997 0
998 3193 1
3193 998 0
999 3193 1
3193 999 0
1000 3193 1
3193 1000 0
1001 3193 1
3193 1001 0
1002 3193 1
3193 1002 0
1003 3193 1
3193 1003 0
1004 3193 1
3193 1004 0
1005 3193 1
3193 1005 0
1006 3193 1
3193 1006 0
1007 3193 1
3193 1007 0
1008 3193 1
3193 1008 0
1009 3193 1
3193 1009 0
1010 3193 1
3193 1010 0
1011 3193 1
3193 1011 0
1012 3193 1
3193 1012 0
1013 3193 1
3193 1013 0
1014 3193 1
3193 1014 0
1015 3193 1
3193 1015 0
1016 3193 1
3193 1016 0
1017 3193 1
3193 1017 0
1018 3193 1
3193 1018 0
1019 3193 1
3193 1019 0
1020 3193 1
3193 1020 0
1021 3193 1
3193 1021 0
1022 3193 1
3193 1022 0
1023 3193 1
3193 1023 0
1024 3193 1
3193 1024 0
1025 3193 1
3193 1025 0
1026 3193 1
3193 1026 0
1027 3193 1
3193 1027 0
1028 3193 1
3193 1028 0
1029 3193 1
3193 1029 0
1030 3193 1
3193 1030 0
1031 3193 1
3193 1031 0
1032 3193 1
3193 1032 0
1033 3193 1
3193 1033 0
1034 3193 1
3193 1034 0
1035 3193 1
3193 1035 0
1036 3193 1
3193 1036 0
1037 3193 1
3193 1037 0
1038 3193 1
3193 1038 0
1039 3193 1
3193 1039 0
1040 3193 1
3193 1040 0
1041 3193 1
3193 1041 0
1042 3193 1
3193 1042 0
1043 3193 1
3193 1043 0
1044 3193 1
3193 1044 0
1045 3193 1
3193 1045 0
1046 3193 1
3193 1046 0
1047 3193 1
3193 1047 0
1048 3193 1
3193 1048 0
1049 3193 1
3193 1049 0
1050 3193 1
3193 1050 0
1051 3193 1
3193 1051 0
1052 3193 1
3193 1052 0
1053 3193 1
3193 1053 0
1054 3193 1
3193 1054 0
1055 3193 1
3193 1055 0
1056 3193 1
3193 1056 0
1057 3193 1
3193 1057 0
1058 3193 1
3193 1058 0
1059 3193 1
3193 1059 0
1060 3193 1
3193 1060 0
1061 3193 1
3193 1061 0
1062 3193 1
3193 1062 0
1063 3193 1
3193 1063 0
1064 3193 1
3193 1064 0
1065 3193 1
3193 1065 0
1066 3193 1
3193 1066 0
1067 3193 1
3193 1067 0
1068 3193 1
3193 1068 0
1069 3193 1
3193 1069 0
1070 3193 1
3193 1070 0
1071 3193 1
3193 1071 0
1072 3193 1
3193 1072 0
1073 3193 1
3193 1073 0
1074 3193 1
3193 1074 0
1075 3193 1
3193 1075 0
1076 3193 1
3193 1076 0
1077 3193 1
3193 1077 0
1078 3193 1
3193 1078 0
1079 3193 1
3193 1079 0
1080 3193 1
3193 1080 0
1081 3193 1
3193 1081 0
1082 3193 1
3193 1082 0
1083 3193 1
3193 1083 0
1084 3193 1
3193 1084 0
1085 3193 1
3193 1085 0
1086 3193 1
3193 1086 0
1087 3193 1
3193 1087 0
1088 3193 1
3193 1088 0
1089 3193 1
3193 1089 0
1090 3193 1
3193 1090 0
1091 3193 1
3193 1091 0
1092 3193 1
3193 1092 0
1093 3193 1
3193 1093 0
1094 3193 1
3193 1094 0
1095 3193 1
3193 1095 0
1096 3193 1
3193 1096 0
1097 3193 1
3193 1097 0
1098 3193 1
3193 1098 0
1099 3193 1
3193 1099 0
1100 3193 1
3193 1100 0
1101 3193 1
3193 1101 0
1102 3193 1
3193 1102 0
1103 3193 1
3193 1103 0
1104 3193 1
3193 1104 0
1105 3193 1
3193 1105 0
1106 3193 1
3193 1106 0
1107 3193 1
3193 1107 0
1108 3193 1
3193 1108 0
1109 3193 1
3193 1109 0
1110 3193 1
3193 1110 0
1111 3193 1
3193 1111 0
1112 3193 1
3193 1112 0
1113 3193 1
3193 1113 0
1114 3193 1
3193 1114 0
1115 3193 1
3193 1115 0
1116 3193 1
3193 1116 0
1117 3193 1
3193 1117 0
1118 3193 1
3193 1118 0
1119 3193 1
3193 1119 0
1120 3193 1
3193 1120 0
1121 3193 1
3193 1121 0
1122 3193 1
3193 1122 0
1123 3193 1
3193 1123 0
1124 3193 1
3193 1124 0
1125 3193 1
3193 1125 0
1126 3193 1
3193 1126 0
1127 3193 1
3193 1127 0
1128 3193 1
3193 1128 0
1129 3193 1
3193 1129 0
1130 3193 1
3193 1130 0
1131 3193 1
3193 1131 0
1132 3193 1
3193 1132 0
1133 3193 1
3193 1133 0
1134 3193 1
3193 1134 0
1135 3193 1
3193 1135 0
1136 3193 1
3193 1136 0
1137 3193 1
3193 1137 0
1138 3193 1
3193 1138 0
1139 3193 1
3193 1139 0
1140 3193 1
3193 1140 0
1141 3193 1
3193 1141 0
1142 3193 1
3193 1142 0
1143 3193 1
3193 1143 0
1144 3193 1
3193 1144 0
1145 3193 1
3193 1145 0
1146 3193 1
3193 1146 0
1147 3193 1
3193 1147 0
1148 3193 1
3193 1148 0
1149 3193 1
3193 1149 0
1150 3193 1
3193 1150 0
1151 3193 1
3193 1151 0
1152 3193 1
3193 1152 0
1153 3193 1
3193 1153 0
1154 3193 1
3193 1154 0
1155 3193 1
3193 1155 0
1156 3193 1
3193 1156 0
1157 3193 1
3193 1157 0
1158 3193 1
3193 1158 0
1159 3193 1
3193 1159 0
1160 3193 1
3193 1160 0
1161 3193 1
3193 1161 0
1162 3193 1
3193 1162 0
1163 3193 1
3193 1163 0
1164 3193 1
3193 1164 0
1165 3193 1
3193 1165 0
1166 3193 1
3193 1166 0
1167 3193 1
3193 1167 0
1168 3193 1
3193 1168 0
1169 3193 1
3193 1169 0
1170 3193 1
3193 1170 0
1171 3193 1
3193 1171 0
1172 3193 1
3193 1172 0
1173 3193 1
3193 1173 0
1174 3193 1
3193 1174 0
1175 3193 1
3193 1175 0
1176 3193 1
3193 1176 0
1177 3193 1
3193 1177 0
1178 3193 1
3193 1178 0
1179 3193 1
3193 1179 0
1180 3193 1
3193 1180 0
1181 3193 1
3193 1181 0
1182 3193 1
3193 1182 0
1183 3193 1
3193 1183 0
1184 3193 1
3193 1184 0
1185 3193 1
3193 1185 0
1186 3193 1
3193 1186 0
1187 3193 1
3193 1187 0
1188 3193 1
3193 1188 0
1189 3193 1
3193 1189 0
1190 3193 1
3193 1190 0
1191 3193 1
3193 1191 0
1192 3193 1
3193 1192 0
1193 3193 1
3193 1193 0
1194 3193 1
3193 1194 0
1195 3193 1
3193 1195 0
1196 3193 1
3193 1196 0
1197 3193 1
3193 1197 0
1198 3193 1
3193 1198 0
1199 3193 1
3193 1199 0
1200 3193 1
3193 1200 0
1201 3193 1
3193 1201 0
1202 3193 1
3193 1202 0
1203 3193 1
3193 1203 0
1204 3193 1
3193 1204 0
1205 3193 1
3193 1205 0
1206 3193 1
3193 1206 0
1207 3193 1
3193 1207 0
1208 3193 1
3193 1208 0
1209 3193 1
3193 1209 0
1210 3193 1
3193 1210 0
1211 3193 1
3193 1211 0
1212 3193 1
3193 1212 0
1213 3193 1
3193 1213 0
1214 3193 1
3193 1214 0
1215 3193 1
3193 1215 0
1216 3193 1
3193 1216 0
1217 3193 1
3193 1217 0
1218 3193 1
3193 1218 0
1219 3193 1
3193 1219 0
1220 3193 1
3193 1220 0
1221 3193 1
3193 1221 0
1222 3193 1
3193 1222 0
1223 3193 1
3193 1223 0
1224 3193 1
3193 1224 0
1225 3193 1
3193 1225 0
1226 3193 1
3193 1226 0
1227 3193 1
3193 1227 0
1228 3193 1
3193 1228 0
1229 3193 1
3193 1229 0
1230 3193 1
3193 1230 0
1231 3193 1
3193 1231 0
1232 3193 1
3193 1232 0
1233 3193 1
3193 1233 0
1234 3193 1
3193 1234 0
1235 3193 1
3193 1235 0
1236 3193 1
3193 1236 0
1237 3193 1
3193 1237 0
1238 3193 1
3193 1238 0
1239 3193 1
3193 1239 0
1240 3193 1
3193 1240 0
1241 3193 1
3193 1241 0
1242 3193 1
3193 1242 0
1243 3193 1
3193 1243 0
1244 3193 1
3193 1244 0
1245 3193 1
3193 1245 0
1246 3193 1
3193 1246 0
1247 3193 1
3193 1247 0
1248 3193 1
3193 1248 0
1249 3193 1
3193 1249 0
1250 3193 1
3193 1250 0
1251 3193 1
3193 1251 0
1252 3193 1
3193 1252 0
1253 3193 1
3193 1253 0
1254 3193 1
3193 1254 0
1255 3193 1
3193 1255 0
1256 3193 1
3193 1256 0
1257 3193 1
3193 1257 0
1258 3193 1
3193 1258 0
1259 3193 1
3193 1259 0
1260 3193 1
3193 1260 0
1261 3193 1
3193 1261 0
1262 3193 1
3193 1262 0
1263 3193 1
3193 1263 0
1264 3193 1
3193 1264 0
1265 3193 1
3193 1265 0
1266 3193 1
3193 1266 0
1267 3193 1
3193 1267 0
1268 3193 1
3193 1268 0
1269 3193 1
3193 1269 0
1270 3193 1
3193 1270 0
1271 3193 1
3193 1271 0
1272 3193 1
3193 1272 0
1273 3193 1
3193 1273 0
1274 3193 1
3193 1274 0
1275 3193 1
3193 1275 0
1276 3193 1
3193 1276 0
1277 3193 1
3193 1277 0
1278 3193 1
3193 1278 0
1279 3193 1
3193 1279 0
1280 3193 1
3193 1280 0
1281 3193 1
3193 1281 0
1282 3193 1
3193 1282 0
1283 3193 1
3193 1283 0
1284 3193 1
3193 1284 0
1285 3193 1
3193 1285 0
1286 3193 1
3193 1286 0
1287 3193 1
3193 1287 0
1288 3193 1
3193 1288 0
1289 3193 1
3193 1289 0
1290 3193 1
3193 1290 0
1291 3193 1
3193 1291 0
1292 3193 1
3193 1292 0
1293 3193 1
3193 1293 0
1294 3193 1
3193 1294 0
1295 3193 1
3193 1295 0
1296 3193 1
3193 1296 0
1297 3193 1
3193 1297 0
1298 3193 1
3193 1298 0
1299 3193 1
3193 1299 0
1300 3193 1
3193 1300 0
1301 3193 1
3193 1301 0
1302 3193 1
3193 1302 0
1303 3193 1
3193 1303 0
1304 3193 1
3193 1304 0
1305 3193 1
3193 1305 0
1306 3193 1
3193 1306 0
1307 3193 1
3193 1307 0
1308 3193 1
3193 1308 0
1309 3193 1
3193 1309 0
1310 3193 1
3193 1310 0
1311 3193 1
3193 1311 0
1312 3193 1
3193 1312 0
1313 3193 1
3193 1313 0
1314 3193 1
3193 1314 0
1315 3193 1
3193 1315 0
1316 3193 1
3193 1316 0
1317 3193 1
3193 1317 0
1318 3193 1
3193 1318 0
1319 3193 1
3193 1319 0
1320 3193 1
3193 1320 0
1321 3193 1
3193 1321 0
1322 3193 1
3193 1322 0
1323 3193 1
3193 1323 0
1324 3193 1
3193 1324 0
1325 3193 1
3193 1325 0
1326 3193 1
3193 1326 0
1327 3193 1
3193 1327 0
1328 3193 1
3193 1328 0
1329 3193 1
3193 1329 0
1330 3193 1
3193 1330 0
1331 3193 1
3193 1331 0
1332 3193 1
3193 1332 0
1333 3193 1
3193 1333 0
1334 3193 1
3193 1334 0
1335 3193 1
3193 1335 0
1336 3193 1
3193 1336 0
1337 3193 1
3193 1337 0
1338 3193 1
3193 1338 0
1339 3193 1
3193 1339 0
1340 3193 1
3193 1340 0
1341 3193 1
3193 1341 0
1342 3193 1
3193 1342 0
1343 3193 1
3193 1343 0
1344 3193 1
3193 1344 0
1345 3193 1
3193 1345 0
1346 3193 1
3193 1346 0
1347 3193 1
3193 1347 0
1348 3193 1
3193 1348 0
1349 3193 1
3193 1349 0
1350 3193 1
3193 1350 0
1351 3193 1
3193 1351 0
1352 3193 1
3193 1352 0
1353 3193 1
3193 1353 0
1354 3193 1
3193 1354 0
1355 3193 1
3193 1355 0
1356 3193 1
3193 1356 0
1357 3193 1
3193 1357 0
1358 3193 1
3193 1358 0
1359 3193 1
3193 1359 0
1360 3193 1
3193 1360 0
1361 3193 1
3193 1361 0
1362 3193 1
3193 1362 0
1363 3193 1
3193 1363 0
1364 3193 1
3193 1364 0
1365 3193 1
3193 1365 0
1366 3193 1
3193 1366 0
1367 3193 1
3193 1367 0
1368 3193 1
3193 1368 0
1369 3193 1
3193 1369 0
1370 3193 1
3193 1370 0
1371 3193 1
3193 1371 0
1372 3193 1
3193 1372 0
1373 3193 1
3193 1373 0
1374 3193 1
3193 1374 0
1375 3193 1
3193 1375 0
1376 3193 1
3193 1376 0
1377 3193 1
3193 1377 0
1378 3193 1
3193 1378 0
1379 3193 1
3193 1379 0
1380 3193 1
3193 1380 0
1381 3193 1
3193 1381 0
1382 3193 1
3193 1382 0
1383 3193 1
3193 1383 0
1384 3193 1
3193 1384 0
1385 3193 1
3193 1385 0
1386 3193 1
3193 1386 0
1387 3193 1
3193 1387 0
1388 3193 1
3193 1388 0
1389 3193 1
3193 1389 0
1390 3193 1
3193 1390 0
1391 3193 1
3193 1391 0
1392 3193 1
3193 1392 0
1393 3193 1
3193 1393 0
1394 3193 1
3193 1394 0
1395 3193 1
3193 1395 0
1396 3193 1
3193 1396 0
1397 3193 1
3193 1397 0
1398 3193 1
3193 1398 0
1399 3193 1
3193 1399 0
1400 3193 1
3193 1400 0
1401 3193 1
3193 1401 0
1402 3193 1
3193 1402 0
1403 3193 1
3193 1403 0
1404 3193 1
3193 1404 0
1405 3193 1
3193 1405 0
1406 3193 1
3193 1406 0
1407 3193 1
3193 1407 0
1408 3193 1
3193 1408 0
1409 3193 1
3193 1409 0
1410 3193 1
3193 1410 0
1411 3193 1
3193 1411 0
1412 3193 1
3193 1412 0
1413 3193 1
3193 1413 0
1414 3193 1
3193 1414 0
1415 3193 1
3193 1415 0
1416 3193 1
3193 1416 0
1417 3193 1
3193 1417 0
1418 3193 1
3193 1418 0
1419 3193 1
3193 1419 0
1420 3193 1
3193 1420 0
1421 3193 1
3193 1421 0
1422 3193 1
3193 1422 0
1423 3193 1
3193 1423 0
1424 3193 1
3193 1424 0
1425 3193 1
3193 1425 0
1426 3193 1
3193 1426 0
1427 3193 1
3193 1427 0
1428 3193 1
3193 1428 0
1429 3193 1
3193 1429 0
1430 3193 1
3193 1430 0
1431 3193 1
3193 1431 0
1432 3193 1
3193 1432 0
1433 3193 1
3193 1433 0
1434 3193 1
3193 1434 0
1435 3193 1
3193 1435 0
1436 3193 1
3193 1436 0
1437 3193 1
3193 1437 0
1438 3193 1
3193 1438 0
1439 3193 1
3193 1439 0
1440 3193 1
3193 1440 0
1441 3193 1
3193 1441 0
1442 3193 1
3193 1442 0
1443 3193 1
3193 1443 0
1444 3193 1
3193 1444 0
1445 3193 1
3193 1445 0
1446 3193 1
3193 1446 0
1447 3193 1
3193 1447 0
1448 3193 1
3193 1448 0
1449 3193 1
3193 1449 0
1450 3193 1
3193 1450 0
1451 3193 1
3193 1451 0
1452 3193 1
3193 1452 0
1453 3193 1
3193 1453 0
1454 3193 1
3193 1454 0
1455 3193 1
3193 1455 0
1456 3193 1
3193 1456 0
1457 3193 1
3193 1457 0
1458 3193 1
3193 1458 0
1459 3193 1
3193 1459 0
1460 3193 1
3193 1460 0
1461 3193 1
3193 1461 0
1462 3193 1
3193 1462 0
1463 3193 1
3193 1463 0
1464 3193 1
3193 1464 0
1465 3193 1
3193 1465 0
1466 3193 1
3193 1466 0
1467 3193 1
3193 1467 0
1468 3193 1
3193 1468 0
1469 3193 1
3193 1469 0
1470 3193 1
3193 1470 0
1471 3193 1
3193 1471 0
1472 3193 1
3193 1472 0
1473 3193 1
3193 1473 0
1474 3193 1
3193 1474 0
1475 3193 1
3193 1475 0
1476 3193 1
3193 1476 0
1477 3193 1
3193 1477 0
1478 3193 1
3193 1478 0
1479 3193 1
3193 1479 0
1480 3193 1
3193 1480 0
1481 3193 1
3193 1481 0
1482 3193 1
3193 1482 0
1483 3193 1
3193 1483 0
1484 3193 1
3193 1484 0
1485 3193 1
3193 1485 0
1486 3193 1
3193 1486 0
1487 3193 1
3193 1487 0
1488 3193 1
3193 1488 0
1489 3193 1
3193 1489 0
1490 3193 1
3193 1490 0
1491 3193 1
3193 1491 0
1492 3193 1
3193 1492 0
1493 3193 1
3193 1493 0
1494 3193 1
3193 1494 0
1495 3193 1
3193 1495 0
1496 3193 1
3193 1496 0
1497 3193 1
3193 1497 0
1498 3193 1
3193 1498 0
1499 3193 1
3193 1499 0
1500 3193 1
3193 1500 0
1501 3193 1
3193 1501 0
1502 3193 1
3193 1502 0
1503 3193 1
3193 1503 0
1504 3193 1
3193 1504 0
1505 3193 1
3193 1505 0
1506 3193 1
3193 1506 0
1507 3193 1
3193 1507 0
1508 3193 1
3193 1508 0
1509 3193 1
3193 1509 0
1510 3193 1
3193 1510 0
1511 3193 1
3193 1511 0
1512 3193 1
3193 1512 0
1513 3193 1
3193 1513 0
1514 3193 1
3193 1514 0
1515 3193 1
3193 1515 0
1516 3193 1
3193 1516 0
1517 3193 1
3193 1517 0
1518 3193 1
3193 1518 0
1519 3193 1
3193 1519 0
1520 3193 1
3193 1520 0
1521 3193 1
3193 1521 0
1522 3193 1
3193 1522 0
1523 3193 1
3193 1523 0
1524 3193 1
3193 1524 0
1525 3193 1
3193 1525 0
1526 3193 1
3193 1526 0
1527 3193 1
3193 1527 0
1528 3193 1
3193 1528 0
1529 3193 1
3193 1529 0
1530 3193 1
3193 1530 0
1531 3193 1
3193 1531 0
1532 3193 1
3193 1532 0
1533 3193 1
3193 1533 0
1534 3193 1
3193 1534 0
1535 3193 1
3193 1535 0
1536 3193 1
3193 1536 0
1537 3193 1
3193 1537 0
1538 3193 1
3193 1538 0
1539 3193 1
3193 1539 0
1540 3193 1
3193 1540 0
1541 3193 1
3193 1541 0
1542 3193 1
3193 1542 0
1543 3193 1
3193 1543 0
1544 3193 1
3193 1544 0
1545 3193 1
3193 1545 0
1546 3193 1
3193 1546 0
1547 3193 1
3193 1547 0
1548 3193 1
3193 1548 0
1549 3193 1
3193 1549 0
1550 3193 1
3193 1550 0
1551 3193 1
3193 1551 0
1552 3193 1
3193 1552 0
1553 3193 1
3193 1553 0
1554 3193 1
3193 1554 0
1555 3193 1
3193 1555 0
1556 3193 1
3193 1556 0
1557 3193 1
3193 1557 0
1558 3193 1
3193 1558 0
1559 3193 1
3193 1559 0
1560 3193 1
3193 1560 0
1561 3193 1
3193 1561 0
1562 3193 1
3193 1562 0
1563 3193 1
3193 1563 0
1564 3193 1
3193 1564 0
1565 3193 1
3193 1565 0
1566 3193 1
3193 1566 0
1567 3193 1
3193 1567 0
1568 3193 1
3193 1568 0
1569 3193 1
3193 1569 0
1570 3193 1
3193 1570 0
1571 3193 1
3193 1571 0
1572 3193 1
3193 1572 0
1573 3193 1
3193 1573 0
1574 3193 1
3193 1574 0
1575 3193 1
3193 1575 0
1576 3193 1
3193 1576 0
1577 3193 1
3193 1577 0
1578 3193 1
3193 1578 0
1579 3193 1
3193 1579 0
1580 3193 1
3193 1580 0
1581 3193 1
3193 1581 0
1582 3193 1
3193 1582 0
1583 3193 1
3193 1583 0
1584 3193 1
3193 1584 0
1585 3193 1
3193 1585 0
1586 3193 1
3193 1586 0
1587 3193 1
3193 1587 0
1588 3193 1
3193 1588 0
1589 3193 1
3193 1589 0
1590 3193 1
3193 1590 0
1591 3193 1
3193 1591 0
1592 3193 1
3193 1592 0
1593 3193 1
3193 1593 0
1594 3193 1
3193 1594 0
1595 3193 1
3193 1595 0
1596 3193 1
3193 1596 0
1597 3193 1
3193 1597 0
1598 3193 1
3193 1598 0
1599 3193 1
3193 1599 0
1600 3193 1
3193 1600 0
1601 3193 1
3193 1601 0
1602 3193 1
3193 1602 0
1603 3193 1
3193 1603 0
1604 3193 1
3193 1604 0
1605 3193 1
3193 1605 0
1606 3193 1
3193 1606 0
1607 3193 1
3193 1607 0
1608 3193 1
3193 1608 0
1609 3193 1
3193 1609 0
1610 3193 1
3193 1610 0
1611 3193 1
3193 1611 0
1612 3193 1
3193 1612 0
1613 3193 1
3193 1613 0
1614 3193 1
3193 1614 0
1615 3193 1
3193 1615 0
1616 3193 1
3193 1616 0
1617 3193 1
3193 1617 0
1618 3193 1
3193 1618 0
1619 3193 1
3193 1619 0
1620 3193 1
3193 1620 0
1621 3193 1
3193 1621 0
1622 3193 1
3193 1622 0
1623 3193 1
3193 1623 0
1624 3193 1
3193 1624 0
1625 3193 1
3193 1625 0
1626 3193 1
3193 1626 0
1627 3193 1
3193 1627 0
1628 3193 1
3193 1628 0
1629 3193 1
3193 1629 0
1630 3193 1
3193 1630 0
1631 3193 1
3193 1631 0
1632 3193 1
3193 1632 0
1633 3193 1
3193 1633 0
1634 3193 1
3193 1634 0
1635 3193 1
3193 1635 0
1636 3193 1
3193 1636 0
1637 3193 1
3193 1637 0
1638 3193 1
3193 1638 0
1639 3193 1
3193 1639 0
1640 3193 1
3193 1640 0
1641 3193 1
3193 1641 0
1642 3193 1
3193 1642 0
1643 3193 1
3193 1643 0
1644 3193 1
3193 1644 0
1645 3193 1
3193 1645 0
1646 3193 1
3193 1646 0
1647 3193 1
3193 1647 0
1648 3193 1
3193 1648 0
1649 3193 1
3193 1649 0
1650 3193 1
3193 1650 0
1651 3193 1
3193 1651 0
1652 3193 1
3193 1652 0
1653 3193 1
3193 1653 0
1654 3193 1
3193 1654 0
1655 3193 1
3193 1655 0
1656 3193 1
3193 1656 0
1657 3193 1
3193 1657 0
1658 3193 1
3193 1658 0
1659 3193 1
3193 1659 0
1660 3193 1
3193 1660 0
1661 3193 1
3193 1661 0
1662 3193 1
3193 1662 0
1663 3193 1
3193 1663 0
1664 3193 1
3193 1664 0
1665 3193 1
3193 1665 0
1666 3193 1
3193 1666 0
1667 3193 1
3193 1667 0
1668 3193 1
3193 1668 0
1669 3193 1
3193 1669 0
1670 3193 1
3193 1670 0
1671 3193 1
3193 1671 0
1672 3193 1
3193 1672 0
1673 3193 1
3193 1673 0
1674 3193 1
3193 1674 0
1675 3193 1
3193 1675 0
1676 3193 1
3193 1676 0
1677 3193 1
3193 1677 0
1678 3193 1
3193 1678 0
1679 3193 1
3193 1679 0
1680 3193 1
3193 1680 0
1681 3193 1
3193 1681 0
1682 3193 1
3193 1682 0
1683 3193 1
3193 1683 0
1684 3193 1
3193 1684 0
1685 3193 1
3193 1685 0
1686 3193 1
3193 1686 0
1687 3193 1
3193 1687 0
1688 3193 1
3193 1688 0
1689 3193 1
3193 1689 0
1690 3193 1
3193 1690 0
1691 3193 1
3193 1691 0
1692 3193 1
3193 1692 0
1693 3193 1
3193 1693 0
1694 3193 1
3193 1694 0
1695 3193 1
3193 1695 0
1696 3193 1
3193 1696 0
1697 3193 1
3193 1697 0
1698 3193 1
3193 1698 0
1699 3193 1
3193 1699 0
1700 3193 1
3193 1700 0
1701 3193 1
3193 1701 0
1702 3193 1
3193 1702 0
1703 3193 1
3193 1703 0
1704 3193 1
3193 1704 0
1705 3193 1
3193 1705 0
1706 3193 1
3193 1706 0
1707 3193 1
3193 1707 0
1708 3193 1
3193 1708 0
1709 3193 1
3193 1709 0
1710 3193 1
3193 1710 0
1711 3193 1
3193 1711 0
1712 3193 1
3193 1712 0
1713 3193 1
3193 1713 0
1714 3193 1
3193 1714 0
1715 3193 1
3193 1715 0
1716 3193 1
3193 1716 0
1717 3193 1
3193 1717 0
1718 3193 1
3193 1718 0
1719 3193 1
3193 1719 0
1720 3193 1
3193 1720 0
1721 3193 1
3193 1721 0
1722 3193 1
3193 1722 0
1723 3193 1
3193 1723 0
1724 3193 1
3193 1724 0
1725 3193 1
3193 1725 0
1726 3193 1
3193 1726 0
1727 3193 1
3193 1727 0
1728 3193 1
3193 1728 0
1729 3193 1
3193 1729 0
1730 3193 1
3193 1730 0
1731 3193 1
3193 1731 0
1732 3193 1
3193 1732 0
1733 3193 1
3193 1733 0
1734 3193 1
3193 1734 0
1735 3193 1
3193 1735 0
1736 3193 1
3193 1736 0
1737 3193 1
3193 1737 0
1738 3193 1
3193 1738 0
1739 3193 1
3193 1739 0
1740 3193 1
3193 1740 0
1741 3193 1
3193 1741 0
1742 3193 1
3193 1742 0
1743 3193 1
3193 1743 0
1744 3193 1
3193 1744 0
1745 3193 1
3193 1745 0
1746 3193 1
3193 1746 0
1747 3193 1
3193 1747 0
1748 3193 1
3193 1748 0
1749 3193 1
3193 1749 0
1750 3193 1
3193 1750 0
1751 3193 1
3193 1751 0
1752 3193 1
3193 1752 0
1753 3193 1
3193 1753 0
1754 3193 1
3193 1754 0
1755 3193 1
3193 1755 0
1756 3193 1
3193 1756 0
1757 3193 1
3193 1757 0
1758 3193 1
3193 1758 0
1759 3193 1
3193 1759 0
1760 3193 1
3193 1760 0
1761 3193 1
3193 1761 0
1762 3193 1
3193 1762 0
1763 3193 1
3193 1763 0
1764 3193 1
3193 1764 0
1765 3193 1
3193 1765 0
1766 3193 1
3193 1766 0
1767 3193 1
3193 1767 0
1768 3193 1
3193 1768 0
1769 3193 1
3193 1769 0
1770 3193 1
3193 1770 0
1771 3193 1
3193 1771 0
1772 3193 1
3193 1772 0
1773 3193 1
3193 1773 0
1774 3193 1
3193 1774 0
1775 3193 1
3193 1775 0
1776 3193 1
3193 1776 0
1777 3193 1
3193 1777 0
1778 3193 1
3193 1778 0
1779 3193 1
3193 1779 0
1780 3193 1
3193 1780 0
1781 3193 1
3193 1781 0
1782 3193 1
3193 1782 0
1783 3193 1
3193 1783 0
1784 3193 1
3193 1784 0
1785 3193 1
3193 1785 0
1786 3193 1
3193 1786 0
1787 3193 1
3193 1787 0
1788 3193 1
3193 1788 0
1789 3193 1
3193 1789 0
1790 3193 1
3193 1790 0
1791 3193 1
3193 1791 0
1792 3193 1
3193 1792 0
1793 3193 1
3193 1793 0
1794 3193 1
3193 1794 0
1795 3193 1
3193 1795 0
1796 3193 1
3193 1796 0
1797 3193 1
3193 1797 0
1798 3193 1
3193 1798 0
1799 3193 1
3193 1799 0
1800 3193 1
3193 1800 0
1801 3193 1
3193 1801 0
1802 3193 1
3193 1802 0
1803 3193 1
3193 1803 0
1804 3193 1
3193 1804 0
1805 3193 1
3193 1805 0
1806 3193 1
3193 1806 0
1807 3193 1
3193 1807 0
1808 3193 1
3193 1808 0
1809 3193 1
3193 1809 0
1810 3193 1
3193 1810 0
1811 3193 1
3193 1811 0
1812 3193 1
3193 1812 0
1813 3193 1
3193 1813 0
1814 3193 1
3193 1814 0
1815 3193 1
3193 1815 0
1816 3193 1
3193 1816 0
1817 3193 1
3193 1817 0
1818 3193 1
3193 1818 0
1819 3193 1
3193 1819 0
1820 3193 1
3193 1820 0
1821 3193 1
3193 1821 0
1822 3193 1
3193 1822 0
1823 3193 1
3193 1823 0
1824 3193 1
3193 1824 0
1825 3193 1
3193 1825 0
1826 3193 1
3193 1826 0
1827 3193 1
3193 1827 0
1828 3193 1
3193 1828 0
1829 3193 1
3193 1829 0
1830 3193 1
3193 1830 0
1831 3193 1
3193 1831 0
1832 3193 1
3193 1832 0
1833 3193 1
3193 1833 0
1834 3193 1
3193 1834 0
1835 3193 1
3193 1835 0
1836 3193 1
3193 1836 0
1837 3193 1
3193 1837 0
1838 3193 1
3193 1838 0
1839 3193 1
3193 1839 0
1840 3193 1
3193 1840 0
1841 3193 1
3193 1841 0
1842 3193 1
3193 1842 0
1843 3193 1
3193 1843 0
1844 3193 1
3193 1844 0
1845 3193 1
3193 1845 0
1846 3193 1
3193 1846 0
1847 3193 1
3193 1847 0
1848 3193 1
3193 1848 0
1849 3193 1
3193 1849 0
1850 3193 1
3193 1850 0
1851 3193 1
3193 1851 0
1852 3193 1
3193 1852 0
1853 3193 1
3193 1853 0
1854 3193 1
3193 1854 0
1855 3193 1
3193 1855 0
1856 3193 1
3193 1856 0
1857 3193 1
3193 1857 0
1858 3193 1
3193 1858 0
1859 3193 1
3193 1859 0
1860 3193 1
3193 1860 0
1861 3193 1
3193 1861 0
1862 3193 1
3193 1862 0
1863 3193 1
3193 1863 0
1864 3193 1
3193 1864 0
1865 3193 1
3193 1865 0
1866 3193 1
3193 1866 0
1867 3193 1
3193 1867 0
1868 3193 1
3193 1868 0
1869 3193 1
3193 1869 0
1870 3193 1
3193 1870 0
1871 3193 1
3193 1871 0
1872 3193 1
3193 1872 0
1873 3193 1
3193 1873 0
1874 3193 1
3193 1874 0
1875 3193 1
3193 1875 0
1876 3193 1
3193 1876 0
1877 3193 1
3193 1877 0
1878 3193 1
3193 1878 0
1879 3193 1
3193 1879 0
1880 3193 1
3193 1880 0
1881 3193 1
3193 1881 0
1882 3193 1
3193 1882 0
1883 3193 1
3193 1883 0
1884 3193 1
3193 1884 0
1885 3193 1
3193 1885 0
1886 3193 1
3193 1886 0
1887 3193 1
3193 1887 0
1888 3193 1
3193 1888 0
1889 3193 1
3193 1889 0
1890 3193 1
3193 1890 0
1891 3193 1
3193 1891 0
1892 3193 1
3193 1892 0
1893 3193 1
3193 1893 0
1894 3193 1
3193 1894 0
1895 3193 1
3193 1895 0
1896 3193 1
3193 1896 0
1897 3193 1
3193 1897 0
1898 3193 1
3193 1898 0
1899 3193 1
3193 1899 0
1900 3193 1
3193 1900 0
1901 3193 1
3193 1901 0
1902 3193 1
3193 1902 0
1903 3193 1
3193 1903 0
1904 3193 1
3193 1904 0
1905 3193 1
3193 1905 0
1906 3193 1
3193 1906 0
1907 3193 1
3193 1907 0
1908 3193 1
3193 1908 0
1909 3193 1
3193 1909 0
1910 3193 1
3193 1910 0
1911 3193 1
3193 1911 0
1912 3193 1
3193 1912 0
1913 3193 1
3193 1913 0
1914 3193 1
3193 1914 0
1915 3193 1
3193 1915 0
1916 3193 1
3193 1916 0
1917 3193 1
3193 1917 0
1918 3193 1
3193 1918 0
1919 3193 1
3193 1919 0
1920 3193 1
3193 1920 0
1921 3193 1
3193 1921 0
1922 3193 1
3193 1922 0
1923 3193 1
3193 1923 0
1924 3193 1
3193 1924 0
1925 3193 1
3193 1925 0
1926 3193 1
3193 1926 0
1927 3193 1
3193 1927 0
1928 3193 1
3193 1928 0
1929 3193 1
3193 1929 0
1930 3193 1
3193 1930 0
1931 3193 1
3193 1931 0
1932 3193 1
3193 1932 0
1933 3193 1
3193 1933 0
1934 3193 1
3193 1934 0
1935 3193 1
3193 1935 0
1936 3193 1
3193 1936 0
1937 3193 1
3193 1937 0
1938 3193 1
3193 1938 0
1939 3193 1
3193 1939 0
1940 3193 1
3193 1940 0
1941 3193 1
3193 1941 0
1942 3193 1
3193 1942 0
1943 3193 1
3193 1943 0
1944 3193 1
3193 1944 0
1945 3193 1
3193 1945 0
1946 3193 1
3193 1946 0
1947 3193 1
3193 1947 0
1948 3193 1
3193 1948 0
1949 3193 1
3193 1949 0
1950 3193 1
3193 1950 0
1951 3193 1
3193 1951 0
1952 3193 1
3193 1952 0
1953 3193 1
3193 1953 0
1954 3193 1
3193 1954 0
1955 3193 1
3193 1955 0
1956 3193 1
3193 1956 0
1957 3193 1
3193 1957 0
1958 3193 1
3193 1958 0
1959 3193 1
3193 1959 0
1960 3193 1
3193 1960 0
1961 3193 1
3193 1961 0
1962 3193 1
3193 1962 0
1963 3193 1
3193 1963 0
1964 3193 1
3193 1964 0
1965 3193 1
3193 1965 0
1966 3193 1
3193 1966 0
1967 3193 1
3193 1967 0
1968 3193 1
3193 1968 0
1969 3193 1
3193 1969 0
1970 3193 1
3193 1970 0
1971 3193 1
3193 1971 0
1972 3193 1
3193 1972 0
1973 3193 1
3193 1973 0
1974 3193 1
3193 1974 0
1975 3193 1
3193 1975 0
1976 3193 1
3193 1976 0
1977 3193 1
3193 1977 0
1978 3193 1
3193 1978 0
1979 3193 1
3193 1979 0
1980 3193 1
3193 1980 0
1981 3193 1
3193 1981 0
1982 3193 1
3193 1982 0
1983 3193 1
3193 1983 0
1984 3193 1
3193 1984 0
1985 3193 1
3193 1985 0
1986 3193 1
3193 1986 0
1987 3193 1
3193 1987 0
1988 3193 1
3193 1988 0
1989 3193 1
3193 1989 0
1990 3193 1
3193 1990 0
1991 3193 1
3193 1991 0
1992 3193 1
3193 1992 0
1993 3193 1
3193 1993 0
1994 3193 1
3193 1994 0
1995 3193 1
3193 1995 0
1996 3193 1
3193 1996 0
1997 3193 1
3193 1997 0
1998 3193 1
3193 1998 0
1999 3193 1
3193 1999 0
2000 3193 1
3193 2000 0
2001 3193 1
3193 2001 0
2002 3193 1
3193 2002 0
2003 3193 1
3193 2003 0
2004 3193 1
3193 2004 0
2005 3193 1
3193 2005 0
2006 3193 1
3193 2006 0
2007 3193 1
3193 2007 0
2008 3193 1
3193 2008 0
2009 3193 1
3193 2009 0
2010 3193 1
3193 2010 0
2011 3193 1
3193 2011 0
2012 3193 1
3193 2012 0
2013 3193 1
3193 2013 0
2014 3193 1
3193 2014 0
2015 3193 1
3193 2015 0
2016 3193 1
3193 2016 0
2017 3193 1
3193 2017 0
2018 3193 1
3193 2018 0
2019 3193 1
3193 2019 0
2020 3193 1
3193 2020 0
2021 3193 1
3193 2021 0
2022 3193 1
3193 2022 0
2023 3193 1
3193 2023 0
2024 3193 1
3193 2024 0
2025 3193 1
3193 2025 0
2026 3193 1
3193 2026 0
2027 3193 1
3193 2027 0
2028 3193 1
3193 2028 0
2029 3193 1
3193 2029 0
2030 3193 1
3193 2030 0
2031 3193 1
3193 2031 0
2032 3193 1
3193 2032 0
2033 3193 1
3193 2033 0
2034 3193 1
3193 2034 0
2035 3193 1
3193 2035 0
2036 3193 1
3193 2036 0
2037 3193 1
3193 2037 0
2038 3193 1
3193 2038 0
2039 3193 1
3193 2039 0
2040 3193 1
3193 2040 0
2041 3193 1
3193 2041 0
2042 3193 1
3193 2042 0
2043 3193 1
3193 2043 0
2044 3193 1
3193 2044 0
2045 3193 1
3193 2045 0
2046 3193 1
3193 2046 0
2047 3193 1
3193 2047 0
2048 3193 1
3193 2048 0
2049 3193 1
3193 2049 0
2050 3193 1
3193 2050 0
2051 3193 1
3193 2051 0
2052 3193 1
3193 2052 0
2053 3193 1
3193 2053 0
2054 3193 1
3193 2054 0
2055 3193 1
3193 2055 0
2056 3193 1
3193 2056 0
2057 3193 1
3193 2057 0
2058 3193 1
3193 2058 0
2059 3193 1
3193 2059 0
2060 3193 1
3193 2060 0
2061 3193 1
3193 2061 0
2062 3193 1
3193 2062 0
2063 3193 1
3193 2063 0
2064 3193 1
3193 2064 0
2065 3193 1
3193 2065 0
2066 3193 1
3193 2066 0
2067 3193 1
3193 2067 0
2068 3193 1
3193 2068 0
2069 3193 1
3193 2069 0
2070 3193 1
3193 2070 0
2071 3193 1
3193 2071 0
2072 3193 1
3193 2072 0
2073 3193 1
3193 2073 0
2074 3193 1
3193 2074 0
2075 3193 1
3193 2075 0
2076 3193 1
3193 2076 0
2077 3193 1
3193 2077 0
2078 3193 1
3193 2078 0
2079 3193 1
3193 2079 0
2080 3193 1
3193 2080 0
2081 3193 1
3193 2081 0
2082 3193 1
3193 2082 0
2083 3193 1
3193 2083 0
2084 3193 1
3193 2084 0
2085 3193 1
3193 2085 0
2086 3193 1
3193 2086 0
2087 3193 1
3193 2087 0
2088 3193 1
3193 2088 0
2089 3193 1
3193 2089 0
2090 3193 1
3193 2090 0
2091 3193 1
3193 2091 0
2092 3193 1
3193 2092 0
2093 3193 1
3193 2093 0
2094 3193 1
3193 2094 0
2095 3193 1
3193 2095 0
2096 3193 1
3193 2096 0
2097 3193 1
3193 2097 0
2098 3193 1
3193 2098 0
2099 3193 1
3193 2099 0
2100 3193 1
3193 2100 0
2101 3193 1
3193 2101 0
2102 3193 1
3193 2102 0
2103 3193 1
3193 2103 0
2104 3193 1
3193 2104 0
2105 3193 1
3193 2105 0
2106 3193 1
3193 2106 0
2107 3193 1
3193 2107 0
2108 3193 1
3193 2108 0
2109 3193 1
3193 2109 0
2110 3193 1
3193 2110 0
2111 3193 1
3193 2111 0
2112 3193 1
3193 2112 0
2113 3193 1
3193 2113 0
2114 3193 1
3193 2114 0
2115 3193 1
3193 2115 0
2116 3193 1
3193 2116 0
2117 3193 1
3193 2117 0
2118 3193 1
3193 2118 0
2119 3193 1
3193 2119 0
2120 3193 1
3193 2120 0
2121 3193 1
3193 2121 0
2122 3193 1
3193 2122 0
2123 3193 5
3193 2123 0
2124 3193 5
3193 2124 0
2125 3193 5
3193 2125 0
2126 3193 5
3193 2126 0
2127 3193 5
3193 2127 0
2128 3193 5
3193 2128 0
2129 3193 5
3193 2129 0
2130 3193 5
3193 2130 0
2131 3193 5
3193 2131 0
2132 3193 5
3193 2132 0
2133 3193 5
3193 2133 0
2134 3193 5
3193 2134 0
2135 3193 5
3193 2135 0
2136 3193 5
3193 2136 0
2137 3193 5
3193 2137 0
2138 3193 5
3193 2138 0
2139 3193 5
3193 2139 0
2140 3193 5
3193 2140 0
2141 3193 5
3193 2141 0
2142 3193 5
3193 2142 0
2143 3193 5
3193 2143 0
2144 3193 5
3193 2144 0
2145 3193 5
3193 2145 0
2146 3193 5
3193 2146 0
2147 3193 5
3193 2147 0
2148 3193 5
3193 2148 0
2149 3193 5
3193 2149 0
2150 3193 5
3193 2150 0
2151 3193 5
3193 2151 0
2152 3193 5
3193 2152 0
2153 3193 5
3193 2153 0
2154 3193 5
3193 2154 0
2155 3193 5
3193 2155 0
2156 3193 5
3193 2156 0
2157 3193 5
3193 2157 0
2158 3193 5
3193 2158 0
2159 3193 5
3193 2159 0
2160 3193 5
3193 2160 0
2161 3193 5
3193 2161 0
2162 3193 5
3193 2162 0
2163 3193 5
3193 2163 0
2164 3193 5
3193 2164 0
2165 3193 5
3193 2165 0
2166 3193 5
3193 2166 0
2167 3193 5
3193 2167 0
2168 3193 5
3193 2168 0
2169 3193 5
3193 2169 0
2170 3193 5
3193 2170 0
2171 3193 5
3193 2171 0
2172 3193 5
3193 2172 0
2173 3193 5
3193 2173 0
2174 3193 5
3193 2174 0
2175 3193 5
3193 2175 0
2176 3193 5
3193 2176 0
2177 3193 5
3193 2177 0
2178 3193 5
3193 2178 0
2179 3193 5
3193 2179 0
2180 3193 5
3193 2180 0
2181 3193 5
3193 2181 0
2182 3193 5
3193 2182 0
2183 3193 5
3193 2183 0
2184 3193 5
3193 2184 0
2185 3193 5
3193 2185 0
2186 3193 5
3193 2186 0
2187 3193 5
3193 2187 0
2188 3193 5
3193 2188 0
2189 3193 5
3193 2189 0
2190 3193 5
3193 2190 0
2191 3193 5
3193 2191 0
2192 3193 5
3193 2192 0
2193 3193 5
3193 2193 0
2194 3193 5
3193 2194 0
2195 3193 5
3193 2195 0
2196 3193 5
3193 2196 0
2197 3193 5
3193 2197 0
2198 3193 5
3193 2198 0
2199 3193 5
3193 2199 0
2200 3193 5
3193 2200 0
2201 3193 5
3193 2201 0
2202 3193 5
3193 2202 0
2203 3193 5
3193 2203 0
2204 3193 5
3193 2204 0
2205 3193 5
3193 2205 0
2206 3193 5
3193 2206 0
2207 3193 5
3193 2207 0
2208 3193 5
3193 2208 0
2209 3193 5
3193 2209 0
2210 3193 5
3193 2210 0
2211 3193 5
3193 2211 0
2212 3193 5
3193 2212 0
2213 3193 5
3193 2213 0
2214 3193 5
3193 2214 0
2215 3193 5
3193 2215 0
2216 3193 5
3193 2216 0
2217 3193 5
3193 2217 0
2218 3193 5
3193 2218 0
2219 3193 5
3193 2219 0
2220 3193 5
3193 2220 0
2221 3193 5
3193 2221 0
2222 3193 5
3193 2222 0
2223 3193 5
3193 2223 0
2224 3193 5
3193 2224 0
2225 3193 5
3193 2225 0
2226 3193 5
3193 2226 0
2227 3193 5
3193 2227 0
2228 3193 5
3193 2228 0
2229 3193 5
3193 2229 0
2230 3193 5
3193 2230 0
2231 3193 5
3193 2231 0
2232 3193 5
3193 2232 0
2233 3193 5
3193 2233 0
2234 3193 5
3193 2234 0
2235 3193 5
3193 2235 0
2236 3193 5
3193 2236 0
2237 3193 5
3193 2237 0
2238 3193 5
3193 2238 0
2239 3193 5
3193 2239 0
2240 3193 5
3193 2240 0
2241 3193 5
3193 2241 0
2242 3193 5
3193 2242 0
2243 3193 5
3193 2243 0
2244 3193 5
3193 2244 0
2245 3193 5
3193 2245 0
2246 3193 5
3193 2246 0
2247 3193 5
3193 2247 0
2248 3193 5
3193 2248 0
2249 3193 5
3193 2249 0
2250 3193 5
3193 2250 0
2251 3193 5
3193 2251 0
2252 3193 5
3193 2252 0
2253 3193 5
3193 2253 0
2254 3193 5
3193 2254 0
2255 3193 5
3193 2255 0
2256 3193 5
3193 2256 0
2257 3193 5
3193 2257 0
2258 3193 5
3193 2258 0
2259 3193 5
3193 2259 0
2260 3193 5
3193 2260 0
2261 3193 5
3193 2261 0
2262 3193 5
3193 2262 0
2263 3193 5
3193 2263 0
2264 3193 5
3193 2264 0
2265 3193 5
3193 2265 0
2266 3193 5
3193 2266 0
2267 3193 5
3193 2267 0
2268 3193 5
3193 2268 0
2269 3193 5
3193 2269 0
2270 3193 5
3193 2270 0
2271 3193 5
3193 2271 0
2272 3193 5
3193 2272 0
2273 3193 5
3193 2273 0
2274 3193 5
3193 2274 0
2275 3193 5
3193 2275 0
2276 3193 5
3193 2276 0
2277 3193 5
3193 2277 0
2278 3193 5
3193 2278 0
2279 3193 5
3193 2279 0
2280 3193 5
3193 2280 0
2281 3193 5
3193 2281 0
2282 3193 5
3193 2282 0
2283 3193 5
3193 2283 0
2284 3193 5
3193 2284 0
2285 3193 5
3193 2285 0
2286 3193 5
3193 2286 0
2287 3193 5
3193 2287 0
2288 3193 5
3193 2288 0
2289 3193 5
3193 2289 0
2290 3193 5
3193 2290 0
2291 3193 5
3193 2291 0
2292 3193 5
3193 2292 0
2293 3193 5
3193 2293 0
2294 3193 5
3193 2294 0
2295 3193 5
3193 2295 0
2296 3193 5
3193 2296 0
2297 3193 5
3193 2297 0
2298 3193 5
3193 2298 0
2299 3193 5
3193 2299 0
2300 3193 5
3193 2300 0
2301 3193 5
3193 2301 0
2302 3193 5
3193 2302 0
2303 3193 5
3193 2303 0
2304 3193 5
3193 2304 0
2305 3193 5
3193 2305 0
2306 3193 5
3193 2306 0
2307 3193 5
3193 2307 0
2308 3193 5
3193 2308 0
2309 3193 5
3193 2309 0
2310 3193 5
3193 2310 0
2311 3193 5
3193 2311 0
2312 3193 5
3193 2312 0
2313 3193 5
3193 2313 0
2314 3193 5
3193 2314 0
2315 3193 5
3193 2315 0
2316 3193 5
3193 2316 0
2317 3193 5
3193 2317 0
2318 3193 5
3193 2318 0
2319 3193 5
3193 2319 0
2320 3193 5
3193 2320 0
2321 3193 5
3193 2321 0
2322 3193 5
3193 2322 0
2323 3193 5
3193 2323 0
2324 3193 5
3193 2324 0
2325 3193 5
3193 2325 0
2326 3193 5
3193 2326 0
2327 3193 5
3193 2327 0
2328 3193 5
3193 2328 0
2329 3193 5
3193 2329 0
2330 3193 5
3193 2330 0
2331 3193 5
3193 2331 0
2332 3193 5
3193 2332 0
2333 3193 5
3193 2333 0
2334 3193 5
3193 2334 0
2335 3193 5
3193 2335 0
2336 3193 5
3193 2336 0
2337 3193 5
3193 2337 0
2338 3193 5
3193 2338 0
2339 3193 5
3193 2339 0
2340 3193 5
3193 2340 0
2341 3193 5
3193 2341 0
2342 3193 5
3193 2342 0
2343 3193 5
3193 2343 0
2344 3193 5
3193 2344 0
2345 3193 5
3193 2345 0
2346 3193 5
3193 2346 0
2347 3193 5
3193 2347 0
2348 3193 5
3193 2348 0
2349 3193 5
3193 2349 0
2350 3193 5
3193 2350 0
2351 3193 5
3193 2351 0
2352 3193 5
3193 2352 0
2353 3193 5
3193 2353 0
2354 3193 5
3193 2354 0
2355 3193 5
3193 2355 0
2356 3193 5
3193 2356 0
2357 3193 5
3193 2357 0
2358 3193 5
3193 2358 0
2359 3193 5
3193 2359 0
2360 3193 5
3193 2360 0
2361 3193 5
3193 2361 0
2362 3193 5
3193 2362 0
2363 3193 5
3193 2363 0
2364 3193 5
3193 2364 0
2365 3193 5
3193 2365 0
2366 3193 5
3193 2366 0
2367 3193 5
3193 2367 0
2368 3193 5
3193 2368 0
2369 3193 5
3193 2369 0
2370 3193 5
3193 2370 0
2371 3193 5
3193 2371 0
2372 3193 5
3193 2372 0
2373 3193 5
3193 2373 0
2374 3193 5
3193 2374 0
2375 3193 5
3193 2375 0
2376 3193 5
3193 2376 0
2377 3193 5
3193 2377 0
2378 3193 5
3193 2378 0
2379 3193 5
3193 2379 0
2380 3193 5
3193 2380 0
2381 3193 5
3193 2381 0
2382 3193 5
3193 2382 0
2383 3193 5
3193 2383 0
2384 3193 5
3193 2384 0
2385 3193 5
3193 2385 0
2386 3193 5
3193 2386 0
2387 3193 5
3193 2387 0
2388 3193 5
3193 2388 0
2389 3193 5
3193 2389 0
2390 3193 5
3193 2390 0
2391 3193 5
3193 2391 0
2392 3193 5
3193 2392 0
2393 3193 5
3193 2393 0
2394 3193 5
3193 2394 0
2395 3193 5
3193 2395 0
2396 3193 5
3193 2396 0
2397 3193 5
3193 2397 0
2398 3193 5
3193 2398 0
2399 3193 5
3193 2399 0
2400 3193 5
3193 2400 0
2401 3193 5
3193 2401 0
2402 3193 5
3193 2402 0
2403 3193 5
3193 2403 0
2404 3193 5
3193 2404 0
2405 3193 5
3193 2405 0
2406 3193 5
3193 2406 0
2407 3193 5
3193 2407 0
2408 3193 5
3193 2408 0
2409 3193 5
3193 2409 0
2410 3193 5
3193 2410 0
2411 3193 5
3193 2411 0
2412 3193 5
3193 2412 0
2413 3193 5
3193 2413 0
2414 3193 5
3193 2414 0
2415 3193 5
3193 2415 0
2416 3193 5
3193 2416 0
2417 3193 5
3193 2417 0
2418 3193 5
3193 2418 0
2419 3193 5
3193 2419 0
2420 3193 5
3193 2420 0
2421 3193 5
3193 2421 0
2422 3193 5
3193 2422 0
2423 3193 5
3193 2423 0
2424 3193 5
3193 2424 0
2425 3193 5
3193 2425 0
2426 3193 5
3193 2426 0
2427 3193 5
3193 2427 0
2428 3193 5
3193 2428 0
2429 3193 5
3193 2429 0
2430 3193 5
3193 2430 0
2431 3193 5
3193 2431 0
2432 3193 5
3193 2432 0
2433 3193 5
3193 2433 0
2434 3193 5
3193 2434 0
2435 3193 5
3193 2435 0
2436 3193 5
3193 2436 0
2437 3193 5
3193 2437 0
2438 3193 5
3193 2438 0
2439 3193 5
3193 2439 0
2440 3193 5
3193 2440 0
2441 3193 5
3193 2441 0
2442 3193 5
3193 2442 0
2443 3193 5
3193 2443 0
2444 3193 5
3193 2444 0
2445 3193 5
3193 2445 0
2446 3193 5
3193 2446 0
2447 3193 5
3193 2447 0
2448 3193 5
3193 2448 0
2449 3193 5
3193 2449 0
2450 3193 5
3193 2450 0
2451 3193 5
3193 2451 0
2452 3193 5
3193 2452 0
2453 3193 5
3193 2453 0
2454 3193 5
3193 2454 0
2455 3193 5
3193 2455 0
2456 3193 5
3193 2456 0
2457 3193 5
3193 2457 0
2458 3193 5
3193 2458 0
2459 3193 5
3193 2459 0
2460 3193 5
3193 2460 0
2461 3193 5
3193 2461 0
2462 3193 5
3193 2462 0
2463 3193 5
3193 2463 0
2464 3193 5
3193 2464 0
2465 3193 5
3193 2465 0
2466 3193 5
3193 2466 0
2467 3193 5
3193 2467 0
2468 3193 5
3193 2468 0
2469 3193 5
3193 2469 0
2470 3193 5
3193 2470 0
2471 3193 5
3193 2471 0
2472 3193 5
3193 2472 0
2473 3193 5
3193 2473 0
2474 3193 5
3193 2474 0
2475 3193 5
3193 2475 0
2476 3193 5
3193 2476 0
2477 3193 5
3193 2477 0
2478 3193 5
3193 2478 0
2479 3193 5
3193 2479 0
2480 3193 5
3193 2480 0
2481 3193 5
3193 2481 0
2482 3193 5
3193 2482 0
2483 3193 5
3193 2483 0
2484 3193 5
3193 2484 0
2485 3193 5
3193 2485 0
2486 3193 5
3193 2486 0
2487 3193 5
3193 2487 0
2488 3193 5
3193 2488 0
2489 3193 5
3193 2489 0
2490 3193 5
3193 2490 0
2491 3193 5
3193 2491 0
2492 3193 5
3193 2492 0
2493 3193 5
3193 2493 0
2494 3193 5
3193 2494 0
2495 3193 5
3193 2495 0
2496 3193 5
3193 2496 0
2497 3193 5
3193 2497 0
2498 3193 5
3193 2498 0
2499 3193 5
3193 2499 0
2500 3193 5
3193 2500 0
2501 3193 5
3193 2501 0
2502 3193 5
3193 2502 0
2503 3193 5
3193 2503 0
2504 3193 5
3193 2504 0
2505 3193 5
3193 2505 0
2506 3193 5
3193 2506 0
2507 3193 5
3193 2507 0
2508 3193 5
3193 2508 0
2509 3193 5
3193 2509 0
2510 3193 5
3193 2510 0
2511 3193 5
3193 2511 0
2512 3193 5
3193 2512 0
2513 3193 5
3193 2513 0
2514 3193 5
3193 2514 0
2515 3193 5
3193 2515 0
2516 3193 5
3193 2516 0
2517 3193 5
3193 2517 0
2518 3193 5
3193 2518 0
2519 3193 5
3193 2519 0
2520 3193 5
3193 2520 0
2521 3193 5
3193 2521 0
2522 3193 5
3193 2522 0
2523 3193 5
3193 2523 0
2524 3193 5
3193 2524 0
2525 3193 5
3193 2525 0
2526 3193 5
3193 2526 0
2527 3193 5
3193 2527 0
2528 3193 5
3193 2528 0
2529 3193 5
3193 2529 0
2530 3193 5
3193 2530 0
2531 3193 5
3193 2531 0
2532 3193 5
3193 2532 0
2533 3193 5
3193 2533 0
2534 3193 5
3193 2534 0
2535 3193 5
3193 2535 0
2536 3193 5
3193 2536 0
2537 3193 5
3193 2537 0
2538 3193 5
3193 2538 0
2539 3193 5
3193 2539 0
2540 3193 5
3193 2540 0
2541 3193 5
3193 2541 0
2542 3193 5
3193 2542 0
2543 3193 5
3193 2543 0
2544 3193 5
3193 2544 0
2545 3193 5
3193 2545 0
2546 3193 5
3193 2546 0
2547 3193 5
3193 2547 0
2548 3193 5
3193 2548 0
2549 3193 5
3193 2549 0
2550 3193 5
3193 2550 0
2551 3193 5
3193 2551 0
2552 3193 5
3193 2552 0
2553 3193 5
3193 2553 0
2554 3193 5
3193 2554 0
2555 3193 5
3193 2555 0
2556 3193 5
3193 2556 0
2557 3193 5
3193 2557 0
2558 3193 5
3193 2558 0
2559 3193 5
3193 2559 0
2560 3193 5
3193 2560 0
2561 3193 5
3193 2561 0
2562 3193 5
3193 2562 0
2563 3193 5
3193 2563 0
2564 3193 5
3193 2564 0
2565 3193 5
3193 2565 0
2566 3193 5
3193 2566 0
2567 3193 5
3193 2567 0
2568 3193 5
3193 2568 0
2569 3193 5
3193 2569 0
2570 3193 5
3193 2570 0
2571 3193 5
3193 2571 0
2572 3193 5
3193 2572 0
2573 3193 5
3193 2573 0
2574 3193 5
3193 2574 0
2575 3193 5
3193 2575 0
2576 3193 5
3193 2576 0
2577 3193 5
3193 2577 0
2578 3193 5
3193 2578 0
2579 3193 5
3193 2579 0
2580 3193 5
3193 2580 0
2581 3193 5
3193 2581 0
2582 3193 5
3193 2582 0
2583 3193 5
3193 2583 0
2584 3193 5
3193 2584 0
2585 3193 5
3193 2585 0
2586 3193 5
3193 2586 0
2587 3193 5
3193 2587 0
2588 3193 5
3193 2588 0
2589 3193 5
3193 2589 0
2590 3193 5
3193 2590 0
2591 3193 5
3193 2591 0
2592 3193 5
3193 2592 0
2593 3193 5
3193 2593 0
2594 3193 5
3193 2594 0
2595 3193 5
3193 2595 0
2596 3193 5
3193 2596 0
2597 3193 5
3193 2597 0
2598 3193 5
3193 2598 0
2599 3193 5
3193 2599 0
2600 3193 5
3193 2600 0
2601 3193 5
3193 2601 0
2602 3193 5
3193 2602 0
2603 3193 5
3193 2603 0
2604 3193 5
3193 2604 0
2605 3193 5
3193 2605 0
2606 3193 5
3193 2606 0
2607 3193 5
3193 2607 0
2608 3193 5
3193 2608 0
2609 3193 5
3193 2609 0
2610 3193 5
3193 2610 0
2611 3193 5
3193 2611 0
2612 3193 5
3193 2612 0
2613 3193 5
3193 2613 0
2614 3193 5
3193 2614 0
2615 3193 5
3193 2615 0
2616 3193 5
3193 2616 0
2617 3193 5
3193 2617 0
2618 3193 5
3193 2618 0
2619 3193 5
3193 2619 0
2620 3193 5
3193 2620 0
2621 3193 5
3193 2621 0
2622 3193 5
3193 2622 0
2623 3193 5
3193 2623 0
2624 3193 5
3193 2624 0
2625 3193 5
3193 2625 0
2626 3193 5
3193 2626 0
2627 3193 5
3193 2627 0
2628 3193 5
3193 2628 0
2629 3193 5
3193 2629 0
2630 3193 5
3193 2630 0
2631 3193 5
3193 2631 0
2632 3193 5
3193 2632 0
2633 3193 5
3193 2633 0
2634 3193 5
3193 2634 0
2635 3193 5
3193 2635 0
2636 3193 5
3193 2636 0
2637 3193 5
3193 2637 0
2638 3193 5
3193 2638 0
2639 3193 5
3193 2639 0
2640 3193 5
3193 2640 0
2641 3193 5
3193 2641 0
2642 3193 5
3193 2642 0
2643 3193 5
3193 2643 0
2644 3193 5
3193 2644 0
2645 3193 5
3193 2645 0
2646 3193 5
3193 2646 0
2647 3193 5
3193 2647 0
2648 3193 5
3193 2648 0
2649 3193 5
3193 2649 0
2650 3193 5
3193 2650 0
2651 3193 5
3193 2651 0
2652 3193 5
3193 2652 0
2653 3193 5
3193 2653 0
2654 3193 5
3193 2654 0
2655 3193 5
3193 2655 0
2656 3193 5
3193 2656 0
2657 3193 5
3193 2657 0
2658 3193 5
3193 2658 0
2659 3193 5
3193 2659 0
2660 3193 5
3193 2660 0
2661 3193 5
3193 2661 0
2662 3193 5
3193 2662 0
2663 3193 5
3193 2663 0
2664 3193 5
3193 2664 0
2665 3193 5
3193 2665 0
2666 3193 5
3193 2666 0
2667 3193 5
3193 2667 0
2668 3193 5
3193 2668 0
2669 3193 5
3193 2669 0
2670 3193 5
3193 2670 0
2671 3193 5
3193 2671 0
2672 3193 5
3193 2672 0
2673 3193 5
3193 2673 0
2674 3193 5
3193 2674 0
2675 3193 5
3193 2675 0
2676 3193 5
3193 2676 0
2677 3193 5
3193 2677 0
2678 3193 5
3193 2678 0
2679 3193 5
3193 2679 0
2680 3193 5
3193 2680 0
2681 3193 5
3193 2681 0
2682 3193 5
3193 2682 0
2683 3193 5
3193 2683 0
2684 3193 5
3193 2684 0
2685 3193 5
3193 2685 0
2686 3193 5
3193 2686 0
2687 3193 5
3193 2687 0
2688 3193 5
3193 2688 0
2689 3193 5
3193 2689 0
2690 3193 5
3193 2690 0
2691 3193 5
3193 2691 0
2692 3193 5
3193 2692 0
2693 3193 5
3193 2693 0
2694 3193 5
3193 2694 0
2695 3193 5
3193 2695 0
2696 3193 5
3193 2696 0
2697 3193 5
3193 2697 0
2698 3193 5
3193 2698 0
2699 3193 5
3193 2699 0
2700 3193 5
3193 2700 0
2701 3193 5
3193 2701 0
2702 3193 5
3193 2702 0
2703 3193 5
3193 2703 0
2704 3193 5
3193 2704 0
2705 3193 5
3193 2705 0
2706 3193 5
3193 2706 0
2707 3193 5
3193 2707 0
2708 3193 5
3193 2708 0
2709 3193 5
3193 2709 0
2710 3193 5
3193 2710 0
2711 3193 5
3193 2711 0
2712 3193 5
3193 2712 0
2713 3193 5
3193 2713 0
2714 3193 5
3193 2714 0
2715 3193 5
3193 2715 0
2716 3193 5
3193 2716 0
2717 3193 5
3193 2717 0
2718 3193 5
3193 2718 0
2719 3193 5
3193 2719 0
2720 3193 5
3193 2720 0
2721 3193 5
3193 2721 0
2722 3193 5
3193 2722 0
2723 3193 5
3193 2723 0
2724 3193 5
3193 2724 0
2725 3193 5
3193 2725 0
2726 3193 5
3193 2726 0
2727 3193 5
3193 2727 0
2728 3193 5
3193 2728 0
2729 3193 5
3193 2729 0
2730 3193 5
3193 2730 0
2731 3193 5
3193 2731 0
2732 3193 5
3193 2732 0
2733 3193 5
3193 2733 0
2734 3193 5
3193 2734 0
2735 3193 5
3193 2735 0
2736 3193 5
3193 2736 0
2737 3193 5
3193 2737 0
2738 3193 5
3193 2738 0
2739 3193 5
3193 2739 0
2740 3193 5
3193 2740 0
2741 3193 5
3193 2741 0
2742 3193 5
3193 2742 0
2743 3193 5
3193 2743 0
2744 3193 5
3193 2744 0
2745 3193 5
3193 2745 0
2746 3193 5
3193 2746 0
2747 3193 5
3193 2747 0
2748 3193 5
3193 2748 0
2749 3193 5
3193 2749 0
2750 3193 5
3193 2750 0
2751 3193 5
3193 2751 0
2752 3193 5
3193 2752 0
2753 3193 5
3193 2753 0
2754 3193 5
3193 2754 0
2755 3193 5
3193 2755 0
2756 3193 5
3193 2756 0
2757 3193 5
3193 2757 0
2758 3193 5
3193 2758 0
2759 3193 5
3193 2759 0
2760 3193 5
3193 2760 0
2761 3193 5
3193 2761 0
2762 3193 5
3193 2762 0
2763 3193 5
3193 2763 0
2764 3193 5
3193 2764 0
2765 3193 5
3193 2765 0
2766 3193 5
3193 2766 0
2767 3193 5
3193 2767 0
2768 3193 5
3193 2768 0
2769 3193 5
3193 2769 0
2770 3193 5
3193 2770 0
2771 3193 5
3193 2771 0
2772 3193 5
3193 2772 0
2773 3193 5
3193 2773 0
2774 3193 5
3193 2774 0
2775 3193 5
3193 2775 0
2776 3193 5
3193 2776 0
2777 3193 5
3193 2777 0
2778 3193 5
3193 2778 0
2779 3193 5
3193 2779 0
2780 3193 5
3193 2780 0
2781 3193 5
3193 2781 0
2782 3193 5
3193 2782 0
2783 3193 5
3193 2783 0
2784 3193 5
3193 2784 0
2785 3193 5
3193 2785 0
2786 3193 5
3193 2786 0
2787 3193 5
3193 2787 0
2788 3193 5
3193 2788 0
2789 3193 5
3193 2789 0
2790 3193 5
3193 2790 0
2791 3193 5
3193 2791 0
2792 3193 5
3193 2792 0
2793 3193 5
3193 2793 0
2794 3193 5
3193 2794 0
2795 3193 5
3193 2795 0
2796 3193 5
3193 2796 0
2797 3193 5
3193 2797 0
2798 3193 5
3193 2798 0
2799 3193 5
3193 2799 0
2800 3193 5
3193 2800 0
2801 3193 5
3193 2801 0
2802 3193 5
3193 2802 0
2803 3193 5
3193 2803 0
2804 3193 5
3193 2804 0
2805 3193 5
3193 2805 0
2806 3193 5
3193 2806 0
2807 3193 5
3193 2807 0
2808 3193 5
3193 2808 0
2809 3193 5
3193 2809 0
2810 3193 5
3193 2810 0
2811 3193 5
3193 2811 0
2812 3193 5
3193 2812 0
2813 3193 5
3193 2813 0
2814 3193 5
3193 2814 0
2815 3193 5
3193 2815 0
2816 3193 5
3193 2816 0
2817 3193 5
3193 2817 0
2818 3193 5
3193 2818 0
2819 3193 5
3193 2819 0
2820 3193 5
3193 2820 0
2821 3193 5
3193 2821 0
2822 3193 5
3193 2822 0
2823 3193 5
3193 2823 0
2824 3193 5
3193 2824 0
2825 3193 5
3193 2825 0
2826 3193 5
3193 2826 0
2827 3193 5
3193 2827 0
2828 3193 5
3193 2828 0
2829 3193 5
3193 2829 0
2830 3193 5
3193 2830 0
2831 3193 5
3193 2831 0
2832 3193 5
3193 2832 0
2833 3193 5
3193 2833 0
2834 3193 5
3193 2834 0
2835 3193 5
3193 2835 0
2836 3193 5
3193 2836 0
2837 3193 5
3193 2837 0
2838 3193 5
3193 2838 0
2839 3193 5
3193 2839 0
2840 3193 5
3193 2840 0
2841 3193 5
3193 2841 0
2842 3193 5
3193 2842 0
2843 3193 5
3193 2843 0
2844 3193 5
3193 2844 0
2845 3193 5
3193 2845 0
2846 3193 5
3193 2846 0
2847 3193 5
3193 2847 0
2848 3193 5
3193 2848 0
2849 3193 5
3193 2849 0
2850 3193 5
3193 2850 0
2851 3193 5
3193 2851 0
2852 3193 5
3193 2852 0
2853 3193 5
3193 2853 0
2854 3193 5
3193 2854 0
2855 3193 5
3193 2855 0
2856 3193 5
3193 2856 0
2857 3193 5
3193 2857 0
2858 3193 5
3193 2858 0
2859 3193 5
3193 2859 0
2860 3193 5
3193 2860 0
2861 3193 5
3193 2861 0
2862 3193 5
3193 2862 0
2863 3193 5
3193 2863 0
2864 3193 5
3193 2864 0
2865 3193 5
3193 2865 0
2866 3193 5
3193 2866 0
2867 3193 5
3193 2867 0
2868 3193 5
3193 2868 0
2869 3193 5
3193 2869 0
2870 3193 5
3193 2870 0
2871 3193 5
3193 2871 0
2872 3193 5
3193 2872 0
2873 3193 5
3193 2873 0
2874 3193 5
3193 2874 0
2875 3193 5
3193 2875 0
2876 3193 5
3193 2876 0
2877 3193 5
3193 2877 0
2878 3193 5
3193 2878 0
2879 3193 5
3193 2879 0
2880 3193 5
3193 2880 0
2881 3193 5
3193 2881 0
2882 3193 5
3193 2882 0
2883 3193 5
3193 2883 0
2884 3193 5
3193 2884 0
2885 3193 5
3193 2885 0
2886 3193 5
3193 2886 0
2887 3193 5
3193 2887 0
2888 3193 5
3193 2888 0
2889 3193 5
3193 2889 0
2890 3193 5
3193 2890 0
2891 3193 5
3193 2891 0
2892 3193 5
3193 2892 0
2893 3193 5
3193 2893 0
2894 3193 5
3193 2894 0
2895 3193 5
3193 2895 0
2896 3193 5
3193 2896 0
2897 3193 5
3193 2897 0
2898 3193 5
3193 2898 0
2899 3193 5
3193 2899 0
2900 3193 5
3193 2900 0
2901 3193 5
3193 2901 0
2902 3193 5
3193 2902 0
2903 3193 5
3193 2903 0
2904 3193 5
3193 2904 0
2905 3193 5
3193 2905 0
2906 3193 5
3193 2906 0
2907 3193 5
3193 2907 0
2908 3193 5
3193 2908 0
2909 3193 5
3193 2909 0
2910 3193 5
3193 2910 0
2911 3193 5
3193 2911 0
2912 3193 5
3193 2912 0
2913 3193 5
3193 2913 0
2914 3193 5
3193 2914 0
2915 3193 5
3193 2915 0
2916 3193 5
3193 2916 0
2917 3193 5
3193 2917 0
2918 3193 5
3193 2918 0
2919 3193 5
3193 2919 0
2920 3193 5
3193 2920 0
2921 3193 5
3193 2921 0
2922 3193 5
3193 2922 0
2923 3193 5
3193 2923 0
2924 3193 5
3193 2924 0
2925 3193 5
3193 2925 0
2926 3193 5
3193 2926 0
2927 3193 5
3193 2927 0
2928 3193 5
3193 2928 0
2929 3193 5
3193 2929 0
2930 3193 5
3193 2930 0
2931 3193 5
3193 2931 0
2932 3193 5
3193 2932 0
2933 3193 5
3193 2933 0
2934 3193 5
3193 2934 0
2935 3193 5
3193 2935 0
2936 3193 5
3193 2936 0
2937 3193 5
3193 2937 0
2938 3193 5
3193 2938 0
2939 3193 5
3193 2939 0
2940 3193 5
3193 2940 0
2941 3193 5
3193 2941 0
2942 3193 5
3193 2942 0
2943 3193 5
3193 2943 0
2944 3193 5
3193 2944 0
2945 3193 5
3193 2945 0
2946 3193 5
3193 2946 0
2947 3193 5
3193 2947 0
2948 3193 5
3193 2948 0
2949 3193 5
3193 2949 0
2950 3193 5
3193 2950 0
2951 3193 5
3193 2951 0
2952 3193 5
3193 2952 0
2953 3193 5
3193 2953 0
2954 3193 5
3193 2954 0
2955 3193 5
3193 2955 0
2956 3193 5
3193 2956 0
2957 3193 5
3193 2957 0
2958 3193 5
3193 2958 0
2959 3193 5
3193 2959 0
2960 3193 5
3193 2960 0
2961 3193 5
3193 2961 0
2962 3193 5
3193 2962 0
2963 3193 5
3193 2963 0
2964 3193 5
3193 2964 0
2965 3193 5
3193 2965 0
2966 3193 5
3193 2966 0
2967 3193 5
3193 2967 0
2968 3193 5
3193 2968 0
2969 3193 5
3193 2969 0
2970 3193 5
3193 2970 0
2971 3193 5
3193 2971 0
2972 3193 5
3193 2972 0
2973 3193 5
3193 2973 0
2974 3193 5
3193 2974 0
2975 3193 5
3193 2975 0
2976 3193 5
3193 2976 0
2977 3193 5
3193 2977 0
2978 3193 5
3193 2978 0
2979 3193 5
3193 2979 0
2980 3193 5
3193 2980 0
2981 3193 5
3193 2981 0
2982 3193 5
3193 2982 0
2983 3193 5
3193 2983 0
2984 3193 5
3193 2984 0
2985 3193 5
3193 2985 0
2986 3193 5
3193 2986 0
2987 3193 5
3193 2987 0
2988 3193 5
3193 2988 0
2989 3193 5
3193 2989 0
2990 3193 5
3193 2990 0
2991 3193 5
3193 2991 0
2992 3193 5
3193 2992 0
2993 3193 5
3193 2993 0
2994 3193 5
3193 2994 0
2995 3193 5
3193 2995 0
2996 3193 5
3193 2996 0
2997 3193 5
3193 2997 0
2998 3193 5
3193 2998 0
2999 3193 5
3193 2999 0
3000 3193 5
3193 3000 0
3001 3193 5
3193 3001 0
3002 3193 5
3193 3002 0
3003 3193 5
3193 3003 0
3004 3193 5
3193 3004 0
3005 3193 5
3193 3005 0
3006 3193 5
3193 3006 0
3007 3193 5
3193 3007 0
3008 3193 5
3193 3008 0
3009 3193 5
3193 3009 0
3010 3193 5
3193 3010 0
3011 3193 5
3193 3011 0
3012 3193 5
3193 3012 0
3013 3193 5
3193 3013 0
3014 3193 5
3193 3014 0
3015 3193 5
3193 3015 0
3016 3193 5
3193 3016 0
3017 3193 5
3193 3017 0
3018 3193 5
3193 3018 0
3019 3193 5
3193 3019 0
3020 3193 5
3193 3020 0
3021 3193 5
3193 3021 0
3022 3193 5
3193 3022 0
3023 3193 5
3193 3023 0
3024 3193 5
3193 3024 0
3025 3193 5
3193 3025 0
3026 3193 5
3193 3026 0
3027 3193 5
3193 3027 0
3028 3193 5
3193 3028 0
3029 3193 5
3193 3029 0
3030 3193 5
3193 3030 0
3031 3193 5
3193 3031 0
3032 3193 5
3193 3032 0
3033 3193 5
3193 3033 0
3034 3193 5
3193 3034 0
3035 3193 5
3193 3035 0
3036 3193 5
3193 3036 0
3037 3193 5
3193 3037 0
3038 3193 5
3193 3038 0
3039 3193 5
3193 3039 0
3040 3193 5
3193 3040 0
3041 3193 5
3193 3041 0
3042 3193 5
3193 3042 0
3043 3193 5
3193 3043 0
3044 3193 5
3193 3044 0
3045 3193 5
3193 3045 0
3046 3193 5
3193 3046 0
3047 3193 5
3193 3047 0
3048 3193 5
3193 3048 0
3049 3193 5
3193 3049 0
3050 3193 5
3193 3050 0
3051 3193 5
3193 3051 0
3052 3193 5
3193 3052 0
3053 3193 5
3193 3053 0
3054 3193 5
3193 3054 0
3055 3193 5
3193 3055 0
3056 3193 5
3193 3056 0
3057 3193 5
3193 3057 0
3058 3193 5
3193 3058 0
3059 3193 5
3193 3059 0
3060 3193 5
3193 3060 0
3061 3193 5
3193 3061 0
3062 3193 5
3193 3062 0
3063 3193 5
3193 3063 0
3064 3193 5
3193 3064 0
3065 3193 5
3193 3065 0
3066 3193 5
3193 3066 0
3067 3193 5
3193 3067 0
3068 3193 5
3193 3068 0
3069 3193 5
3193 3069 0
3070 3193 5
3193 3070 0
3071 3193 5
3193 3071 0
3072 3193 5
3193 3072 0
3073 3193 5
3193 3073 0
3074 3193 5
3193 3074 0
3075 3193 5
3193 3075 0
3076 3193 5
3193 3076 0
3077 3193 5
3193 3077 0
3078 3193 5
3193 3078 0
3079 3193 5
3193 3079 0
3080 3193 5
3193 3080 0
3081 3193 5
3193 3081 0
3082 3193 5
3193 3082 0
3083 3193 5
3193 3083 0
3084 3193 5
3193 3084 0
3085 3193 5
3193 3085 0
3086 3193 5
3193 3086 0
3087 3193 5
3193 3087 0
3088 3193 5
3193 3088 0
3089 3193 5
3193 3089 0
3090 3193 5
3193 3090 0
3091 3193 5
3193 3091 0
3092 3193 5
3193 3092 0
3093 3193 5
3193 3093 0
3094 3193 5
3193 3094 0
3095 3193 5
3193 3095 0
3096 3193 5
3193 3096 0
3097 3193 5
3193 3097 0
3098 3193 5
3193 3098 0
3099 3193 5
3193 3099 0
3100 3193 5
3193 3100 0
3101 3193 5
3193 3101 0
3102 3193 5
3193 3102 0
3103 3193 5
3193 3103 0
3104 3193 5
3193 3104 0
3105 3193 5
3193 3105 0
3106 3193 5
3193 3106 0
3107 3193 5
3193 3107 0
3108 3193 5
3193 3108 0
3109 3193 5
3193 3109 0
3110 3193 5
3193 3110 0
3111 3193 5
3193 3111 0
3112 3193 5
3193 3112 0
3113 3193 5
3193 3113 0
3114 3193 5
3193 3114 0
3115 3193 5
3193 3115 0
3116 3193 5
3193 3116 0
3117 3193 5
3193 3117 0
3118 3193 5
3193 3118 0
3119 3193 5
3193 3119 0
3120 3193 5
3193 3120 0
3121 3193 5
3193 3121 0
3122 3193 5
3193 3122 0
3123 3193 5
3193 3123 0
3124 3193 5
3193 3124 0
3125 3193 5
3193 3125 0
3126 3193 5
3193 3126 0
3127 3193 5
3193 3127 0
3128 3193 5
3193 3128 0
3129 3193 5
3193 3129 0
3130 3193 5
3193 3130 0
3131 3193 5
3193 3131 0
3132 3193 5
3193 3132 0
3133 3193 5
3193 3133 0
3134 3193 5
3193 3134 0
3135 3193 5
3193 3135 0
3136 3193 5
3193 3136 0
3137 3193 5
3193 3137 0
3138 3193 5
3193 3138 0
3139 3193 5
3193 3139 0
3140 3193 5
3193 3140 0
3141 3193 5
3193 3141 0
3142 3193 5
3193 3142 0
3143 3193 5
3193 3143 0
3144 3193 5
3193 3144 0
3145 3193 5
3193 3145 0
3146 3193 5
3193 3146 0
3147 3193 5
3193 3147 0
3148 3193 5
3193 3148 0
3149 3193 5
3193 3149 0
3150 3193 5
3193 3150 0
3151 3193 5
3193 3151 0
3152 3193 5
3193 3152 0
3153 3193 5
3193 3153 0
3154 3193 5
3193 3154 0
3155 3193 5
3193 3155 0
3156 3193 5
3193 3156 0
3157 3193 5
3193 3157 0
3158 3193 5
3193 3158 0
3159 3193 5
3193 3159 0
3160 3193 5
3193 3160 0
3161 3193 5
3193 3161 0
3162 3193 5
3193 3162 0
3163 3193 5
3193 3163 0
3164 3193 5
3193 3164 0
3165 3193 5
3193 3165 0
3166 3193 5
3193 3166 0
3167 3193 5
3193 3167 0
3168 3193 5
3193 3168 0
3169 3193 5
3193 3169 0
3170 3193 5
3193 3170 0
3171 3193 5
3193 3171 0
3172 3193 5
3193 3172 0
3173 3193 5
3193 3173 0
3174 3193 5
3193 3174 0
3175 3193 5
3193 3175 0
3176 3193 5
3193 3176 0
3177 3193 5
3193 3177 0
3178 3193 5
3193 3178 0
3179 3193 5
3193 3179 0
3180 3193 5
3193 3180 0
3181 3193 5
3193 3181 0
3182 3193 5
3193 3182 0
3183 3193 5
3193 3183 0
3184 3193 5
3193 3184 0
3185 3193 5
3193 3185 0
3186 3193 5
3193 3186 0
3187 3193 5
3193 3187 0
3188 3193 5
3193 3188 0
3189 3193 5
3193 3189 0
3190 3193 5
3193 3190 0
3191 3193 5
3193 3191 0
3192 3193 5
3193 3192 0
