785 784 117 1568
1 785 1
785 1 0
2 785 1
785 2 0
3 785 1
785 3 0
4 785 1
785 4 0
5 785 1
785 5 0
6 785 1
785 6 0
7 785 1
785 7 0
8 785 1
785 8 0
9 785 1
785 9 0
10 785 1
785 10 0
11 785 1
785 11 0
12 785 1
785 12 0
13 785 1
785 13 0
14 785 1
785 14 0
15 785 1
785 15 0
16 785 1
785 16 0
17 785 1
785 17 0
18 785 1
785 18 0
19 785 1
785 19 0
20 785 1
785 20 0
21 785 1
785 21 0
22 785 1
785 22 0
23 785 1
785 23 0
24 785 1
785 24 0
25 785 1
785 25 0
26 785 1
785 26 0
27 785 1
785 27 0
28 785 1
785 28 0
29 785 1
785 29 0
30 785 1
785 30 0
31 785 1
785 31 0
32 785 1
785 32 0
33 785 1
785 33 0
34 785 1
785 34 0
35 785 1
785 35 0
36 785 1
785 36 0
37 785 1
785 37 0
38 785 1
785 38 0
39 785 1
785 39 0
40 785 1
785 40 0
41 785 1
785 41 0
42 785 1
785 42 0
43 785 1
785 43 0
44 785 1
785 44 0
45 785 1
785 45 0
46 785 1
785 46 0
47 785 1
785 47 0
48 785 1
785 48 0
49 785 1
785 49 0
50 785 1
785 50 0
51 785 1
785 51 0
52 785 1
785 52 0
53 785 1
785 53 0
54 785 1
785 54 0
55 785 1
785 55 0
56 785 1
785 56 0
57 785 1
785 57 0
58 785 1
785 58 0
59 785 1
785 59 0
60 785 1
785 60 0
61 785 1
785 61 0
62 785 1
785 62 0
63 785 1
785 63 0
64 785 1
785 64 0
65 785 1
785 65 0
66 785 1
785 66 0
67 785 1
785 67 0
68 785 1
785 68 0
69 785 1
785 69 0
70 785 1
785 70 0
71 785 1
785 71 0
72 785 1
785 72 0
73 785 1
785 73 0
74 785 1
785 74 0
75 785 1
785 75 0
76 785 1
785 76 0
77 785 1
785 77 0
78 785 1
785 78 0
79 785 1
785 79 0
80 785 1
785 80 0
81 785 1
785 81 0
82 785 1
785 82 0
83 785 1
785 83 0
84 785 1
785 84 0
85 785 1
785 85 0
86 785 1
785 86 0
87 785 1
785 87 0
88 785 1
785 88 0
89 785 1
785 89 0
90 785 1
785 90 0
91 785 1
785 91 0
92 785 1
785 92 0
93 785 1
785 93 0
94 785 1
785 94 0
95 785 1
785 95 0
96 785 1
785 96 0
97 785 1
785 97 0
98 785 1
785 98 0
99 785 1
785 99 0
100 785 1
785 100 0
101 785 1
785 101 0
102 785 1
785 102 0
103 785 1
785 103 0
104 785 1
785 104 0
105 785 1
785 105 0
106 785 1
785 106 0
107 785 1
785 107 0
108 785 1
785 108 0
109 785 1
785 109 0
110 785 1
785 110 0
111 785 1
785 111 0
112 785 1
785 112 0
113 785 1
785 113 0
114 785 1
785 114 0
115 785 1
785 115 0
116 785 1
785 116 0
117 785 1
785 117 0
118 785 1
785 118 0
119 785 1
785 119 0
120 785 1
785 120 0
121 785 1
785 121 0
122 785 1
785 122 0
123 785 1
785 123 0
124 785 1
785 124 0
125 785 1
785 125 0
126 785 1
785 126 0
127 785 1
785 127 0
128 785 1
785 128 0
129 785 1
785 129 0
130 785 1
785 130 0
131 785 1
785 131 0
132 785 1
785 132 0
133 785 1
785 133 0
134 785 1
785 134 0
135 785 1
785 135 0
136 785 1
785 136 0
137 785 1
785 137 0
138 785 1
785 138 0
139 785 1
785 139 0
140 785 1
785 140 0
141 785 1
785 141 0
142 785 1
785 142 0
143 785 1
785 143 0
144 785 1
785 144 0
145 785 1
785 145 0
146 785 1
785 146 0
147 785 1
785 147 0
148 785 1
785 148 0
149 785 1
785 149 0
150 785 1
785 150 0
151 785 1
785 151 0
152 785 1
785 152 0
153 785 1
785 153 0
154 785 1
785 154 0
155 785 1
785 155 0
156 785 1
785 156 0
157 785 1
785 157 0
158 785 1
785 158 0
159 785 1
785 159 0
160 785 1
785 160 0
161 785 1
785 161 0
162 785 1
785 162 0
163 785 1
785 163 0
164 785 1
785 164 0
165 785 1
785 165 0
166 785 1
785 166 0
167 785 1
785 167 0
168 785 1
785 168 0
169 785 1
785 169 0
170 785 1
785 170 0
171 785 1
785 171 0
172 785 1
785 172 0
173 785 1
785 173 0
174 785 1
785 174 0
175 785 1
785 175 0
176 785 1
785 176 0
177 785 1
785 177 0
178 785 1
785 178 0
179 785 1
785 179 0
180 785 1
785 180 0
181 785 1
785 181 0
182 785 1
785 182 0
183 785 1
785 183 0
184 785 1
785 184 0
185 785 1
785 185 0
186 785 1
785 186 0
187 785 1
785 187 0
188 785 1
785 188 0
189 785 1
785 189 0
190 785 1
785 190 0
191 785 1
785 191 0
192 785 1
785 192 0
193 785 1
785 193 0
194 785 1
785 194 0
195 785 1
785 195 0
196 785 1
785 196 0
197 785 1
785 197 0
198 785 1
785 198 0
199 785 1
785 199 0
200 785 1
785 200 0
201 785 1
785 201 0
202 785 1
785 202 0
203 785 1
785 203 0
204 785 1
785 204 0
205 785 1
785 205 0
206 785 1
785 206 0
207 785 1
785 207 0
208 785 1
785 208 0
209 785 1
785 209 0
210 785 1
785 210 0
211 785 1
785 211 0
212 785 1
785 212 0
213 785 1
785 213 0
214 785 1
785 214 0
215 785 1
785 215 0
216 785 1
785 216 0
217 785 1
785 217 0
218 785 1
785 218 0
219 785 1
785 219 0
220 785 1
785 220 0
221 785 1
785 221 0
222 785 1
785 222 0
223 785 1
785 223 0
224 785 1
785 224 0
225 785 1
785 225 0
226 785 1
785 226 0
227 785 1
785 227 0
228 785 1
785 228 0
229 785 1
785 229 0
230 785 1
785 230 0
231 785 1
785 231 0
232 785 1
785 232 0
233 785 1
785 233 0
234 785 1
785 234 0
235 785 1
785 235 0
236 785 1
785 236 0
237 785 1
785 237 0
238 785 1
785 238 0
239 785 1
785 239 0
240 785 1
785 240 0
241 785 1
785 241 0
242 785 1
785 242 0
243 785 1
785 243 0
244 785 1
785 244 0
245 785 1
785 245 0
246 785 1
785 246 0
247 785 1
785 247 0
248 785 1
785 248 0
249 785 1
785 249 0
250 785 1
785 250 0
251 785 1
785 251 0
252 785 1
785 252 0
253 785 1
785 253 0
254 785 1
785 254 0
255 785 1
785 255 0
256 785 1
785 256 0
257 785 1
785 257 0
258 785 1
785 258 0
259 785 1
785 259 0
260 785 1
785 260 0
261 785 1
785 261 0
262 785 1
785 262 0
263 785 1
785 263 0
264 785 1
785 264 0
265 785 1
785 265 0
266 785 1
785 266 0
267 785 1
785 267 0
268 785 1
785 268 0
269 785 1
785 269 0
270 785 1
785 270 0
271 785 1
785 271 0
272 785 1
785 272 0
273 785 1
785 273 0
274 785 1
785 274 0
275 785 1
785 275 0
276 785 1
785 276 0
277 785 1
785 277 0
278 785 1
785 278 0
279 785 1
785 279 0
280 785 1
785 280 0
281 785 1
785 281 0
282 785 1
785 282 0
283 785 1
785 283 0
284 785 1
785 284 0
285 785 1
785 285 0
286 785 1
785 286 0
287 785 1
785 287 0
288 785 1
785 288 0
289 785 1
785 289 0
290 785 1
785 290 0
291 785 1
785 291 0
292 785 1
785 292 0
293 785 1
785 293 0
294 785 1
785 294 0
295 785 1
785 295 0
296 785 1
785 296 0
297 785 1
785 297 0
298 785 1
785 298 0
299 785 1
785 299 0
300 785 1
785 300 0
301 785 1
785 301 0
302 785 1
785 302 0
303 785 1
785 303 0
304 785 1
785 304 0
305 785 1
785 305 0
306 785 1
785 306 0
307 785 1
785 307 0
308 785 1
785 308 0
309 785 1
785 309 0
310 785 1
785 310 0
311 785 1
785 311 0
312 785 1
785 312 0
313 785 1
785 313 0
314 785 1
785 314 0
315 785 1
785 315 0
316 785 1
785 316 0
317 785 1
785 317 0
318 785 1
785 318 0
319 785 1
785 319 0
320 785 1
785 320 0
321 785 1
785 321 0
322 785 1
785 322 0
323 785 1
785 323 0
324 785 1
785 324 0
325 785 1
785 325 0
326 785 1
785 326 0
327 785 1
785 327 0
328 785 1
785 328 0
329 785 1
785 329 0
330 785 1
785 330 0
331 785 1
785 331 0
332 785 1
785 332 0
333 785 1
785 333 0
334 785 1
785 334 0
335 785 1
785 335 0
336 785 1
785 336 0
337 785 1
785 337 0
338 785 1
785 338 0
339 785 1
785 339 0
340 785 1
785 340 0
341 785 1
785 341 0
342 785 1
785 342 0
343 785 1
785 343 0
344 785 1
785 344 0
345 785 1
785 345 0
346 785 1
785 346 0
347 785 1
785 347 0
348 785 1
785 348 0
349 785 1
785 349 0
350 785 1
785 350 0
351 785 1
785 351 0
352 785 1
785 352 0
353 785 1
785 353 0
354 785 1
785 354 0
355 785 1
785 355 0
356 785 1
785 356 0
357 785 1
785 357 0
358 785 1
785 358 0
359 785 1
785 359 0
360 785 1
785 360 0
361 785 1
785 361 0
362 785 1
785 362 0
363 785 1
785 363 0
364 785 1
785 364 0
365 785 1
785 365 0
366 785 1
785 366 0
367 785 1
785 367 0
368 785 1
785 368 0
369 785 1
785 369 0
370 785 1
785 370 0
371 785 1
785 371 0
372 785 1
785 372 0
373 785 1
785 373 0
374 785 1
785 374 0
375 785 1
785 375 0
376 785 1
785 376 0
377 785 1
785 377 0
378 785 1
785 378 0
379 785 1
785 379 0
380 785 1
785 380 0
381 785 1
785 381 0
382 785 1
785 382 0
383 785 1
785 383 0
384 785 1
785 384 0
385 785 1
785 385 0
386 785 1
785 386 0
387 785 1
785 387 0
388 785 1
785 388 0
389 785 1
785 389 0
390 785 1
785 390 0
391 785 1
785 391 0
392 785 1
785 392 0
393 785 1
785 393 0
394 785 1
785 394 0
395 785 1
785 395 0
396 785 1
785 396 0
397 785 1
785 397 0
398 785 1
785 398 0
399 785 1
785 399 0
400 785 1
785 400 0
401 785 1
785 401 0
402 785 1
785 402 0
403 785 1
785 403 0
404 785 1
785 404 0
405 785 1
785 405 0
406 785 1
785 406 0
407 785 1
785 407 0
408 785 1
785 408 0
409 785 1
785 409 0
410 785 1
785 410 0
411 785 1
785 411 0
412 785 1
785 412 0
413 785 1
785 413 0
414 785 1
785 414 0
415 785 1
785 415 0
416 785 1
785 416 0
417 785 1
785 417 0
418 785 1
785 418 0
419 785 1
785 419 0
420 785 1
785 420 0
421 785 1
785 421 0
422 785 1
785 422 0
423 785 1
785 423 0
424 785 1
785 424 0
425 785 1
785 425 0
426 785 1
785 426 0
427 785 1
785 427 0
428 785 1
785 428 0
429 785 1
785 429 0
430 785 1
785 430 0
431 785 1
785 431 0
432 785 1
785 432 0
433 785 1
785 433 0
434 785 1
785 434 0
435 785 1
785 435 0
436 785 1
785 436 0
437 785 1
785 437 0
438 785 1
785 438 0
439 785 1
785 439 0
440 785 1
785 440 0
441 785 1
785 441 0
442 785 1
785 442 0
443 785 1
785 443 0
444 785 1
785 444 0
445 785 1
785 445 0
446 785 1
785 446 0
447 785 1
785 447 0
448 785 1
785 448 0
449 785 1
785 449 0
450 785 1
785 450 0
451 785 1
785 451 0
452 785 1
785 452 0
453 785 1
785 453 0
454 785 1
785 454 0
455 785 1
785 455 0
456 785 1
785 456 0
457 785 1
785 457 0
458 785 25
785 458 0
459 785 25
785 459 0
460 785 25
785 460 0
461 785 25
785 461 0
462 785 25
785 462 0
463 785 25
785 463 0
464 785 25
785 464 0
465 785 25
785 465 0
466 785 25
785 466 0
467 785 25
785 467 0
468 785 25
785 468 0
469 785 25
785 469 0
470 785 25
785 470 0
471 785 25
785 471 0
472 785 25
785 472 0
473 785 25
785 473 0
474 785 25
785 474 0
475 785 25
785 475 0
476 785 25
785 476 0
477 785 25
785 477 0
478 785 25
785 478 0
479 785 25
785 479 0
480 785 25
785 480 0
481 785 25
785 481 0
482 785 25
785 482 0
483 785 25
785 483 0
484 785 25
785 484 0
485 785 25
785 485 0
486 785 25
785 486 0
487 785 25
785 487 0
488 785 25
785 488 0
489 785 25
785 489 0
490 785 25
785 490 0
491 785 25
785 491 0
492 785 25
785 492 0
493 785 25
785 493 0
494 785 25
785 494 0
495 785 25
785 495 0
496 785 25
785 496 0
497 785 25
785 497 0
498 785 25
785 498 0
499 785 25
785 499 0
500 785 25
785 500 0
501 785 25
785 501 0
502 785 25
785 502 0
503 785 25
785 503 0
504 785 25
785 504 0
505 785 25
785 505 0
506 785 25
785 506 0
507 785 25
785 507 0
508 785 25
785 508 0
509 785 25
785 509 0
510 785 25
785 510 0
511 785 25
785 511 0
512 785 25
785 512 0
513 785 25
785 513 0
514 785 25
785 514 0
515 785 25
785 515 0
516 785 25
785 516 0
517 785 25
785 517 0
518 785 25
785 518 0
519 785 25
785 519 0
520 785 25
785 520 0
521 785 25
785 521 0
522 785 25
785 522 0
523 785 25
785 523 0
524 785 25
785 524 0
525 785 25
785 525 0
526 785 25
785 526 0
527 785 25
785 527 0
528 785 25
785 528 0
529 785 25
785 529 0
530 785 25
785 530 0
531 785 25
785 531 0
532 785 25
785 532 0
533 785 25
785 533 0
534 785 25
785 534 0
535 785 25
785 535 0
536 785 25
785 536 0
537 785 25
785 537 0
538 785 25
785 538 0
539 785 25
785 539 0
540 785 25
785 540 0
541 785 25
785 541 0
542 785 25
785 542 0
543 785 25
785 543 0
544 785 25
785 544 0
545 785 25
785 545 0
546 785 25
785 546 0
547 785 25
785 547 0
548 785 25
785 548 0
549 785 25
785 549 0
550 785 25
785 550 0
551 785 25
785 551 0
552 785 25
785 552 0
553 785 25
785 553 0
554 785 25
785 554 0
555 785 25
785 555 0
556 785 25
785 556 0
557 785 25
785 557 0
558 785 25
785 558 0
559 785 25
785 559 0
560 785 25
785 560 0
561 785 25
785 561 0
562 785 25
785 562 0
563 785 25
785 563 0
564 785 25
785 564 0
565 785 25
785 565 0
566 785 25
785 566 0
567 785 25
785 567 0
568 785 25
785 568 0
569 785 25
785 569 0
570 785 25
785 570 0
571 785 25
785 571 0
572 785 25
785 572 0
573 785 25
785 573 0
574 785 25
785 574 0
575 785 25
785 575 0
576 785 25
785 576 0
577 785 25
785 577 0
578 785 25
785 578 0
579 785 25
785 579 0
580 785 25
785 580 0
581 785 25
785 581 0
582 785 25
785 582 0
583 785 25
785 583 0
584 785 25
785 584 0
585 785 25
785 585 0
586 785 25
785 586 0
587 785 25
785 587 0
588 785 25
785 588 0
589 785 25
785 589 0
590 785 25
785 590 0
591 785 25
785 591 0
592 785 25
785 592 0
593 785 25
785 593 0
594 785 25
785 594 0
595 785 25
785 595 0
596 785 25
785 596 0
597 785 25
785 597 0
598 785 25
785 598 0
599 785 25
785 599 0
600 785 25
785 600 0
601 785 25
785 601 0
602 785 25
785 602 0
603 785 25
785 603 0
604 785 25
785 604 0
605 785 25
785 605 0
606 785 25
785 606 0
607 785 25
785 607 0
608 785 25
785 608 0
609 785 25
785 609 0
610 785 25
785 610 0
611 785 25
785 611 0
612 785 25
785 612 0
613 785 25
785 613 0
614 785 25
785 614 0
615 785 25
785 615 0
616 785 25
785 616 0
617 785 25
785 617 0
618 785 25
785 618 0
619 785 25
785 619 0
620 785 25
785 620 0
621 785 25
785 621 0
622 785 25
785 622 0
623 785 25
785 623 0
624 785 25
785 624 0
625 785 25
785 625 0
626 785 25
785 626 0
627 785 25
785 627 0
628 785 25
785 628 0
629 785 25
785 629 0
630 785 25
785 630 0
631 785 25
785 631 0
632 785 25
785 632 0
633 785 25
785 633 0
634 785 25
785 634 0
635 785 25
785 635 0
636 785 25
785 636 0
637 785 25
785 637 0
638 785 25
785 638 0
639 785 25
785 639 0
640 785 25
785 640 0
641 785 25
785 641 0
642 785 25
785 642 0
643 785 25
785 643 0
644 785 25
785 644 0
645 785 25
785 645 0
646 785 25
785 646 0
647 785 25
785 647 0
648 785 25
785 648 0
649 785 25
785 649 0
650 785 25
785 650 0
651 785 25
785 651 0
652 785 25
785 652 0
653 785 25
785 653 0
654 785 25
785 654 0
655 785 25
785 655 0
656 785 25
785 656 0
657 785 25
785 657 0
658 785 25
785 658 0
659 785 25
785 659 0
660 785 25
785 660 0
661 785 25
785 661 0
662 785 25
785 662 0
663 785 25
785 663 0
664 785 25
785 664 0
665 785 25
785 665 0
666 785 25
785 666 0
667 785 25
785 667 0
668 785 25
785 668 0
669 785 25
785 669 0
670 785 25
785 670 0
671 785 25
785 671 0
672 785 25
785 672 0
673 785 25
785 673 0
674 785 25
785 674 0
675 785 25
785 675 0
676 785 25
785 676 0
677 785 25
785 677 0
678 785 25
785 678 0
679 785 25
785 679 0
680 785 25
785 680 0
681 785 25
785 681 0
682 785 25
785 682 0
683 785 25
785 683 0
684 785 25
785 684 0
685 785 25
785 685 0
686 785 25
785 686 0
687 785 25
785 687 0
688 785 25
785 688 0
689 785 25
785 689 0
690 785 25
785 690 0
691 785 25
785 691 0
692 785 25
785 692 0
693 785 25
785 693 0
694 785 25
785 694 0
695 785 25
785 695 0
696 785 25
785 696 0
697 785 25
785 697 0
698 785 25
785 698 0
699 785 25
785 699 0
700 785 25
785 700 0
701 785 25
785 701 0
702 785 25
785 702 0
703 785 25
785 703 0
704 785 25
785 704 0
705 785 25
785 705 0
706 785 25
785 706 0
707 785 25
785 707 0
708 785 25
785 708 0
709 785 25
785 709 0
710 785 25
785 710 0
711 785 25
785 711 0
712 785 25
785 712 0
713 785 25
785 713 0
714 785 25
785 714 0
715 785 25
785 715 0
716 785 25
785 716 0
717 785 25
785 717 0
718 785 25
785 718 0
719 785 25
785 719 0
720 785 25
785 720 0
721 785 25
785 721 0
722 785 25
785 722 0
723 785 25
785 723 0
724 785 25
785 724 0
725 785 25
785 725 0
726 785 25
785 726 0
727 785 25
785 727 0
728 785 25
785 728 0
729 785 25
785 729 0
730 785 25
785 730 0
731 785 25
785 731 0
732 785 25
785 732 0
733 785 25
785 733 0
734 785 25
785 734 0
735 785 25
785 735 0
736 785 25
785 736 0
737 785 25
785 737 0
738 785 25
785 738 0
739 785 25
785 739 0
740 785 25
785 740 0
741 785 25
785 741 0
742 785 25
785 742 0
743 785 25
785 743 0
744 785 25
785 744 0
745 785 25
785 745 0
746 785 25
785 746 0
747 785 25
785 747 0
748 785 25
785 748 0
749 785 25
785 749 0
750 785 25
785 750 0
751 785 25
785 751 0
752 785 25
785 752 0
753 785 25
785 753 0
754 785 25
785 754 0
755 785 25
785 755 0
756 785 25
785 756 0
757 785 25
785 757 0
758 785 25
785 758 0
759 785 25
785 759 0
760 785 25
785 760 0
761 785 25
785 761 0
762 785 25
785 762 0
763 785 25
785 763 0
764 785 25
785 764 0
765 785 25
785 765 0
766 785 25
785 766 0
767 785 25
785 767 0
768 785 25
785 768 0
769 785 25
785 769 0
770 785 25
785 770 0
771 785 25
785 771 0
772 785 25
785 772 0
773 785 25
785 773 0
774 785 25
785 774 0
775 785 25
785 775 0
776 785 25
785 776 0
777 785 25
785 777 0
778 785 25
785 778 0
779 785 25
785 779 0
780 785 25
785 780 0
781 785 25
785 781 0
782 785 25
785 782 0
783 785 25
785 783 0
784 785 25
785 784 0
