3501 3500 1746 7000
1 3501 1
3501 1 0
2 3501 1
3501 2 0
3 3501 1
3501 3 0
4 3501 1
3501 4 0
5 3501 1
3501 5 0
6 3501 1
3501 6 0
7 3501 1
3501 7 0
8 3501 1
3501 8 0
9 3501 1
3501 9 0
10 3501 1
3501 10 0
11 3501 1
3501 11 0
12 3501 1
3501 12 0
13 3501 1
3501 13 0
14 3501 1
3501 14 0
15 3501 1
3501 15 0
16 3501 1
3501 16 0
17 3501 1
3501 17 0
18 3501 1
3501 18 0
19 3501 1
3501 19 0
20 3501 1
3501 20 0
21 3501 1
3501 21 0
22 3501 1
3501 22 0
23 3501 1
3501 23 0
24 3501 1
3501 24 0
25 3501 1
3501 25 0
26 3501 1
3501 26 0
27 3501 1
3501 27 0
28 3501 1
3501 28 0
29 3501 1
3501 29 0
30 3501 1
3501 30 0
31 3501 1
3501 31 0
32 3501 1
3501 32 0
33 3501 1
3501 33 0
34 3501 1
3501 34 0
35 3501 1
3501 35 0
36 3501 1
3501 36 0
37 3501 1
3501 37 0
38 3501 1
3501 38 0
39 3501 1
3501 39 0
40 3501 1
3501 40 0
41 3501 1
3501 41 0
42 3501 1
3501 42 0
43 3501 1
3501 43 0
44 3501 1
3501 44 0
45 3501 1
3501 45 0
46 3501 1
3501 46 0
47 3501 1
3501 47 0
48 3501 1
3501 48 0
49 3501 1
3501 49 0
50 3501 1
3501 50 0
51 3501 1
3501 51 0
52 3501 1
3501 52 0
53 3501 1
3501 53 0
54 3501 1
3501 54 0
55 3501 1
3501 55 0
56 3501 1
3501 56 0
57 3501 1
3501 57 0
58 3501 1
3501 58 0
59 3501 1
3501 59 0
60 3501 1
3501 60 0
61 3501 1
3501 61 0
62 3501 1
3501 62 0
63 3501 1
3501 63 0
64 3501 1
3501 64 0
65 3501 1
3501 65 0
66 3501 1
3501 66 0
67 3501 1
3501 67 0
68 3501 1
3501 68 0
69 3501 1
3501 69 0
70 3501 1
3501 70 0
71 3501 1
3501 71 0
72 3501 1
3501 72 0
73 3501 1
3501 73 0
74 3501 1
3501 74 0
75 3501 1
3501 75 0
76 3501 1
3501 76 0
77 3501 1
3501 77 0
78 3501 1
3501 78 0
79 3501 1
3501 79 0
80 3501 1
3501 80 0
81 3501 1
3501 81 0
82 3501 1
3501 82 0
83 3501 1
3501 83 0
84 3501 1
3501 84 0
85 3501 1
3501 85 0
86 3501 1
3501 86 0
87 3501 1
3501 87 0
88 3501 1
3501 88 0
89 3501 1
3501 89 0
90 3501 1
3501 90 0
91 3501 1
3501 91 0
92 3501 1
3501 92 0
93 3501 1
3501 93 0
94 3501 1
3501 94 0
95 3501 1
3501 95 0
96 3501 1
3501 96 0
97 3501 1
3501 97 0
98 3501 1
3501 98 0
99 3501 1
3501 99 0
100 3501 1
3501 100 0
101 3501 1
3501 101 0
102 3501 1
3501 102 0
103 3501 1
3501 103 0
104 3501 1
3501 104 0
105 3501 1
3501 105 0
106 3501 1
3501 106 0
107 3501 1
3501 107 0
108 3501 1
3501 108 0
109 3501 1
3501 109 0
110 3501 1
3501 110 0
111 3501 1
3501 111 0
112 3501 1
3501 112 0
113 3501 1
3501 113 0
114 3501 1
3501 114 0
115 3501 1
3501 115 0
116 3501 1
3501 116 0
117 3501 1
3501 117 0
118 3501 1
3501 118 0
119 3501 1
3501 119 0
120 3501 1
3501 120 0
121 3501 1
3501 121 0
122 3501 1
3501 122 0
123 3501 1
3501 123 0
124 3501 1
3501 124 0
125 3501 1
3501 125 0
126 3501 1
3501 126 0
127 3501 1
3501 127 0
128 3501 1
3501 128 0
129 3501 1
3501 129 0
130 3501 1
3501 130 0
131 3501 1
3501 131 0
132 3501 1
3501 132 0
133 3501 1
3501 133 0
134 3501 1
3501 134 0
135 3501 1
3501 135 0
136 3501 1
3501 136 0
137 3501 1
3501 137 0
138 3501 1
3501 138 0
139 3501 1
3501 139 0
140 3501 1
3501 140 0
141 3501 1
3501 141 0
142 3501 1
3501 142 0
143 3501 1
3501 143 0
144 3501 1
3501 144 0
145 3501 1
3501 145 0
146 3501 1
3501 146 0
147 3501 1
3501 147 0
148 3501 1
3501 148 0
149 3501 1
3501 149 0
150 3501 1
3501 150 0
151 3501 1
3501 151 0
152 3501 1
3501 152 0
153 3501 1
3501 153 0
154 3501 1
3501 154 0
155 3501 1
3501 155 0
156 3501 1
3501 156 0
157 3501 1
3501 157 0
158 3501 1
3501 158 0
159 3501 1
3501 159 0
160 3501 1
3501 160 0
161 3501 1
3501 161 0
162 3501 1
3501 162 0
163 3501 1
3501 163 0
164 3501 1
3501 164 0
165 3501 1
3501 165 0
166 3501 1
3501 166 0
167 3501 1
3501 167 0
168 3501 1
3501 168 0
169 3501 1
3501 169 0
170 3501 1
3501 170 0
171 3501 1
3501 171 0
172 3501 1
3501 172 0
173 3501 1
3501 173 0
174 3501 1
3501 174 0
175 3501 1
3501 175 0
176 3501 1
3501 176 0
177 3501 1
3501 177 0
178 3501 1
3501 178 0
179 3501 1
3501 179 0
180 3501 1
3501 180 0
181 3501 1
3501 181 0
182 3501 1
3501 182 0
183 3501 1
3501 183 0
184 3501 1
3501 184 0
185 3501 1
3501 185 0
186 3501 1
3501 186 0
187 3501 1
3501 187 0
188 3501 1
3501 188 0
189 3501 1
3501 189 0
190 3501 1
3501 190 0
191 3501 1
3501 191 0
192 3501 1
3501 192 0
193 3501 1
3501 193 0
194 3501 1
3501 194 0
195 3501 1
3501 195 0
196 3501 1
3501 196 0
197 3501 1
3501 197 0
198 3501 1
3501 198 0
199 3501 1
3501 199 0
200 3501 1
3501 200 0
201 3501 1
3501 201 0
202 3501 1
3501 202 0
203 3501 1
3501 203 0
204 3501 1
3501 204 0
205 3501 1
3501 205 0
206 3501 1
3501 206 0
207 3501 1
3501 207 0
208 3501 1
3501 208 0
209 3501 1
3501 209 0
210 3501 1
3501 210 0
211 3501 1
3501 211 0
212 3501 1
3501 212 0
213 3501 1
3501 213 0
214 3501 1
3501 214 0
215 3501 1
3501 215 0
216 3501 1
3501 216 0
217 3501 1
3501 217 0
218 3501 1
3501 218 0
219 3501 1
3501 219 0
220 3501 1
3501 220 0
221 3501 1
3501 221 0
222 3501 1
3501 222 0
223 3501 1
3501 223 0
224 3501 1
3501 224 0
225 3501 1
3501 225 0
226 3501 1
3501 226 0
227 3501 1
3501 227 0
228 3501 1
3501 228 0
229 3501 1
3501 229 0
230 3501 1
3501 230 0
231 3501 1
3501 231 0
232 3501 1
3501 232 0
233 3501 1
3501 233 0
234 3501 1
3501 234 0
235 3501 1
3501 235 0
236 3501 1
3501 236 0
237 3501 1
3501 237 0
238 3501 1
3501 238 0
239 3501 1
3501 239 0
240 3501 1
3501 240 0
241 3501 1
3501 241 0
242 3501 1
3501 242 0
243 3501 1
3501 243 0
244 3501 1
3501 244 0
245 3501 1
3501 245 0
246 3501 1
3501 246 0
247 3501 1
3501 247 0
248 3501 1
3501 248 0
249 3501 1
3501 249 0
250 3501 1
3501 250 0
251 3501 1
3501 251 0
252 3501 1
3501 252 0
253 3501 1
3501 253 0
254 3501 1
3501 254 0
255 3501 1
3501 255 0
256 3501 1
3501 256 0
257 3501 1
3501 257 0
258 3501 1
3501 258 0
259 3501 1
3501 259 0
260 3501 1
3501 260 0
261 3501 1
3501 261 0
262 3501 1
3501 262 0
263 3501 1
3501 263 0
264 3501 1
3501 264 0
265 3501 1
3501 265 0
266 3501 1
3501 266 0
267 3501 1
3501 267 0
268 3501 1
3501 268 0
269 3501 1
3501 269 0
270 3501 1
3501 270 0
271 3501 1
3501 271 0
272 3501 1
3501 272 0
273 3501 1
3501 273 0
274 3501 1
3501 274 0
275 3501 1
3501 275 0
276 3501 1
3501 276 0
277 3501 1
3501 277 0
278 3501 1
3501 278 0
279 3501 1
3501 279 0
280 3501 1
3501 280 0
281 3501 1
3501 281 0
282 3501 1
3501 282 0
283 3501 1
3501 283 0
284 3501 1
3501 284 0
285 3501 1
3501 285 0
286 3501 1
3501 286 0
287 3501 1
3501 287 0
288 3501 1
3501 288 0
289 3501 1
3501 289 0
290 3501 1
3501 290 0
291 3501 1
3501 291 0
292 3501 1
3501 292 0
293 3501 1
3501 293 0
294 3501 1
3501 294 0
295 3501 1
3501 295 0
296 3501 1
3501 296 0
297 3501 1
3501 297 0
298 3501 1
3501 298 0
299 3501 1
3501 299 0
300 3501 1
3501 300 0
301 3501 1
3501 301 0
302 3501 1
3501 302 0
303 3501 1
3501 303 0
304 3501 1
3501 304 0
305 3501 1
3501 305 0
306 3501 1
3501 306 0
307 3501 1
3501 307 0
308 3501 1
3501 308 0
309 3501 1
3501 309 0
310 3501 1
3501 310 0
311 3501 1
3501 311 0
312 3501 1
3501 312 0
313 3501 1
3501 313 0
314 3501 1
3501 314 0
315 3501 1
3501 315 0
316 3501 1
3501 316 0
317 3501 1
3501 317 0
318 3501 1
3501 318 0
319 3501 1
3501 319 0
320 3501 1
3501 320 0
321 3501 1
3501 321 0
322 3501 1
3501 322 0
323 3501 1
3501 323 0
324 3501 1
3501 324 0
325 3501 1
3501 325 0
326 3501 1
3501 326 0
327 3501 1
3501 327 0
328 3501 1
3501 328 0
329 3501 1
3501 329 0
330 3501 1
3501 330 0
331 3501 1
3501 331 0
332 3501 1
3501 332 0
333 3501 1
3501 333 0
334 3501 1
3501 334 0
335 3501 1
3501 335 0
336 3501 1
3501 336 0
337 3501 1
3501 337 0
338 3501 1
3501 338 0
339 3501 1
3501 339 0
340 3501 1
3501 340 0
341 3501 1
3501 341 0
342 3501 1
3501 342 0
343 3501 1
3501 343 0
344 3501 1
3501 344 0
345 3501 1
3501 345 0
346 3501 1
3501 346 0
347 3501 1
3501 347 0
348 3501 1
3501 348 0
349 3501 1
3501 349 0
350 3501 1
3501 350 0
351 3501 1
3501 351 0
352 3501 1
3501 352 0
353 3501 1
3501 353 0
354 3501 1
3501 354 0
355 3501 1
3501 355 0
356 3501 1
3501 356 0
357 3501 1
3501 357 0
358 3501 1
3501 358 0
359 3501 1
3501 359 0
360 3501 1
3501 360 0
361 3501 1
3501 361 0
362 3501 1
3501 362 0
363 3501 1
3501 363 0
364 3501 1
3501 364 0
365 3501 1
3501 365 0
366 3501 1
3501 366 0
367 3501 1
3501 367 0
368 3501 1
3501 368 0
369 3501 1
3501 369 0
370 3501 1
3501 370 0
371 3501 1
3501 371 0
372 3501 1
3501 372 0
373 3501 1
3501 373 0
374 3501 1
3501 374 0
375 3501 1
3501 375 0
376 3501 1
3501 376 0
377 3501 1
3501 377 0
378 3501 1
3501 378 0
379 3501 1
3501 379 0
380 3501 1
3501 380 0
381 3501 1
3501 381 0
382 3501 1
3501 382 0
383 3501 1
3501 383 0
384 3501 1
3501 384 0
385 3501 1
3501 385 0
386 3501 1
3501 386 0
387 3501 1
3501 387 0
388 3501 1
3501 388 0
389 3501 1
3501 389 0
390 3501 1
3501 390 0
391 3501 1
3501 391 0
392 3501 1
3501 392 0
393 3501 1
3501 393 0
394 3501 1
3501 394 0
395 3501 1
3501 395 0
396 3501 1
3501 396 0
397 3501 1
3501 397 0
398 3501 1
3501 398 0
399 3501 1
3501 399 0
400 3501 1
3501 400 0
401 3501 1
3501 401 0
402 3501 1
3501 402 0
403 3501 1
3501 403 0
404 3501 1
3501 404 0
405 3501 1
3501 405 0
406 3501 1
3501 406 0
407 3501 1
3501 407 0
408 3501 1
3501 408 0
409 3501 1
3501 409 0
410 3501 1
3501 410 0
411 3501 1
3501 411 0
412 3501 1
3501 412 0
413 3501 1
3501 413 0
414 3501 1
3501 414 0
415 3501 1
3501 415 0
416 3501 1
3501 416 0
417 3501 1
3501 417 0
418 3501 1
3501 418 0
419 3501 1
3501 419 0
420 3501 1
3501 420 0
421 3501 1
3501 421 0
422 3501 1
3501 422 0
423 3501 1
3501 423 0
424 3501 1
3501 424 0
425 3501 1
3501 425 0
426 3501 1
3501 426 0
427 3501 1
3501 427 0
428 3501 1
3501 428 0
429 3501 1
3501 429 0
430 3501 1
3501 430 0
431 3501 1
3501 431 0
432 3501 1
3501 432 0
433 3501 1
3501 433 0
434 3501 1
3501 434 0
435 3501 1
3501 435 0
436 3501 1
3501 436 0
437 3501 1
3501 437 0
438 3501 1
3501 438 0
439 3501 1
3501 439 0
440 3501 1
3501 440 0
441 3501 1
3501 441 0
442 3501 1
3501 442 0
443 3501 1
3501 443 0
444 3501 1
3501 444 0
445 3501 1
3501 445 0
446 3501 1
3501 446 0
447 3501 1
3501 447 0
448 3501 1
3501 448 0
449 3501 1
3501 449 0
450 3501 1
3501 450 0
451 3501 1
3501 451 0
452 3501 1
3501 452 0
453 3501 1
3501 453 0
454 3501 1
3501 454 0
455 3501 1
3501 455 0
456 3501 1
3501 456 0
457 3501 1
3501 457 0
458 3501 1
3501 458 0
459 3501 1
3501 459 0
460 3501 1
3501 460 0
461 3501 1
3501 461 0
462 3501 1
3501 462 0
463 3501 1
3501 463 0
464 3501 1
3501 464 0
465 3501 1
3501 465 0
466 3501 1
3501 466 0
467 3501 1
3501 467 0
468 3501 1
3501 468 0
469 3501 1
3501 469 0
470 3501 1
3501 470 0
471 3501 1
3501 471 0
472 3501 1
3501 472 0
473 3501 1
3501 473 0
474 3501 1
3501 474 0
475 3501 1
3501 475 0
476 3501 1
3501 476 0
477 3501 1
3501 477 0
478 3501 1
3501 478 0
479 3501 1
3501 479 0
480 3501 1
3501 480 0
481 3501 1
3501 481 0
482 3501 1
3501 482 0
483 3501 1
3501 483 0
484 3501 1
3501 484 0
485 3501 1
3501 485 0
486 3501 1
3501 486 0
487 3501 1
3501 487 0
488 3501 1
3501 488 0
489 3501 1
3501 489 0
490 3501 1
3501 490 0
491 3501 1
3501 491 0
492 3501 1
3501 492 0
493 3501 1
3501 493 0
494 3501 1
3501 494 0
495 3501 1
3501 495 0
496 3501 1
3501 496 0
497 3501 1
3501 497 0
498 3501 1
3501 498 0
499 3501 1
3501 499 0
500 3501 1
3501 500 0
501 3501 1
3501 501 0
502 3501 1
3501 502 0
503 3501 1
3501 503 0
504 3501 1
3501 504 0
505 3501 1
3501 505 0
506 3501 1
3501 506 0
507 3501 1
3501 507 0
508 3501 1
3501 508 0
509 3501 1
3501 509 0
510 3501 1
3501 510 0
511 3501 1
3501 511 0
512 3501 1
3501 512 0
513 3501 1
3501 513 0
514 3501 1
3501 514 0
515 3501 1
3501 515 0
516 3501 1
3501 516 0
517 3501 1
3501 517 0
518 3501 1
3501 518 0
519 3501 1
3501 519 0
520 3501 1
3501 520 0
521 3501 1
3501 521 0
522 3501 1
3501 522 0
523 3501 1
3501 523 0
524 3501 1
3501 524 0
525 3501 1
3501 525 0
526 3501 1
3501 526 0
527 3501 1
3501 527 0
528 3501 1
3501 528 0
529 3501 1
3501 529 0
530 3501 1
3501 530 0
531 3501 1
3501 531 0
532 3501 1
3501 532 0
533 3501 1
3501 533 0
534 3501 1
3501 534 0
535 3501 1
3501 535 0
536 3501 1
3501 536 0
537 3501 1
3501 537 0
538 3501 1
3501 538 0
539 3501 1
3501 539 0
540 3501 1
3501 540 0
541 3501 1
3501 541 0
542 3501 1
3501 542 0
543 3501 1
3501 543 0
544 3501 1
3501 544 0
545 3501 1
3501 545 0
546 3501 1
3501 546 0
547 3501 1
3501 547 0
548 3501 1
3501 548 0
549 3501 1
3501 549 0
550 3501 1
3501 550 0
551 3501 1
3501 551 0
552 3501 1
3501 552 0
553 3501 1
3501 553 0
554 3501 1
3501 554 0
555 3501 1
3501 555 0
556 3501 1
3501 556 0
557 3501 1
3501 557 0
558 3501 1
3501 558 0
559 3501 1
3501 559 0
560 3501 1
3501 560 0
561 3501 1
3501 561 0
562 3501 1
3501 562 0
563 3501 1
3501 563 0
564 3501 1
3501 564 0
565 3501 1
3501 565 0
566 3501 1
3501 566 0
567 3501 1
3501 567 0
568 3501 1
3501 568 0
569 3501 1
3501 569 0
570 3501 1
3501 570 0
571 3501 1
3501 571 0
572 3501 1
3501 572 0
573 3501 1
3501 573 0
574 3501 1
3501 574 0
575 3501 1
3501 575 0
576 3501 1
3501 576 0
577 3501 1
3501 577 0
578 3501 1
3501 578 0
579 3501 1
3501 579 0
580 3501 1
3501 580 0
581 3501 1
3501 581 0
582 3501 1
3501 582 0
583 3501 1
3501 583 0
584 3501 1
3501 584 0
585 3501 1
3501 585 0
586 3501 1
3501 586 0
587 3501 1
3501 587 0
588 3501 1
3501 588 0
589 3501 1
3501 589 0
590 3501 1
3501 590 0
591 3501 1
3501 591 0
592 3501 1
3501 592 0
593 3501 1
3501 593 0
594 3501 1
3501 594 0
595 3501 1
3501 595 0
596 3501 1
3501 596 0
597 3501 1
3501 597 0
598 3501 1
3501 598 0
599 3501 1
3501 599 0
600 3501 1
3501 600 0
601 3501 1
3501 601 0
602 3501 1
3501 602 0
603 3501 1
3501 603 0
604 3501 1
3501 604 0
605 3501 1
3501 605 0
606 3501 1
3501 606 0
607 3501 1
3501 607 0
608 3501 1
3501 608 0
609 3501 1
3501 609 0
610 3501 1
3501 610 0
611 3501 1
3501 611 0
612 3501 1
3501 612 0
613 3501 1
3501 613 0
614 3501 1
3501 614 0
615 3501 1
3501 615 0
616 3501 1
3501 616 0
617 3501 1
3501 617 0
618 3501 1
3501 618 0
619 3501 1
3501 619 0
620 3501 1
3501 620 0
621 3501 1
3501 621 0
622 3501 1
3501 622 0
623 3501 1
3501 623 0
624 3501 1
3501 624 0
625 3501 1
3501 625 0
626 3501 1
3501 626 0
627 3501 1
3501 627 0
628 3501 1
3501 628 0
629 3501 1
3501 629 0
630 3501 1
3501 630 0
631 3501 1
3501 631 0
632 3501 1
3501 632 0
633 3501 1
3501 633 0
634 3501 1
3501 634 0
635 3501 1
3501 635 0
636 3501 1
3501 636 0
637 3501 1
3501 637 0
638 3501 1
3501 638 0
639 3501 1
3501 639 0
640 3501 1
3501 640 0
641 3501 1
3501 641 0
642 3501 1
3501 642 0
643 3501 1
3501 643 0
644 3501 1
3501 644 0
645 3501 1
3501 645 0
646 3501 1
3501 646 0
647 3501 1
3501 647 0
648 3501 1
3501 648 0
649 3501 1
3501 649 0
650 3501 1
3501 650 0
651 3501 1
3501 651 0
652 3501 1
3501 652 0
653 3501 1
3501 653 0
654 3501 1
3501 654 0
655 3501 1
3501 655 0
656 3501 1
3501 656 0
657 3501 1
3501 657 0
658 3501 1
3501 658 0
659 3501 1
3501 659 0
660 3501 1
3501 660 0
661 3501 1
3501 661 0
662 3501 1
3501 662 0
663 3501 1
3501 663 0
664 3501 1
3501 664 0
665 3501 1
3501 665 0
666 3501 1
3501 666 0
667 3501 1
3501 667 0
668 3501 1
3501 668 0
669 3501 1
3501 669 0
670 3501 1
3501 670 0
671 3501 1
3501 671 0
672 3501 1
3501 672 0
673 3501 1
3501 673 0
674 3501 1
3501 674 0
675 3501 1
3501 675 0
676 3501 1
3501 676 0
677 3501 1
3501 677 0
678 3501 1
3501 678 0
679 3501 1
3501 679 0
680 3501 1
3501 680 0
681 3501 1
3501 681 0
682 3501 1
3501 682 0
683 3501 1
3501 683 0
684 3501 1
3501 684 0
685 3501 1
3501 685 0
686 3501 1
3501 686 0
687 3501 1
3501 687 0
688 3501 1
3501 688 0
689 3501 1
3501 689 0
690 3501 1
3501 690 0
691 3501 1
3501 691 0
692 3501 1
3501 692 0
693 3501 1
3501 693 0
694 3501 1
3501 694 0
695 3501 1
3501 695 0
696 3501 1
3501 696 0
697 3501 1
3501 697 0
698 3501 1
3501 698 0
699 3501 1
3501 699 0
700 3501 1
3501 700 0
701 3501 1
3501 701 0
702 3501 1
3501 702 0
703 3501 1
3501 703 0
704 3501 1
3501 704 0
705 3501 1
3501 705 0
706 3501 1
3501 706 0
707 3501 1
3501 707 0
708 3501 1
3501 708 0
709 3501 1
3501 709 0
710 3501 1
3501 710 0
711 3501 1
3501 711 0
712 3501 1
3501 712 0
713 3501 1
3501 713 0
714 3501 1
3501 714 0
715 3501 1
3501 715 0
716 3501 1
3501 716 0
717 3501 1
3501 717 0
718 3501 1
3501 718 0
719 3501 1
3501 719 0
720 3501 1
3501 720 0
721 3501 1
3501 721 0
722 3501 1
3501 722 0
723 3501 1
3501 723 0
724 3501 1
3501 724 0
725 3501 1
3501 725 0
726 3501 1
3501 726 0
727 3501 1
3501 727 0
728 3501 1
3501 728 0
729 3501 1
3501 729 0
730 3501 1
3501 730 0
731 3501 1
3501 731 0
732 3501 1
3501 732 0
733 3501 1
3501 733 0
734 3501 1
3501 734 0
735 3501 1
3501 735 0
736 3501 1
3501 736 0
737 3501 1
3501 737 0
738 3501 1
3501 738 0
739 3501 1
3501 739 0
740 3501 1
3501 740 0
741 3501 1
3501 741 0
742 3501 1
3501 742 0
743 3501 1
3501 743 0
744 3501 1
3501 744 0
745 3501 1
3501 745 0
746 3501 1
3501 746 0
747 3501 1
3501 747 0
748 3501 1
3501 748 0
749 3501 1
3501 749 0
750 3501 1
3501 750 0
751 3501 1
3501 751 0
752 3501 1
3501 752 0
753 3501 1
3501 753 0
754 3501 1
3501 754 0
755 3501 1
3501 755 0
756 3501 1
3501 756 0
757 3501 1
3501 757 0
758 3501 1
3501 758 0
759 3501 1
3501 759 0
760 3501 1
3501 760 0
761 3501 1
3501 761 0
762 3501 1
3501 762 0
763 3501 1
3501 763 0
764 3501 1
3501 764 0
765 3501 1
3501 765 0
766 3501 1
3501 766 0
767 3501 1
3501 767 0
768 3501 1
3501 768 0
769 3501 1
3501 769 0
770 3501 1
3501 770 0
771 3501 1
3501 771 0
772 3501 1
3501 772 0
773 3501 1
3501 773 0
774 3501 1
3501 774 0
775 3501 1
3501 775 0
776 3501 1
3501 776 0
777 3501 1
3501 777 0
778 3501 1
3501 778 0
779 3501 1
3501 779 0
780 3501 1
3501 780 0
781 3501 1
3501 781 0
782 3501 1
3501 782 0
783 3501 1
3501 783 0
784 3501 1
3501 784 0
785 3501 1
3501 785 0
786 3501 1
3501 786 0
787 3501 1
3501 787 0
788 3501 1
3501 788 0
789 3501 1
3501 789 0
790 3501 1
3501 790 0
791 3501 1
3501 791 0
792 3501 1
3501 792 0
793 3501 1
3501 793 0
794 3501 1
3501 794 0
795 3501 1
3501 795 0
796 3501 1
3501 796 0
797 3501 1
3501 797 0
798 3501 1
3501 798 0
799 3501 1
3501 799 0
800 3501 1
3501 800 0
801 3501 1
3501 801 0
802 3501 1
3501 802 0
803 3501 1
3501 803 0
804 3501 1
3501 804 0
805 3501 1
3501 805 0
806 3501 1
3501 806 0
807 3501 1
3501 807 0
808 3501 1
3501 808 0
809 3501 1
3501 809 0
810 3501 1
3501 810 0
811 3501 1
3501 811 0
812 3501 1
3501 812 0
813 3501 1
3501 813 0
814 3501 1
3501 814 0
815 3501 1
3501 815 0
816 3501 1
3501 816 0
817 3501 1
3501 817 0
818 3501 1
3501 818 0
819 3501 1
3501 819 0
820 3501 1
3501 820 0
821 3501 1
3501 821 0
822 3501 1
3501 822 0
823 3501 1
3501 823 0
824 3501 1
3501 824 0
825 3501 1
3501 825 0
826 3501 1
3501 826 0
827 3501 1
3501 827 0
828 3501 1
3501 828 0
829 3501 1
3501 829 0
830 3501 1
3501 830 0
831 3501 1
3501 831 0
832 3501 1
3501 832 0
833 3501 1
3501 833 0
834 3501 1
3501 834 0
835 3501 1
3501 835 0
836 3501 1
3501 836 0
837 3501 1
3501 837 0
838 3501 1
3501 838 0
839 3501 1
3501 839 0
840 3501 1
3501 840 0
841 3501 1
3501 841 0
842 3501 1
3501 842 0
843 3501 1
3501 843 0
844 3501 1
3501 844 0
845 3501 1
3501 845 0
846 3501 1
3501 846 0
847 3501 1
3501 847 0
848 3501 1
3501 848 0
849 3501 1
3501 849 0
850 3501 1
3501 850 0
851 3501 1
3501 851 0
852 3501 1
3501 852 0
853 3501 1
3501 853 0
854 3501 1
3501 854 0
855 3501 1
3501 855 0
856 3501 1
3501 856 0
857 3501 1
3501 857 0
858 3501 1
3501 858 0
859 3501 1
3501 859 0
860 3501 1
3501 860 0
861 3501 1
3501 861 0
862 3501 1
3501 862 0
863 3501 1
3501 863 0
864 3501 1
3501 864 0
865 3501 1
3501 865 0
866 3501 1
3501 866 0
867 3501 1
3501 867 0
868 3501 1
3501 868 0
869 3501 1
3501 869 0
870 3501 1
3501 870 0
871 3501 1
3501 871 0
872 3501 1
3501 872 0
873 3501 1
3501 873 0
874 3501 1
3501 874 0
875 3501 1
3501 875 0
876 3501 1
3501 876 0
877 3501 1
3501 877 0
878 3501 1
3501 878 0
879 3501 1
3501 879 0
880 3501 1
3501 880 0
881 3501 1
3501 881 0
882 3501 1
3501 882 0
883 3501 1
3501 883 0
884 3501 1
3501 884 0
885 3501 1
3501 885 0
886 3501 1
3501 886 0
887 3501 1
3501 887 0
888 3501 1
3501 888 0
889 3501 1
3501 889 0
890 3501 1
3501 890 0
891 3501 1
3501 891 0
892 3501 1
3501 892 0
893 3501 1
3501 893 0
894 3501 1
3501 894 0
895 3501 1
3501 895 0
896 3501 1
3501 896 0
897 3501 1
3501 897 0
898 3501 1
3501 898 0
899 3501 1
3501 899 0
900 3501 1
3501 900 0
901 3501 1
3501 901 0
902 3501 1
3501 902 0
903 3501 1
3501 903 0
904 3501 1
3501 904 0
905 3501 1
3501 905 0
906 3501 1
3501 906 0
907 3501 1
3501 907 0
908 3501 1
3501 908 0
909 3501 1
3501 909 0
910 3501 1
3501 910 0
911 3501 1
3501 911 0
912 3501 1
3501 912 0
913 3501 1
3501 913 0
914 3501 1
3501 914 0
915 3501 1
3501 915 0
916 3501 1
3501 916 0
917 3501 1
3501 917 0
918 3501 1
3501 918 0
919 3501 1
3501 919 0
920 3501 1
3501 920 0
921 3501 1
3501 921 0
922 3501 1
3501 922 0
923 3501 1
3501 923 0
924 3501 1
3501 924 0
925 3501 1
3501 925 0
926 3501 1
3501 926 0
927 3501 1
3501 927 0
928 3501 1
3501 928 0
929 3501 1
3501 929 0
930 3501 1
3501 930 0
931 3501 1
3501 931 0
932 3501 1
3501 932 0
933 3501 1
3501 933 0
934 3501 1
3501 934 0
935 3501 1
3501 935 0
936 3501 1
3501 936 0
937 3501 1
3501 937 0
938 3501 1
3501 938 0
939 3501 1
3501 939 0
940 3501 1
3501 940 0
941 3501 1
3501 941 0
942 3501 1
3501 942 0
943 3501 1
3501 943 0
944 3501 1
3501 944 0
945 3501 1
3501 945 0
946 3501 1
3501 946 0
947 3501 1
3501 947 0
948 3501 1
3501 948 0
949 3501 1
3501 949 0
950 3501 1
3501 950 0
951 3501 1
3501 951 0
952 3501 1
3501 952 0
953 3501 1
3501 953 0
954 3501 1
3501 954 0
955 3501 1
3501 955 0
956 3501 1
3501 956 0
957 3501 1
3501 957 0
958 3501 1
3501 958 0
959 3501 1
3501 959 0
960 3501 1
3501 960 0
961 3501 1
3501 961 0
962 3501 1
3501 962 0
963 3501 1
3501 963 0
964 3501 1
3501 964 0
965 3501 1
3501 965 0
966 3501 1
3501 966 0
967 3501 1
3501 967 0
968 3501 1
3501 968 0
969 3501 1
3501 969 0
970 3501 1
3501 970 0
971 3501 1
3501 971 0
972 3501 1
3501 972 0
973 3501 1
3501 973 0
974 3501 1
3501 974 0
975 3501 1
3501 975 0
976 3501 1
3501 976 0
977 3501 1
3501 977 0
978 3501 1
3501 978 0
979 3501 1
3501 979 0
980 3501 1
3501 980 0
981 3501 1
3501 981 0
982 3501 1
3501 982 0
983 3501 1
3501 983 0
984 3501 1
3501 984 0
985 3501 1
3501 985 0
986 3501 1
3501 986 0
987 3501 1
3501 987 0
988 3501 1
3501 988 0
989 3501 1
3501 989 0
990 3501 1
3501 990 0
991 3501 1
3501 991 0
992 3501 1
3501 992 0
993 3501 1
3501 993 0
994 3501 1
3501 994 0
995 3501 1
3501 995 0
996 3501 1
3501 996 0
997 3501 1
3501 997 0
998 3501 1
3501 998 0
999 3501 1
3501 999 0
1000 3501 1
3501 1000 0
1001 3501 1
3501 1001 0
1002 3501 1
3501 1002 0
1003 3501 1
3501 1003 0
1004 3501 1
3501 1004 0
1005 3501 1
3501 1005 0
1006 3501 1
3501 1006 0
1007 3501 1
3501 1007 0
1008 3501 1
3501 1008 0
1009 3501 1
3501 1009 0
1010 3501 1
3501 1010 0
1011 3501 1
3501 1011 0
1012 3501 1
3501 1012 0
1013 3501 1
3501 1013 0
1014 3501 1
3501 1014 0
1015 3501 1
3501 1015 0
1016 3501 1
3501 1016 0
1017 3501 1
3501 1017 0
1018 3501 1
3501 1018 0
1019 3501 1
3501 1019 0
1020 3501 1
3501 1020 0
1021 3501 1
3501 1021 0
1022 3501 1
3501 1022 0
1023 3501 1
3501 1023 0
1024 3501 1
3501 1024 0
1025 3501 1
3501 1025 0
1026 3501 1
3501 1026 0
1027 3501 1
3501 1027 0
1028 3501 1
3501 1028 0
1029 3501 1
3501 1029 0
1030 3501 1
3501 1030 0
1031 3501 1
3501 1031 0
1032 3501 1
3501 1032 0
1033 3501 1
3501 1033 0
1034 3501 1
3501 1034 0
1035 3501 1
3501 1035 0
1036 3501 1
3501 1036 0
1037 3501 1
3501 1037 0
1038 3501 1
3501 1038 0
1039 3501 1
3501 1039 0
1040 3501 1
3501 1040 0
1041 3501 1
3501 1041 0
1042 3501 1
3501 1042 0
1043 3501 1
3501 1043 0
1044 3501 1
3501 1044 0
1045 3501 1
3501 1045 0
1046 3501 1
3501 1046 0
1047 3501 1
3501 1047 0
1048 3501 1
3501 1048 0
1049 3501 1
3501 1049 0
1050 3501 1
3501 1050 0
1051 3501 1
3501 1051 0
1052 3501 1
3501 1052 0
1053 3501 1
3501 1053 0
1054 3501 1
3501 1054 0
1055 3501 1
3501 1055 0
1056 3501 1
3501 1056 0
1057 3501 1
3501 1057 0
1058 3501 1
3501 1058 0
1059 3501 1
3501 1059 0
1060 3501 1
3501 1060 0
1061 3501 1
3501 1061 0
1062 3501 1
3501 1062 0
1063 3501 1
3501 1063 0
1064 3501 1
3501 1064 0
1065 3501 1
3501 1065 0
1066 3501 1
3501 1066 0
1067 3501 1
3501 1067 0
1068 3501 1
3501 1068 0
1069 3501 1
3501 1069 0
1070 3501 1
3501 1070 0
1071 3501 1
3501 1071 0
1072 3501 1
3501 1072 0
1073 3501 1
3501 1073 0
1074 3501 1
3501 1074 0
1075 3501 1
3501 1075 0
1076 3501 1
3501 1076 0
1077 3501 1
3501 1077 0
1078 3501 1
3501 1078 0
1079 3501 1
3501 1079 0
1080 3501 1
3501 1080 0
1081 3501 1
3501 1081 0
1082 3501 1
3501 1082 0
1083 3501 1
3501 1083 0
1084 3501 1
3501 1084 0
1085 3501 1
3501 1085 0
1086 3501 1
3501 1086 0
1087 3501 1
3501 1087 0
1088 3501 1
3501 1088 0
1089 3501 1
3501 1089 0
1090 3501 1
3501 1090 0
1091 3501 1
3501 1091 0
1092 3501 1
3501 1092 0
1093 3501 1
3501 1093 0
1094 3501 1
3501 1094 0
1095 3501 1
3501 1095 0
1096 3501 1
3501 1096 0
1097 3501 1
3501 1097 0
1098 3501 1
3501 1098 0
1099 3501 1
3501 1099 0
1100 3501 1
3501 1100 0
1101 3501 1
3501 1101 0
1102 3501 1
3501 1102 0
1103 3501 1
3501 1103 0
1104 3501 1
3501 1104 0
1105 3501 1
3501 1105 0
1106 3501 1
3501 1106 0
1107 3501 1
3501 1107 0
1108 3501 1
3501 1108 0
1109 3501 1
3501 1109 0
1110 3501 1
3501 1110 0
1111 3501 1
3501 1111 0
1112 3501 1
3501 1112 0
1113 3501 1
3501 1113 0
1114 3501 1
3501 1114 0
1115 3501 1
3501 1115 0
1116 3501 1
3501 1116 0
1117 3501 1
3501 1117 0
1118 3501 1
3501 1118 0
1119 3501 1
3501 1119 0
1120 3501 1
3501 1120 0
1121 3501 1
3501 1121 0
1122 3501 1
3501 1122 0
1123 3501 1
3501 1123 0
1124 3501 1
3501 1124 0
1125 3501 1
3501 1125 0
1126 3501 1
3501 1126 0
1127 3501 1
3501 1127 0
1128 3501 1
3501 1128 0
1129 3501 1
3501 1129 0
1130 3501 1
3501 1130 0
1131 3501 1
3501 1131 0
1132 3501 1
3501 1132 0
1133 3501 1
3501 1133 0
1134 3501 1
3501 1134 0
1135 3501 1
3501 1135 0
1136 3501 1
3501 1136 0
1137 3501 1
3501 1137 0
1138 3501 1
3501 1138 0
1139 3501 1
3501 1139 0
1140 3501 1
3501 1140 0
1141 3501 1
3501 1141 0
1142 3501 1
3501 1142 0
1143 3501 1
3501 1143 0
1144 3501 1
3501 1144 0
1145 3501 1
3501 1145 0
1146 3501 1
3501 1146 0
1147 3501 1
3501 1147 0
1148 3501 1
3501 1148 0
1149 3501 1
3501 1149 0
1150 3501 1
3501 1150 0
1151 3501 1
3501 1151 0
1152 3501 1
3501 1152 0
1153 3501 1
3501 1153 0
1154 3501 1
3501 1154 0
1155 3501 1
3501 1155 0
1156 3501 1
3501 1156 0
1157 3501 1
3501 1157 0
1158 3501 1
3501 1158 0
1159 3501 1
3501 1159 0
1160 3501 1
3501 1160 0
1161 3501 1
3501 1161 0
1162 3501 1
3501 1162 0
1163 3501 1
3501 1163 0
1164 3501 1
3501 1164 0
1165 3501 1
3501 1165 0
1166 3501 1
3501 1166 0
1167 3501 1
3501 1167 0
1168 3501 1
3501 1168 0
1169 3501 1
3501 1169 0
1170 3501 1
3501 1170 0
1171 3501 1
3501 1171 0
1172 3501 1
3501 1172 0
1173 3501 1
3501 1173 0
1174 3501 1
3501 1174 0
1175 3501 1
3501 1175 0
1176 3501 1
3501 1176 0
1177 3501 1
3501 1177 0
1178 3501 1
3501 1178 0
1179 3501 1
3501 1179 0
1180 3501 1
3501 1180 0
1181 3501 1
3501 1181 0
1182 3501 1
3501 1182 0
1183 3501 1
3501 1183 0
1184 3501 1
3501 1184 0
1185 3501 1
3501 1185 0
1186 3501 1
3501 1186 0
1187 3501 1
3501 1187 0
1188 3501 1
3501 1188 0
1189 3501 1
3501 1189 0
1190 3501 1
3501 1190 0
1191 3501 1
3501 1191 0
1192 3501 1
3501 1192 0
1193 3501 1
3501 1193 0
1194 3501 1
3501 1194 0
1195 3501 1
3501 1195 0
1196 3501 1
3501 1196 0
1197 3501 1
3501 1197 0
1198 3501 1
3501 1198 0
1199 3501 1
3501 1199 0
1200 3501 1
3501 1200 0
1201 3501 1
3501 1201 0
1202 3501 1
3501 1202 0
1203 3501 1
3501 1203 0
1204 3501 1
3501 1204 0
1205 3501 1
3501 1205 0
1206 3501 1
3501 1206 0
1207 3501 1
3501 1207 0
1208 3501 1
3501 1208 0
1209 3501 1
3501 1209 0
1210 3501 1
3501 1210 0
1211 3501 1
3501 1211 0
1212 3501 1
3501 1212 0
1213 3501 1
3501 1213 0
1214 3501 1
3501 1214 0
1215 3501 1
3501 1215 0
1216 3501 1
3501 1216 0
1217 3501 1
3501 1217 0
1218 3501 1
3501 1218 0
1219 3501 1
3501 1219 0
1220 3501 1
3501 1220 0
1221 3501 1
3501 1221 0
1222 3501 1
3501 1222 0
1223 3501 1
3501 1223 0
1224 3501 1
3501 1224 0
1225 3501 1
3501 1225 0
1226 3501 1
3501 1226 0
1227 3501 1
3501 1227 0
1228 3501 1
3501 1228 0
1229 3501 1
3501 1229 0
1230 3501 1
3501 1230 0
1231 3501 1
3501 1231 0
1232 3501 1
3501 1232 0
1233 3501 1
3501 1233 0
1234 3501 1
3501 1234 0
1235 3501 1
3501 1235 0
1236 3501 1
3501 1236 0
1237 3501 1
3501 1237 0
1238 3501 1
3501 1238 0
1239 3501 1
3501 1239 0
1240 3501 1
3501 1240 0
1241 3501 1
3501 1241 0
1242 3501 1
3501 1242 0
1243 3501 1
3501 1243 0
1244 3501 1
3501 1244 0
1245 3501 1
3501 1245 0
1246 3501 1
3501 1246 0
1247 3501 1
3501 1247 0
1248 3501 1
3501 1248 0
1249 3501 1
3501 1249 0
1250 3501 1
3501 1250 0
1251 3501 1
3501 1251 0
1252 3501 1
3501 1252 0
1253 3501 1
3501 1253 0
1254 3501 1
3501 1254 0
1255 3501 1
3501 1255 0
1256 3501 1
3501 1256 0
1257 3501 1
3501 1257 0
1258 3501 1
3501 1258 0
1259 3501 1
3501 1259 0
1260 3501 1
3501 1260 0
1261 3501 1
3501 1261 0
1262 3501 1
3501 1262 0
1263 3501 1
3501 1263 0
1264 3501 1
3501 1264 0
1265 3501 1
3501 1265 0
1266 3501 1
3501 1266 0
1267 3501 1
3501 1267 0
1268 3501 1
3501 1268 0
1269 3501 1
3501 1269 0
1270 3501 1
3501 1270 0
1271 3501 1
3501 1271 0
1272 3501 1
3501 1272 0
1273 3501 1
3501 1273 0
1274 3501 1
3501 1274 0
1275 3501 1
3501 1275 0
1276 3501 1
3501 1276 0
1277 3501 1
3501 1277 0
1278 3501 1
3501 1278 0
1279 3501 1
3501 1279 0
1280 3501 1
3501 1280 0
1281 3501 1
3501 1281 0
1282 3501 1
3501 1282 0
1283 3501 1
3501 1283 0
1284 3501 1
3501 1284 0
1285 3501 1
3501 1285 0
1286 3501 1
3501 1286 0
1287 3501 1
3501 1287 0
1288 3501 1
3501 1288 0
1289 3501 1
3501 1289 0
1290 3501 1
3501 1290 0
1291 3501 1
3501 1291 0
1292 3501 1
3501 1292 0
1293 3501 1
3501 1293 0
1294 3501 1
3501 1294 0
1295 3501 1
3501 1295 0
1296 3501 1
3501 1296 0
1297 3501 1
3501 1297 0
1298 3501 1
3501 1298 0
1299 3501 1
3501 1299 0
1300 3501 1
3501 1300 0
1301 3501 1
3501 1301 0
1302 3501 1
3501 1302 0
1303 3501 1
3501 1303 0
1304 3501 1
3501 1304 0
1305 3501 1
3501 1305 0
1306 3501 1
3501 1306 0
1307 3501 1
3501 1307 0
1308 3501 1
3501 1308 0
1309 3501 1
3501 1309 0
1310 3501 1
3501 1310 0
1311 3501 1
3501 1311 0
1312 3501 1
3501 1312 0
1313 3501 1
3501 1313 0
1314 3501 1
3501 1314 0
1315 3501 1
3501 1315 0
1316 3501 1
3501 1316 0
1317 3501 1
3501 1317 0
1318 3501 1
3501 1318 0
1319 3501 1
3501 1319 0
1320 3501 1
3501 1320 0
1321 3501 1
3501 1321 0
1322 3501 1
3501 1322 0
1323 3501 1
3501 1323 0
1324 3501 1
3501 1324 0
1325 3501 1
3501 1325 0
1326 3501 1
3501 1326 0
1327 3501 1
3501 1327 0
1328 3501 1
3501 1328 0
1329 3501 1
3501 1329 0
1330 3501 1
3501 1330 0
1331 3501 1
3501 1331 0
1332 3501 1
3501 1332 0
1333 3501 1
3501 1333 0
1334 3501 1
3501 1334 0
1335 3501 1
3501 1335 0
1336 3501 1
3501 1336 0
1337 3501 1
3501 1337 0
1338 3501 1
3501 1338 0
1339 3501 1
3501 1339 0
1340 3501 1
3501 1340 0
1341 3501 1
3501 1341 0
1342 3501 1
3501 1342 0
1343 3501 1
3501 1343 0
1344 3501 1
3501 1344 0
1345 3501 1
3501 1345 0
1346 3501 1
3501 1346 0
1347 3501 1
3501 1347 0
1348 3501 1
3501 1348 0
1349 3501 1
3501 1349 0
1350 3501 1
3501 1350 0
1351 3501 1
3501 1351 0
1352 3501 1
3501 1352 0
1353 3501 1
3501 1353 0
1354 3501 1
3501 1354 0
1355 3501 1
3501 1355 0
1356 3501 1
3501 1356 0
1357 3501 1
3501 1357 0
1358 3501 1
3501 1358 0
1359 3501 1
3501 1359 0
1360 3501 1
3501 1360 0
1361 3501 1
3501 1361 0
1362 3501 1
3501 1362 0
1363 3501 1
3501 1363 0
1364 3501 1
3501 1364 0
1365 3501 1
3501 1365 0
1366 3501 1
3501 1366 0
1367 3501 1
3501 1367 0
1368 3501 1
3501 1368 0
1369 3501 1
3501 1369 0
1370 3501 1
3501 1370 0
1371 3501 1
3501 1371 0
1372 3501 1
3501 1372 0
1373 3501 1
3501 1373 0
1374 3501 1
3501 1374 0
1375 3501 1
3501 1375 0
1376 3501 1
3501 1376 0
1377 3501 1
3501 1377 0
1378 3501 1
3501 1378 0
1379 3501 1
3501 1379 0
1380 3501 1
3501 1380 0
1381 3501 1
3501 1381 0
1382 3501 1
3501 1382 0
1383 3501 1
3501 1383 0
1384 3501 1
3501 1384 0
1385 3501 1
3501 1385 0
1386 3501 1
3501 1386 0
1387 3501 1
3501 1387 0
1388 3501 1
3501 1388 0
1389 3501 1
3501 1389 0
1390 3501 1
3501 1390 0
1391 3501 1
3501 1391 0
1392 3501 1
3501 1392 0
1393 3501 1
3501 1393 0
1394 3501 1
3501 1394 0
1395 3501 1
3501 1395 0
1396 3501 1
3501 1396 0
1397 3501 1
3501 1397 0
1398 3501 1
3501 1398 0
1399 3501 1
3501 1399 0
1400 3501 1
3501 1400 0
1401 3501 1
3501 1401 0
1402 3501 1
3501 1402 0
1403 3501 1
3501 1403 0
1404 3501 1
3501 1404 0
1405 3501 1
3501 1405 0
1406 3501 1
3501 1406 0
1407 3501 1
3501 1407 0
1408 3501 1
3501 1408 0
1409 3501 1
3501 1409 0
1410 3501 1
3501 1410 0
1411 3501 1
3501 1411 0
1412 3501 1
3501 1412 0
1413 3501 1
3501 1413 0
1414 3501 1
3501 1414 0
1415 3501 1
3501 1415 0
1416 3501 1
3501 1416 0
1417 3501 1
3501 1417 0
1418 3501 1
3501 1418 0
1419 3501 1
3501 1419 0
1420 3501 1
3501 1420 0
1421 3501 1
3501 1421 0
1422 3501 1
3501 1422 0
1423 3501 1
3501 1423 0
1424 3501 1
3501 1424 0
1425 3501 1
3501 1425 0
1426 3501 1
3501 1426 0
1427 3501 1
3501 1427 0
1428 3501 1
3501 1428 0
1429 3501 1
3501 1429 0
1430 3501 1
3501 1430 0
1431 3501 1
3501 1431 0
1432 3501 1
3501 1432 0
1433 3501 1
3501 1433 0
1434 3501 1
3501 1434 0
1435 3501 1
3501 1435 0
1436 3501 1
3501 1436 0
1437 3501 1
3501 1437 0
1438 3501 1
3501 1438 0
1439 3501 1
3501 1439 0
1440 3501 1
3501 1440 0
1441 3501 1
3501 1441 0
1442 3501 1
3501 1442 0
1443 3501 1
3501 1443 0
1444 3501 1
3501 1444 0
1445 3501 1
3501 1445 0
1446 3501 1
3501 1446 0
1447 3501 1
3501 1447 0
1448 3501 1
3501 1448 0
1449 3501 1
3501 1449 0
1450 3501 1
3501 1450 0
1451 3501 1
3501 1451 0
1452 3501 1
3501 1452 0
1453 3501 1
3501 1453 0
1454 3501 1
3501 1454 0
1455 3501 1
3501 1455 0
1456 3501 1
3501 1456 0
1457 3501 1
3501 1457 0
1458 3501 1
3501 1458 0
1459 3501 1
3501 1459 0
1460 3501 1
3501 1460 0
1461 3501 1
3501 1461 0
1462 3501 1
3501 1462 0
1463 3501 1
3501 1463 0
1464 3501 1
3501 1464 0
1465 3501 1
3501 1465 0
1466 3501 1
3501 1466 0
1467 3501 1
3501 1467 0
1468 3501 1
3501 1468 0
1469 3501 1
3501 1469 0
1470 3501 1
3501 1470 0
1471 3501 1
3501 1471 0
1472 3501 1
3501 1472 0
1473 3501 1
3501 1473 0
1474 3501 1
3501 1474 0
1475 3501 1
3501 1475 0
1476 3501 1
3501 1476 0
1477 3501 1
3501 1477 0
1478 3501 1
3501 1478 0
1479 3501 1
3501 1479 0
1480 3501 1
3501 1480 0
1481 3501 1
3501 1481 0
1482 3501 1
3501 1482 0
1483 3501 1
3501 1483 0
1484 3501 1
3501 1484 0
1485 3501 1
3501 1485 0
1486 3501 1
3501 1486 0
1487 3501 1
3501 1487 0
1488 3501 1
3501 1488 0
1489 3501 1
3501 1489 0
1490 3501 1
3501 1490 0
1491 3501 1
3501 1491 0
1492 3501 1
3501 1492 0
1493 3501 1
3501 1493 0
1494 3501 1
3501 1494 0
1495 3501 1
3501 1495 0
1496 3501 1
3501 1496 0
1497 3501 1
3501 1497 0
1498 3501 1
3501 1498 0
1499 3501 1
3501 1499 0
1500 3501 1
3501 1500 0
1501 3501 1
3501 1501 0
1502 3501 1
3501 1502 0
1503 3501 1
3501 1503 0
1504 3501 1
3501 1504 0
1505 3501 1
3501 1505 0
1506 3501 1
3501 1506 0
1507 3501 1
3501 1507 0
1508 3501 1
3501 1508 0
1509 3501 1
3501 1509 0
1510 3501 1
3501 1510 0
1511 3501 1
3501 1511 0
1512 3501 1
3501 1512 0
1513 3501 1
3501 1513 0
1514 3501 1
3501 1514 0
1515 3501 1
3501 1515 0
1516 3501 1
3501 1516 0
1517 3501 1
3501 1517 0
1518 3501 1
3501 1518 0
1519 3501 1
3501 1519 0
1520 3501 1
3501 1520 0
1521 3501 1
3501 1521 0
1522 3501 1
3501 1522 0
1523 3501 1
3501 1523 0
1524 3501 1
3501 1524 0
1525 3501 1
3501 1525 0
1526 3501 1
3501 1526 0
1527 3501 1
3501 1527 0
1528 3501 1
3501 1528 0
1529 3501 1
3501 1529 0
1530 3501 1
3501 1530 0
1531 3501 1
3501 1531 0
1532 3501 1
3501 1532 0
1533 3501 1
3501 1533 0
1534 3501 1
3501 1534 0
1535 3501 1
3501 1535 0
1536 3501 1
3501 1536 0
1537 3501 1
3501 1537 0
1538 3501 1
3501 1538 0
1539 3501 1
3501 1539 0
1540 3501 1
3501 1540 0
1541 3501 1
3501 1541 0
1542 3501 1
3501 1542 0
1543 3501 1
3501 1543 0
1544 3501 1
3501 1544 0
1545 3501 1
3501 1545 0
1546 3501 1
3501 1546 0
1547 3501 1
3501 1547 0
1548 3501 1
3501 1548 0
1549 3501 1
3501 1549 0
1550 3501 1
3501 1550 0
1551 3501 1
3501 1551 0
1552 3501 1
3501 1552 0
1553 3501 1
3501 1553 0
1554 3501 1
3501 1554 0
1555 3501 1
3501 1555 0
1556 3501 1
3501 1556 0
1557 3501 1
3501 1557 0
1558 3501 1
3501 1558 0
1559 3501 1
3501 1559 0
1560 3501 1
3501 1560 0
1561 3501 1
3501 1561 0
1562 3501 1
3501 1562 0
1563 3501 1
3501 1563 0
1564 3501 1
3501 1564 0
1565 3501 1
3501 1565 0
1566 3501 1
3501 1566 0
1567 3501 1
3501 1567 0
1568 3501 1
3501 1568 0
1569 3501 1
3501 1569 0
1570 3501 1
3501 1570 0
1571 3501 1
3501 1571 0
1572 3501 1
3501 1572 0
1573 3501 1
3501 1573 0
1574 3501 1
3501 1574 0
1575 3501 1
3501 1575 0
1576 3501 1
3501 1576 0
1577 3501 1
3501 1577 0
1578 3501 1
3501 1578 0
1579 3501 1
3501 1579 0
1580 3501 1
3501 1580 0
1581 3501 1
3501 1581 0
1582 3501 1
3501 1582 0
1583 3501 1
3501 1583 0
1584 3501 1
3501 1584 0
1585 3501 1
3501 1585 0
1586 3501 1
3501 1586 0
1587 3501 1
3501 1587 0
1588 3501 1
3501 1588 0
1589 3501 1
3501 1589 0
1590 3501 1
3501 1590 0
1591 3501 1
3501 1591 0
1592 3501 1
3501 1592 0
1593 3501 1
3501 1593 0
1594 3501 1
3501 1594 0
1595 3501 1
3501 1595 0
1596 3501 1
3501 1596 0
1597 3501 1
3501 1597 0
1598 3501 1
3501 1598 0
1599 3501 1
3501 1599 0
1600 3501 1
3501 1600 0
1601 3501 1
3501 1601 0
1602 3501 1
3501 1602 0
1603 3501 1
3501 1603 0
1604 3501 1
3501 1604 0
1605 3501 1
3501 1605 0
1606 3501 1
3501 1606 0
1607 3501 1
3501 1607 0
1608 3501 1
3501 1608 0
1609 3501 1
3501 1609 0
1610 3501 1
3501 1610 0
1611 3501 1
3501 1611 0
1612 3501 1
3501 1612 0
1613 3501 1
3501 1613 0
1614 3501 1
3501 1614 0
1615 3501 1
3501 1615 0
1616 3501 1
3501 1616 0
1617 3501 1
3501 1617 0
1618 3501 1
3501 1618 0
1619 3501 1
3501 1619 0
1620 3501 1
3501 1620 0
1621 3501 1
3501 1621 0
1622 3501 1
3501 1622 0
1623 3501 1
3501 1623 0
1624 3501 1
3501 1624 0
1625 3501 1
3501 1625 0
1626 3501 1
3501 1626 0
1627 3501 1
3501 1627 0
1628 3501 1
3501 1628 0
1629 3501 1
3501 1629 0
1630 3501 1
3501 1630 0
1631 3501 1
3501 1631 0
1632 3501 1
3501 1632 0
1633 3501 1
3501 1633 0
1634 3501 1
3501 1634 0
1635 3501 1
3501 1635 0
1636 3501 1
3501 1636 0
1637 3501 1
3501 1637 0
1638 3501 1
3501 1638 0
1639 3501 1
3501 1639 0
1640 3501 1
3501 1640 0
1641 3501 1
3501 1641 0
1642 3501 1
3501 1642 0
1643 3501 1
3501 1643 0
1644 3501 1
3501 1644 0
1645 3501 1
3501 1645 0
1646 3501 1
3501 1646 0
1647 3501 1
3501 1647 0
1648 3501 1
3501 1648 0
1649 3501 1
3501 1649 0
1650 3501 1
3501 1650 0
1651 3501 1
3501 1651 0
1652 3501 1
3501 1652 0
1653 3501 1
3501 1653 0
1654 3501 1
3501 1654 0
1655 3501 1
3501 1655 0
1656 3501 1
3501 1656 0
1657 3501 1
3501 1657 0
1658 3501 1
3501 1658 0
1659 3501 1
3501 1659 0
1660 3501 1
3501 1660 0
1661 3501 1
3501 1661 0
1662 3501 1
3501 1662 0
1663 3501 1
3501 1663 0
1664 3501 1
3501 1664 0
1665 3501 1
3501 1665 0
1666 3501 1
3501 1666 0
1667 3501 1
3501 1667 0
1668 3501 1
3501 1668 0
1669 3501 1
3501 1669 0
1670 3501 1
3501 1670 0
1671 3501 1
3501 1671 0
1672 3501 1
3501 1672 0
1673 3501 1
3501 1673 0
1674 3501 1
3501 1674 0
1675 3501 1
3501 1675 0
1676 3501 1
3501 1676 0
1677 3501 1
3501 1677 0
1678 3501 1
3501 1678 0
1679 3501 1
3501 1679 0
1680 3501 1
3501 1680 0
1681 3501 1
3501 1681 0
1682 3501 1
3501 1682 0
1683 3501 1
3501 1683 0
1684 3501 1
3501 1684 0
1685 3501 1
3501 1685 0
1686 3501 1
3501 1686 0
1687 3501 1
3501 1687 0
1688 3501 1
3501 1688 0
1689 3501 1
3501 1689 0
1690 3501 1
3501 1690 0
1691 3501 1
3501 1691 0
1692 3501 1
3501 1692 0
1693 3501 1
3501 1693 0
1694 3501 1
3501 1694 0
1695 3501 1
3501 1695 0
1696 3501 1
3501 1696 0
1697 3501 1
3501 1697 0
1698 3501 1
3501 1698 0
1699 3501 1
3501 1699 0
1700 3501 1
3501 1700 0
1701 3501 1
3501 1701 0
1702 3501 1
3501 1702 0
1703 3501 1
3501 1703 0
1704 3501 1
3501 1704 0
1705 3501 1
3501 1705 0
1706 3501 1
3501 1706 0
1707 3501 1
3501 1707 0
1708 3501 1
3501 1708 0
1709 3501 1
3501 1709 0
1710 3501 1
3501 1710 0
1711 3501 1
3501 1711 0
1712 3501 1
3501 1712 0
1713 3501 1
3501 1713 0
1714 3501 1
3501 1714 0
1715 3501 1
3501 1715 0
1716 3501 1
3501 1716 0
1717 3501 1
3501 1717 0
1718 3501 1
3501 1718 0
1719 3501 1
3501 1719 0
1720 3501 1
3501 1720 0
1721 3501 1
3501 1721 0
1722 3501 1
3501 1722 0
1723 3501 1
3501 1723 0
1724 3501 1
3501 1724 0
1725 3501 1
3501 1725 0
1726 3501 1
3501 1726 0
1727 3501 1
3501 1727 0
1728 3501 1
3501 1728 0
1729 3501 1
3501 1729 0
1730 3501 1
3501 1730 0
1731 3501 1
3501 1731 0
1732 3501 1
3501 1732 0
1733 3501 1
3501 1733 0
1734 3501 1
3501 1734 0
1735 3501 1
3501 1735 0
1736 3501 1
3501 1736 0
1737 3501 1
3501 1737 0
1738 3501 1
3501 1738 0
1739 3501 1
3501 1739 0
1740 3501 1
3501 1740 0
1741 3501 1
3501 1741 0
1742 3501 1
3501 1742 0
1743 3501 1
3501 1743 0
1744 3501 1
3501 1744 0
1745 3501 1
3501 1745 0
1746 3501 1
3501 1746 0
1747 3501 1
3501 1747 0
1748 3501 1
3501 1748 0
1749 3501 1
3501 1749 0
1750 3501 1
3501 1750 0
1751 3501 1
3501 1751 0
1752 3501 1
3501 1752 0
1753 3501 1
3501 1753 0
1754 3501 1
3501 1754 0
1755 3501 1
3501 1755 0
1756 3501 1
3501 1756 0
1757 3501 1
3501 1757 0
1758 3501 1
3501 1758 0
1759 3501 1
3501 1759 0
1760 3501 1
3501 1760 0
1761 3501 1
3501 1761 0
1762 3501 1
3501 1762 0
1763 3501 1
3501 1763 0
1764 3501 1
3501 1764 0
1765 3501 1
3501 1765 0
1766 3501 1
3501 1766 0
1767 3501 1
3501 1767 0
1768 3501 1
3501 1768 0
1769 3501 1
3501 1769 0
1770 3501 1
3501 1770 0
1771 3501 1
3501 1771 0
1772 3501 1
3501 1772 0
1773 3501 1
3501 1773 0
1774 3501 1
3501 1774 0
1775 3501 1
3501 1775 0
1776 3501 1
3501 1776 0
1777 3501 1
3501 1777 0
1778 3501 1
3501 1778 0
1779 3501 1
3501 1779 0
1780 3501 1
3501 1780 0
1781 3501 1
3501 1781 0
1782 3501 1
3501 1782 0
1783 3501 1
3501 1783 0
1784 3501 1
3501 1784 0
1785 3501 1
3501 1785 0
1786 3501 1
3501 1786 0
1787 3501 1
3501 1787 0
1788 3501 1
3501 1788 0
1789 3501 1
3501 1789 0
1790 3501 1
3501 1790 0
1791 3501 1
3501 1791 0
1792 3501 1
3501 1792 0
1793 3501 1
3501 1793 0
1794 3501 1
3501 1794 0
1795 3501 1
3501 1795 0
1796 3501 1
3501 1796 0
1797 3501 1
3501 1797 0
1798 3501 1
3501 1798 0
1799 3501 1
3501 1799 0
1800 3501 1
3501 1800 0
1801 3501 1
3501 1801 0
1802 3501 1
3501 1802 0
1803 3501 1
3501 1803 0
1804 3501 1
3501 1804 0
1805 3501 1
3501 1805 0
1806 3501 1
3501 1806 0
1807 3501 1
3501 1807 0
1808 3501 1
3501 1808 0
1809 3501 1
3501 1809 0
1810 3501 1
3501 1810 0
1811 3501 1
3501 1811 0
1812 3501 1
3501 1812 0
1813 3501 1
3501 1813 0
1814 3501 1
3501 1814 0
1815 3501 1
3501 1815 0
1816 3501 1
3501 1816 0
1817 3501 1
3501 1817 0
1818 3501 1
3501 1818 0
1819 3501 1
3501 1819 0
1820 3501 1
3501 1820 0
1821 3501 1
3501 1821 0
1822 3501 1
3501 1822 0
1823 3501 1
3501 1823 0
1824 3501 1
3501 1824 0
1825 3501 1
3501 1825 0
1826 3501 1
3501 1826 0
1827 3501 1
3501 1827 0
1828 3501 1
3501 1828 0
1829 3501 1
3501 1829 0
1830 3501 1
3501 1830 0
1831 3501 1
3501 1831 0
1832 3501 1
3501 1832 0
1833 3501 1
3501 1833 0
1834 3501 1
3501 1834 0
1835 3501 1
3501 1835 0
1836 3501 1
3501 1836 0
1837 3501 1
3501 1837 0
1838 3501 1
3501 1838 0
1839 3501 1
3501 1839 0
1840 3501 1
3501 1840 0
1841 3501 1
3501 1841 0
1842 3501 1
3501 1842 0
1843 3501 1
3501 1843 0
1844 3501 1
3501 1844 0
1845 3501 1
3501 1845 0
1846 3501 1
3501 1846 0
1847 3501 1
3501 1847 0
1848 3501 1
3501 1848 0
1849 3501 1
3501 1849 0
1850 3501 1
3501 1850 0
1851 3501 1
3501 1851 0
1852 3501 1
3501 1852 0
1853 3501 1
3501 1853 0
1854 3501 1
3501 1854 0
1855 3501 1
3501 1855 0
1856 3501 1
3501 1856 0
1857 3501 1
3501 1857 0
1858 3501 1
3501 1858 0
1859 3501 1
3501 1859 0
1860 3501 1
3501 1860 0
1861 3501 1
3501 1861 0
1862 3501 1
3501 1862 0
1863 3501 1
3501 1863 0
1864 3501 1
3501 1864 0
1865 3501 1
3501 1865 0
1866 3501 1
3501 1866 0
1867 3501 1
3501 1867 0
1868 3501 1
3501 1868 0
1869 3501 1
3501 1869 0
1870 3501 1
3501 1870 0
1871 3501 1
3501 1871 0
1872 3501 1
3501 1872 0
1873 3501 1
3501 1873 0
1874 3501 1
3501 1874 0
1875 3501 1
3501 1875 0
1876 3501 1
3501 1876 0
1877 3501 1
3501 1877 0
1878 3501 1
3501 1878 0
1879 3501 1
3501 1879 0
1880 3501 1
3501 1880 0
1881 3501 1
3501 1881 0
1882 3501 1
3501 1882 0
1883 3501 1
3501 1883 0
1884 3501 1
3501 1884 0
1885 3501 1
3501 1885 0
1886 3501 1
3501 1886 0
1887 3501 1
3501 1887 0
1888 3501 1
3501 1888 0
1889 3501 1
3501 1889 0
1890 3501 1
3501 1890 0
1891 3501 1
3501 1891 0
1892 3501 1
3501 1892 0
1893 3501 1
3501 1893 0
1894 3501 1
3501 1894 0
1895 3501 1
3501 1895 0
1896 3501 1
3501 1896 0
1897 3501 1
3501 1897 0
1898 3501 1
3501 1898 0
1899 3501 1
3501 1899 0
1900 3501 1
3501 1900 0
1901 3501 1
3501 1901 0
1902 3501 1
3501 1902 0
1903 3501 1
3501 1903 0
1904 3501 1
3501 1904 0
1905 3501 1
3501 1905 0
1906 3501 1
3501 1906 0
1907 3501 1
3501 1907 0
1908 3501 1
3501 1908 0
1909 3501 1
3501 1909 0
1910 3501 1
3501 1910 0
1911 3501 1
3501 1911 0
1912 3501 1
3501 1912 0
1913 3501 1
3501 1913 0
1914 3501 1
3501 1914 0
1915 3501 1
3501 1915 0
1916 3501 1
3501 1916 0
1917 3501 1
3501 1917 0
1918 3501 1
3501 1918 0
1919 3501 1
3501 1919 0
1920 3501 1
3501 1920 0
1921 3501 1
3501 1921 0
1922 3501 1
3501 1922 0
1923 3501 1
3501 1923 0
1924 3501 1
3501 1924 0
1925 3501 1
3501 1925 0
1926 3501 1
3501 1926 0
1927 3501 1
3501 1927 0
1928 3501 1
3501 1928 0
1929 3501 1
3501 1929 0
1930 3501 1
3501 1930 0
1931 3501 1
3501 1931 0
1932 3501 1
3501 1932 0
1933 3501 1
3501 1933 0
1934 3501 1
3501 1934 0
1935 3501 1
3501 1935 0
1936 3501 1
3501 1936 0
1937 3501 1
3501 1937 0
1938 3501 1
3501 1938 0
1939 3501 1
3501 1939 0
1940 3501 1
3501 1940 0
1941 3501 1
3501 1941 0
1942 3501 1
3501 1942 0
1943 3501 1
3501 1943 0
1944 3501 1
3501 1944 0
1945 3501 1
3501 1945 0
1946 3501 1
3501 1946 0
1947 3501 1
3501 1947 0
1948 3501 1
3501 1948 0
1949 3501 1
3501 1949 0
1950 3501 1
3501 1950 0
1951 3501 1
3501 1951 0
1952 3501 1
3501 1952 0
1953 3501 1
3501 1953 0
1954 3501 1
3501 1954 0
1955 3501 1
3501 1955 0
1956 3501 1
3501 1956 0
1957 3501 1
3501 1957 0
1958 3501 1
3501 1958 0
1959 3501 1
3501 1959 0
1960 3501 1
3501 1960 0
1961 3501 1
3501 1961 0
1962 3501 1
3501 1962 0
1963 3501 1
3501 1963 0
1964 3501 1
3501 1964 0
1965 3501 1
3501 1965 0
1966 3501 1
3501 1966 0
1967 3501 1
3501 1967 0
1968 3501 1
3501 1968 0
1969 3501 1
3501 1969 0
1970 3501 1
3501 1970 0
1971 3501 1
3501 1971 0
1972 3501 1
3501 1972 0
1973 3501 1
3501 1973 0
1974 3501 1
3501 1974 0
1975 3501 1
3501 1975 0
1976 3501 1
3501 1976 0
1977 3501 1
3501 1977 0
1978 3501 1
3501 1978 0
1979 3501 1
3501 1979 0
1980 3501 1
3501 1980 0
1981 3501 1
3501 1981 0
1982 3501 1
3501 1982 0
1983 3501 1
3501 1983 0
1984 3501 1
3501 1984 0
1985 3501 1
3501 1985 0
1986 3501 1
3501 1986 0
1987 3501 1
3501 1987 0
1988 3501 1
3501 1988 0
1989 3501 1
3501 1989 0
1990 3501 1
3501 1990 0
1991 3501 1
3501 1991 0
1992 3501 1
3501 1992 0
1993 3501 1
3501 1993 0
1994 3501 1
3501 1994 0
1995 3501 1
3501 1995 0
1996 3501 1
3501 1996 0
1997 3501 1
3501 1997 0
1998 3501 1
3501 1998 0
1999 3501 1
3501 1999 0
2000 3501 1
3501 2000 0
2001 3501 1
3501 2001 0
2002 3501 1
3501 2002 0
2003 3501 1
3501 2003 0
2004 3501 1
3501 2004 0
2005 3501 1
3501 2005 0
2006 3501 1
3501 2006 0
2007 3501 1
3501 2007 0
2008 3501 1
3501 2008 0
2009 3501 1
3501 2009 0
2010 3501 1
3501 2010 0
2011 3501 1
3501 2011 0
2012 3501 1
3501 2012 0
2013 3501 1
3501 2013 0
2014 3501 1
3501 2014 0
2015 3501 1
3501 2015 0
2016 3501 1
3501 2016 0
2017 3501 1
3501 2017 0
2018 3501 1
3501 2018 0
2019 3501 1
3501 2019 0
2020 3501 1
3501 2020 0
2021 3501 1
3501 2021 0
2022 3501 1
3501 2022 0
2023 3501 1
3501 2023 0
2024 3501 1
3501 2024 0
2025 3501 1
3501 2025 0
2026 3501 1
3501 2026 0
2027 3501 1
3501 2027 0
2028 3501 1
3501 2028 0
2029 3501 1
3501 2029 0
2030 3501 1
3501 2030 0
2031 3501 1
3501 2031 0
2032 3501 1
3501 2032 0
2033 3501 1
3501 2033 0
2034 3501 1
3501 2034 0
2035 3501 1
3501 2035 0
2036 3501 1
3501 2036 0
2037 3501 1
3501 2037 0
2038 3501 1
3501 2038 0
2039 3501 1
3501 2039 0
2040 3501 1
3501 2040 0
2041 3501 1
3501 2041 0
2042 3501 1
3501 2042 0
2043 3501 1
3501 2043 0
2044 3501 1
3501 2044 0
2045 3501 1
3501 2045 0
2046 3501 1
3501 2046 0
2047 3501 1
3501 2047 0
2048 3501 1
3501 2048 0
2049 3501 1
3501 2049 0
2050 3501 1
3501 2050 0
2051 3501 1
3501 2051 0
2052 3501 1
3501 2052 0
2053 3501 1
3501 2053 0
2054 3501 1
3501 2054 0
2055 3501 1
3501 2055 0
2056 3501 1
3501 2056 0
2057 3501 1
3501 2057 0
2058 3501 1
3501 2058 0
2059 3501 1
3501 2059 0
2060 3501 1
3501 2060 0
2061 3501 1
3501 2061 0
2062 3501 1
3501 2062 0
2063 3501 1
3501 2063 0
2064 3501 1
3501 2064 0
2065 3501 1
3501 2065 0
2066 3501 1
3501 2066 0
2067 3501 1
3501 2067 0
2068 3501 1
3501 2068 0
2069 3501 1
3501 2069 0
2070 3501 1
3501 2070 0
2071 3501 1
3501 2071 0
2072 3501 1
3501 2072 0
2073 3501 1
3501 2073 0
2074 3501 1
3501 2074 0
2075 3501 1
3501 2075 0
2076 3501 1
3501 2076 0
2077 3501 1
3501 2077 0
2078 3501 1
3501 2078 0
2079 3501 1
3501 2079 0
2080 3501 1
3501 2080 0
2081 3501 1
3501 2081 0
2082 3501 1
3501 2082 0
2083 3501 1
3501 2083 0
2084 3501 1
3501 2084 0
2085 3501 1
3501 2085 0
2086 3501 1
3501 2086 0
2087 3501 1
3501 2087 0
2088 3501 1
3501 2088 0
2089 3501 1
3501 2089 0
2090 3501 1
3501 2090 0
2091 3501 1
3501 2091 0
2092 3501 1
3501 2092 0
2093 3501 1
3501 2093 0
2094 3501 1
3501 2094 0
2095 3501 1
3501 2095 0
2096 3501 1
3501 2096 0
2097 3501 1
3501 2097 0
2098 3501 1
3501 2098 0
2099 3501 1
3501 2099 0
2100 3501 1
3501 2100 0
2101 3501 1
3501 2101 0
2102 3501 1
3501 2102 0
2103 3501 1
3501 2103 0
2104 3501 1
3501 2104 0
2105 3501 1
3501 2105 0
2106 3501 1
3501 2106 0
2107 3501 1
3501 2107 0
2108 3501 1
3501 2108 0
2109 3501 1
3501 2109 0
2110 3501 1
3501 2110 0
2111 3501 1
3501 2111 0
2112 3501 1
3501 2112 0
2113 3501 1
3501 2113 0
2114 3501 1
3501 2114 0
2115 3501 1
3501 2115 0
2116 3501 1
3501 2116 0
2117 3501 1
3501 2117 0
2118 3501 1
3501 2118 0
2119 3501 1
3501 2119 0
2120 3501 1
3501 2120 0
2121 3501 1
3501 2121 0
2122 3501 1
3501 2122 0
2123 3501 1
3501 2123 0
2124 3501 1
3501 2124 0
2125 3501 1
3501 2125 0
2126 3501 1
3501 2126 0
2127 3501 1
3501 2127 0
2128 3501 1
3501 2128 0
2129 3501 1
3501 2129 0
2130 3501 1
3501 2130 0
2131 3501 1
3501 2131 0
2132 3501 1
3501 2132 0
2133 3501 1
3501 2133 0
2134 3501 1
3501 2134 0
2135 3501 1
3501 2135 0
2136 3501 1
3501 2136 0
2137 3501 1
3501 2137 0
2138 3501 1
3501 2138 0
2139 3501 1
3501 2139 0
2140 3501 1
3501 2140 0
2141 3501 1
3501 2141 0
2142 3501 1
3501 2142 0
2143 3501 1
3501 2143 0
2144 3501 1
3501 2144 0
2145 3501 1
3501 2145 0
2146 3501 1
3501 2146 0
2147 3501 1
3501 2147 0
2148 3501 1
3501 2148 0
2149 3501 1
3501 2149 0
2150 3501 1
3501 2150 0
2151 3501 1
3501 2151 0
2152 3501 1
3501 2152 0
2153 3501 1
3501 2153 0
2154 3501 1
3501 2154 0
2155 3501 1
3501 2155 0
2156 3501 1
3501 2156 0
2157 3501 1
3501 2157 0
2158 3501 1
3501 2158 0
2159 3501 1
3501 2159 0
2160 3501 1
3501 2160 0
2161 3501 1
3501 2161 0
2162 3501 1
3501 2162 0
2163 3501 1
3501 2163 0
2164 3501 1
3501 2164 0
2165 3501 1
3501 2165 0
2166 3501 1
3501 2166 0
2167 3501 1
3501 2167 0
2168 3501 1
3501 2168 0
2169 3501 1
3501 2169 0
2170 3501 1
3501 2170 0
2171 3501 1
3501 2171 0
2172 3501 1
3501 2172 0
2173 3501 1
3501 2173 0
2174 3501 1
3501 2174 0
2175 3501 1
3501 2175 0
2176 3501 1
3501 2176 0
2177 3501 1
3501 2177 0
2178 3501 1
3501 2178 0
2179 3501 1
3501 2179 0
2180 3501 1
3501 2180 0
2181 3501 1
3501 2181 0
2182 3501 1
3501 2182 0
2183 3501 1
3501 2183 0
2184 3501 1
3501 2184 0
2185 3501 1
3501 2185 0
2186 3501 1
3501 2186 0
2187 3501 1
3501 2187 0
2188 3501 1
3501 2188 0
2189 3501 1
3501 2189 0
2190 3501 1
3501 2190 0
2191 3501 1
3501 2191 0
2192 3501 1
3501 2192 0
2193 3501 1
3501 2193 0
2194 3501 1
3501 2194 0
2195 3501 1
3501 2195 0
2196 3501 1
3501 2196 0
2197 3501 1
3501 2197 0
2198 3501 1
3501 2198 0
2199 3501 1
3501 2199 0
2200 3501 1
3501 2200 0
2201 3501 1
3501 2201 0
2202 3501 1
3501 2202 0
2203 3501 1
3501 2203 0
2204 3501 1
3501 2204 0
2205 3501 1
3501 2205 0
2206 3501 1
3501 2206 0
2207 3501 1
3501 2207 0
2208 3501 1
3501 2208 0
2209 3501 1
3501 2209 0
2210 3501 1
3501 2210 0
2211 3501 1
3501 2211 0
2212 3501 1
3501 2212 0
2213 3501 1
3501 2213 0
2214 3501 1
3501 2214 0
2215 3501 1
3501 2215 0
2216 3501 1
3501 2216 0
2217 3501 1
3501 2217 0
2218 3501 1
3501 2218 0
2219 3501 1
3501 2219 0
2220 3501 1
3501 2220 0
2221 3501 1
3501 2221 0
2222 3501 1
3501 2222 0
2223 3501 1
3501 2223 0
2224 3501 1
3501 2224 0
2225 3501 1
3501 2225 0
2226 3501 1
3501 2226 0
2227 3501 1
3501 2227 0
2228 3501 1
3501 2228 0
2229 3501 1
3501 2229 0
2230 3501 1
3501 2230 0
2231 3501 1
3501 2231 0
2232 3501 1
3501 2232 0
2233 3501 1
3501 2233 0
2234 3501 1
3501 2234 0
2235 3501 1
3501 2235 0
2236 3501 1
3501 2236 0
2237 3501 1
3501 2237 0
2238 3501 1
3501 2238 0
2239 3501 1
3501 2239 0
2240 3501 1
3501 2240 0
2241 3501 1
3501 2241 0
2242 3501 1
3501 2242 0
2243 3501 1
3501 2243 0
2244 3501 1
3501 2244 0
2245 3501 1
3501 2245 0
2246 3501 1
3501 2246 0
2247 3501 1
3501 2247 0
2248 3501 1
3501 2248 0
2249 3501 1
3501 2249 0
2250 3501 1
3501 2250 0
2251 3501 1
3501 2251 0
2252 3501 1
3501 2252 0
2253 3501 1
3501 2253 0
2254 3501 1
3501 2254 0
2255 3501 1
3501 2255 0
2256 3501 1
3501 2256 0
2257 3501 1
3501 2257 0
2258 3501 1
3501 2258 0
2259 3501 1
3501 2259 0
2260 3501 1
3501 2260 0
2261 3501 1
3501 2261 0
2262 3501 1
3501 2262 0
2263 3501 1
3501 2263 0
2264 3501 1
3501 2264 0
2265 3501 1
3501 2265 0
2266 3501 1
3501 2266 0
2267 3501 1
3501 2267 0
2268 3501 1
3501 2268 0
2269 3501 1
3501 2269 0
2270 3501 1
3501 2270 0
2271 3501 1
3501 2271 0
2272 3501 1
3501 2272 0
2273 3501 1
3501 2273 0
2274 3501 1
3501 2274 0
2275 3501 1
3501 2275 0
2276 3501 1
3501 2276 0
2277 3501 1
3501 2277 0
2278 3501 1
3501 2278 0
2279 3501 1
3501 2279 0
2280 3501 1
3501 2280 0
2281 3501 1
3501 2281 0
2282 3501 1
3501 2282 0
2283 3501 1
3501 2283 0
2284 3501 1
3501 2284 0
2285 3501 1
3501 2285 0
2286 3501 1
3501 2286 0
2287 3501 1
3501 2287 0
2288 3501 1
3501 2288 0
2289 3501 1
3501 2289 0
2290 3501 1
3501 2290 0
2291 3501 1
3501 2291 0
2292 3501 1
3501 2292 0
2293 3501 1
3501 2293 0
2294 3501 1
3501 2294 0
2295 3501 1
3501 2295 0
2296 3501 1
3501 2296 0
2297 3501 1
3501 2297 0
2298 3501 1
3501 2298 0
2299 3501 1
3501 2299 0
2300 3501 1
3501 2300 0
2301 3501 1
3501 2301 0
2302 3501 1
3501 2302 0
2303 3501 1
3501 2303 0
2304 3501 1
3501 2304 0
2305 3501 1
3501 2305 0
2306 3501 1
3501 2306 0
2307 3501 1
3501 2307 0
2308 3501 1
3501 2308 0
2309 3501 1
3501 2309 0
2310 3501 1
3501 2310 0
2311 3501 1
3501 2311 0
2312 3501 1
3501 2312 0
2313 3501 1
3501 2313 0
2314 3501 1
3501 2314 0
2315 3501 1
3501 2315 0
2316 3501 1
3501 2316 0
2317 3501 1
3501 2317 0
2318 3501 1
3501 2318 0
2319 3501 1
3501 2319 0
2320 3501 1
3501 2320 0
2321 3501 1
3501 2321 0
2322 3501 1
3501 2322 0
2323 3501 1
3501 2323 0
2324 3501 1
3501 2324 0
2325 3501 1
3501 2325 0
2326 3501 1
3501 2326 0
2327 3501 1
3501 2327 0
2328 3501 1
3501 2328 0
2329 3501 1
3501 2329 0
2330 3501 1
3501 2330 0
2331 3501 1
3501 2331 0
2332 3501 1
3501 2332 0
2333 3501 1
3501 2333 0
2334 3501 1
3501 2334 0
2335 3501 1
3501 2335 0
2336 3501 1
3501 2336 0
2337 3501 1
3501 2337 0
2338 3501 1
3501 2338 0
2339 3501 1
3501 2339 0
2340 3501 1
3501 2340 0
2341 3501 1
3501 2341 0
2342 3501 1
3501 2342 0
2343 3501 1
3501 2343 0
2344 3501 1
3501 2344 0
2345 3501 1
3501 2345 0
2346 3501 1
3501 2346 0
2347 3501 1
3501 2347 0
2348 3501 1
3501 2348 0
2349 3501 1
3501 2349 0
2350 3501 1
3501 2350 0
2351 3501 1
3501 2351 0
2352 3501 1
3501 2352 0
2353 3501 1
3501 2353 0
2354 3501 1
3501 2354 0
2355 3501 1
3501 2355 0
2356 3501 1
3501 2356 0
2357 3501 1
3501 2357 0
2358 3501 1
3501 2358 0
2359 3501 1
3501 2359 0
2360 3501 1
3501 2360 0
2361 3501 1
3501 2361 0
2362 3501 1
3501 2362 0
2363 3501 1
3501 2363 0
2364 3501 1
3501 2364 0
2365 3501 1
3501 2365 0
2366 3501 1
3501 2366 0
2367 3501 1
3501 2367 0
2368 3501 1
3501 2368 0
2369 3501 1
3501 2369 0
2370 3501 1
3501 2370 0
2371 3501 1
3501 2371 0
2372 3501 1
3501 2372 0
2373 3501 1
3501 2373 0
2374 3501 1
3501 2374 0
2375 3501 1
3501 2375 0
2376 3501 1
3501 2376 0
2377 3501 1
3501 2377 0
2378 3501 1
3501 2378 0
2379 3501 1
3501 2379 0
2380 3501 1
3501 2380 0
2381 3501 1
3501 2381 0
2382 3501 1
3501 2382 0
2383 3501 1
3501 2383 0
2384 3501 1
3501 2384 0
2385 3501 1
3501 2385 0
2386 3501 1
3501 2386 0
2387 3501 1
3501 2387 0
2388 3501 1
3501 2388 0
2389 3501 1
3501 2389 0
2390 3501 1
3501 2390 0
2391 3501 1
3501 2391 0
2392 3501 1
3501 2392 0
2393 3501 1
3501 2393 0
2394 3501 1
3501 2394 0
2395 3501 1
3501 2395 0
2396 3501 1
3501 2396 0
2397 3501 1
3501 2397 0
2398 3501 1
3501 2398 0
2399 3501 1
3501 2399 0
2400 3501 1
3501 2400 0
2401 3501 1
3501 2401 0
2402 3501 1
3501 2402 0
2403 3501 1
3501 2403 0
2404 3501 1
3501 2404 0
2405 3501 1
3501 2405 0
2406 3501 1
3501 2406 0
2407 3501 1
3501 2407 0
2408 3501 1
3501 2408 0
2409 3501 1
3501 2409 0
2410 3501 1
3501 2410 0
2411 3501 1
3501 2411 0
2412 3501 1
3501 2412 0
2413 3501 1
3501 2413 0
2414 3501 1
3501 2414 0
2415 3501 1
3501 2415 0
2416 3501 1
3501 2416 0
2417 3501 1
3501 2417 0
2418 3501 1
3501 2418 0
2419 3501 1
3501 2419 0
2420 3501 1
3501 2420 0
2421 3501 1
3501 2421 0
2422 3501 1
3501 2422 0
2423 3501 1
3501 2423 0
2424 3501 1
3501 2424 0
2425 3501 1
3501 2425 0
2426 3501 1
3501 2426 0
2427 3501 1
3501 2427 0
2428 3501 1
3501 2428 0
2429 3501 1
3501 2429 0
2430 3501 1
3501 2430 0
2431 3501 1
3501 2431 0
2432 3501 1
3501 2432 0
2433 3501 1
3501 2433 0
2434 3501 1
3501 2434 0
2435 3501 1
3501 2435 0
2436 3501 1
3501 2436 0
2437 3501 1
3501 2437 0
2438 3501 1
3501 2438 0
2439 3501 1
3501 2439 0
2440 3501 1
3501 2440 0
2441 3501 1
3501 2441 0
2442 3501 1
3501 2442 0
2443 3501 1
3501 2443 0
2444 3501 1
3501 2444 0
2445 3501 1
3501 2445 0
2446 3501 1
3501 2446 0
2447 3501 1
3501 2447 0
2448 3501 1
3501 2448 0
2449 3501 1
3501 2449 0
2450 3501 1
3501 2450 0
2451 3501 1
3501 2451 0
2452 3501 1
3501 2452 0
2453 3501 1
3501 2453 0
2454 3501 1
3501 2454 0
2455 3501 1
3501 2455 0
2456 3501 1
3501 2456 0
2457 3501 1
3501 2457 0
2458 3501 1
3501 2458 0
2459 3501 1
3501 2459 0
2460 3501 1
3501 2460 0
2461 3501 1
3501 2461 0
2462 3501 1
3501 2462 0
2463 3501 1
3501 2463 0
2464 3501 1
3501 2464 0
2465 3501 1
3501 2465 0
2466 3501 1
3501 2466 0
2467 3501 1
3501 2467 0
2468 3501 1
3501 2468 0
2469 3501 1
3501 2469 0
2470 3501 1
3501 2470 0
2471 3501 1
3501 2471 0
2472 3501 1
3501 2472 0
2473 3501 1
3501 2473 0
2474 3501 1
3501 2474 0
2475 3501 1
3501 2475 0
2476 3501 1
3501 2476 0
2477 3501 1
3501 2477 0
2478 3501 1
3501 2478 0
2479 3501 1
3501 2479 0
2480 3501 1
3501 2480 0
2481 3501 1
3501 2481 0
2482 3501 1
3501 2482 0
2483 3501 1
3501 2483 0
2484 3501 1
3501 2484 0
2485 3501 1
3501 2485 0
2486 3501 1
3501 2486 0
2487 3501 1
3501 2487 0
2488 3501 1
3501 2488 0
2489 3501 1
3501 2489 0
2490 3501 1
3501 2490 0
2491 3501 1
3501 2491 0
2492 3501 1
3501 2492 0
2493 3501 1
3501 2493 0
2494 3501 1
3501 2494 0
2495 3501 1
3501 2495 0
2496 3501 1
3501 2496 0
2497 3501 1
3501 2497 0
2498 3501 1
3501 2498 0
2499 3501 1
3501 2499 0
2500 3501 1
3501 2500 0
2501 3501 1
3501 2501 0
2502 3501 1
3501 2502 0
2503 3501 1
3501 2503 0
2504 3501 1
3501 2504 0
2505 3501 1
3501 2505 0
2506 3501 1
3501 2506 0
2507 3501 1
3501 2507 0
2508 3501 1
3501 2508 0
2509 3501 1
3501 2509 0
2510 3501 1
3501 2510 0
2511 3501 1
3501 2511 0
2512 3501 1
3501 2512 0
2513 3501 1
3501 2513 0
2514 3501 1
3501 2514 0
2515 3501 1
3501 2515 0
2516 3501 1
3501 2516 0
2517 3501 1
3501 2517 0
2518 3501 1
3501 2518 0
2519 3501 1
3501 2519 0
2520 3501 1
3501 2520 0
2521 3501 1
3501 2521 0
2522 3501 1
3501 2522 0
2523 3501 1
3501 2523 0
2524 3501 1
3501 2524 0
2525 3501 1
3501 2525 0
2526 3501 1
3501 2526 0
2527 3501 1
3501 2527 0
2528 3501 1
3501 2528 0
2529 3501 1
3501 2529 0
2530 3501 1
3501 2530 0
2531 3501 1
3501 2531 0
2532 3501 1
3501 2532 0
2533 3501 1
3501 2533 0
2534 3501 1
3501 2534 0
2535 3501 1
3501 2535 0
2536 3501 1
3501 2536 0
2537 3501 1
3501 2537 0
2538 3501 1
3501 2538 0
2539 3501 1
3501 2539 0
2540 3501 1
3501 2540 0
2541 3501 1
3501 2541 0
2542 3501 1
3501 2542 0
2543 3501 1
3501 2543 0
2544 3501 1
3501 2544 0
2545 3501 1
3501 2545 0
2546 3501 1
3501 2546 0
2547 3501 1
3501 2547 0
2548 3501 1
3501 2548 0
2549 3501 1
3501 2549 0
2550 3501 1
3501 2550 0
2551 3501 1
3501 2551 0
2552 3501 1
3501 2552 0
2553 3501 1
3501 2553 0
2554 3501 1
3501 2554 0
2555 3501 1
3501 2555 0
2556 3501 1
3501 2556 0
2557 3501 1
3501 2557 0
2558 3501 1
3501 2558 0
2559 3501 1
3501 2559 0
2560 3501 1
3501 2560 0
2561 3501 1
3501 2561 0
2562 3501 1
3501 2562 0
2563 3501 1
3501 2563 0
2564 3501 1
3501 2564 0
2565 3501 1
3501 2565 0
2566 3501 1
3501 2566 0
2567 3501 1
3501 2567 0
2568 3501 1
3501 2568 0
2569 3501 1
3501 2569 0
2570 3501 1
3501 2570 0
2571 3501 1
3501 2571 0
2572 3501 1
3501 2572 0
2573 3501 1
3501 2573 0
2574 3501 1
3501 2574 0
2575 3501 1
3501 2575 0
2576 3501 1
3501 2576 0
2577 3501 1
3501 2577 0
2578 3501 1
3501 2578 0
2579 3501 1
3501 2579 0
2580 3501 1
3501 2580 0
2581 3501 1
3501 2581 0
2582 3501 1
3501 2582 0
2583 3501 1
3501 2583 0
2584 3501 1
3501 2584 0
2585 3501 1
3501 2585 0
2586 3501 1
3501 2586 0
2587 3501 1
3501 2587 0
2588 3501 1
3501 2588 0
2589 3501 1
3501 2589 0
2590 3501 1
3501 2590 0
2591 3501 1
3501 2591 0
2592 3501 1
3501 2592 0
2593 3501 1
3501 2593 0
2594 3501 1
3501 2594 0
2595 3501 1
3501 2595 0
2596 3501 1
3501 2596 0
2597 3501 1
3501 2597 0
2598 3501 1
3501 2598 0
2599 3501 1
3501 2599 0
2600 3501 1
3501 2600 0
2601 3501 1
3501 2601 0
2602 3501 1
3501 2602 0
2603 3501 1
3501 2603 0
2604 3501 1
3501 2604 0
2605 3501 1
3501 2605 0
2606 3501 1
3501 2606 0
2607 3501 1
3501 2607 0
2608 3501 1
3501 2608 0
2609 3501 1
3501 2609 0
2610 3501 1
3501 2610 0
2611 3501 1
3501 2611 0
2612 3501 1
3501 2612 0
2613 3501 26
3501 2613 0
2614 3501 26
3501 2614 0
2615 3501 26
3501 2615 0
2616 3501 26
3501 2616 0
2617 3501 26
3501 2617 0
2618 3501 26
3501 2618 0
2619 3501 26
3501 2619 0
2620 3501 26
3501 2620 0
2621 3501 26
3501 2621 0
2622 3501 26
3501 2622 0
2623 3501 26
3501 2623 0
2624 3501 26
3501 2624 0
2625 3501 26
3501 2625 0
2626 3501 26
3501 2626 0
2627 3501 26
3501 2627 0
2628 3501 26
3501 2628 0
2629 3501 26
3501 2629 0
2630 3501 26
3501 2630 0
2631 3501 26
3501 2631 0
2632 3501 26
3501 2632 0
2633 3501 26
3501 2633 0
2634 3501 26
3501 2634 0
2635 3501 26
3501 2635 0
2636 3501 26
3501 2636 0
2637 3501 26
3501 2637 0
2638 3501 26
3501 2638 0
2639 3501 26
3501 2639 0
2640 3501 26
3501 2640 0
2641 3501 26
3501 2641 0
2642 3501 26
3501 2642 0
2643 3501 26
3501 2643 0
2644 3501 26
3501 2644 0
2645 3501 26
3501 2645 0
2646 3501 26
3501 2646 0
2647 3501 26
3501 2647 0
2648 3501 26
3501 2648 0
2649 3501 26
3501 2649 0
2650 3501 26
3501 2650 0
2651 3501 26
3501 2651 0
2652 3501 26
3501 2652 0
2653 3501 26
3501 2653 0
2654 3501 26
3501 2654 0
2655 3501 26
3501 2655 0
2656 3501 26
3501 2656 0
2657 3501 26
3501 2657 0
2658 3501 26
3501 2658 0
2659 3501 26
3501 2659 0
2660 3501 26
3501 2660 0
2661 3501 26
3501 2661 0
2662 3501 26
3501 2662 0
2663 3501 26
3501 2663 0
2664 3501 26
3501 2664 0
2665 3501 26
3501 2665 0
2666 3501 26
3501 2666 0
2667 3501 26
3501 2667 0
2668 3501 26
3501 2668 0
2669 3501 26
3501 2669 0
2670 3501 26
3501 2670 0
2671 3501 26
3501 2671 0
2672 3501 26
3501 2672 0
2673 3501 26
3501 2673 0
2674 3501 26
3501 2674 0
2675 3501 26
3501 2675 0
2676 3501 26
3501 2676 0
2677 3501 26
3501 2677 0
2678 3501 26
3501 2678 0
2679 3501 26
3501 2679 0
2680 3501 26
3501 2680 0
2681 3501 26
3501 2681 0
2682 3501 26
3501 2682 0
2683 3501 26
3501 2683 0
2684 3501 26
3501 2684 0
2685 3501 26
3501 2685 0
2686 3501 26
3501 2686 0
2687 3501 26
3501 2687 0
2688 3501 26
3501 2688 0
2689 3501 26
3501 2689 0
2690 3501 26
3501 2690 0
2691 3501 26
3501 2691 0
2692 3501 26
3501 2692 0
2693 3501 26
3501 2693 0
2694 3501 26
3501 2694 0
2695 3501 26
3501 2695 0
2696 3501 26
3501 2696 0
2697 3501 26
3501 2697 0
2698 3501 26
3501 2698 0
2699 3501 26
3501 2699 0
2700 3501 26
3501 2700 0
2701 3501 26
3501 2701 0
2702 3501 26
3501 2702 0
2703 3501 26
3501 2703 0
2704 3501 26
3501 2704 0
2705 3501 26
3501 2705 0
2706 3501 26
3501 2706 0
2707 3501 26
3501 2707 0
2708 3501 26
3501 2708 0
2709 3501 26
3501 2709 0
2710 3501 26
3501 2710 0
2711 3501 26
3501 2711 0
2712 3501 26
3501 2712 0
2713 3501 26
3501 2713 0
2714 3501 26
3501 2714 0
2715 3501 26
3501 2715 0
2716 3501 26
3501 2716 0
2717 3501 26
3501 2717 0
2718 3501 26
3501 2718 0
2719 3501 26
3501 2719 0
2720 3501 26
3501 2720 0
2721 3501 26
3501 2721 0
2722 3501 26
3501 2722 0
2723 3501 26
3501 2723 0
2724 3501 26
3501 2724 0
2725 3501 26
3501 2725 0
2726 3501 26
3501 2726 0
2727 3501 26
3501 2727 0
2728 3501 26
3501 2728 0
2729 3501 26
3501 2729 0
2730 3501 26
3501 2730 0
2731 3501 26
3501 2731 0
2732 3501 26
3501 2732 0
2733 3501 26
3501 2733 0
2734 3501 26
3501 2734 0
2735 3501 26
3501 2735 0
2736 3501 26
3501 2736 0
2737 3501 26
3501 2737 0
2738 3501 26
3501 2738 0
2739 3501 26
3501 2739 0
2740 3501 26
3501 2740 0
2741 3501 26
3501 2741 0
2742 3501 26
3501 2742 0
2743 3501 26
3501 2743 0
2744 3501 26
3501 2744 0
2745 3501 26
3501 2745 0
2746 3501 26
3501 2746 0
2747 3501 26
3501 2747 0
2748 3501 26
3501 2748 0
2749 3501 26
3501 2749 0
2750 3501 26
3501 2750 0
2751 3501 26
3501 2751 0
2752 3501 26
3501 2752 0
2753 3501 26
3501 2753 0
2754 3501 26
3501 2754 0
2755 3501 26
3501 2755 0
2756 3501 26
3501 2756 0
2757 3501 26
3501 2757 0
2758 3501 26
3501 2758 0
2759 3501 26
3501 2759 0
2760 3501 26
3501 2760 0
2761 3501 26
3501 2761 0
2762 3501 26
3501 2762 0
2763 3501 26
3501 2763 0
2764 3501 26
3501 2764 0
2765 3501 26
3501 2765 0
2766 3501 26
3501 2766 0
2767 3501 26
3501 2767 0
2768 3501 26
3501 2768 0
2769 3501 26
3501 2769 0
2770 3501 26
3501 2770 0
2771 3501 26
3501 2771 0
2772 3501 26
3501 2772 0
2773 3501 26
3501 2773 0
2774 3501 26
3501 2774 0
2775 3501 26
3501 2775 0
2776 3501 26
3501 2776 0
2777 3501 26
3501 2777 0
2778 3501 26
3501 2778 0
2779 3501 26
3501 2779 0
2780 3501 26
3501 2780 0
2781 3501 26
3501 2781 0
2782 3501 26
3501 2782 0
2783 3501 26
3501 2783 0
2784 3501 26
3501 2784 0
2785 3501 26
3501 2785 0
2786 3501 26
3501 2786 0
2787 3501 26
3501 2787 0
2788 3501 26
3501 2788 0
2789 3501 26
3501 2789 0
2790 3501 26
3501 2790 0
2791 3501 26
3501 2791 0
2792 3501 26
3501 2792 0
2793 3501 26
3501 2793 0
2794 3501 26
3501 2794 0
2795 3501 26
3501 2795 0
2796 3501 26
3501 2796 0
2797 3501 26
3501 2797 0
2798 3501 26
3501 2798 0
2799 3501 26
3501 2799 0
2800 3501 26
3501 2800 0
2801 3501 26
3501 2801 0
2802 3501 26
3501 2802 0
2803 3501 26
3501 2803 0
2804 3501 26
3501 2804 0
2805 3501 26
3501 2805 0
2806 3501 26
3501 2806 0
2807 3501 26
3501 2807 0
2808 3501 26
3501 2808 0
2809 3501 26
3501 2809 0
2810 3501 26
3501 2810 0
2811 3501 26
3501 2811 0
2812 3501 26
3501 2812 0
2813 3501 26
3501 2813 0
2814 3501 26
3501 2814 0
2815 3501 26
3501 2815 0
2816 3501 26
3501 2816 0
2817 3501 26
3501 2817 0
2818 3501 26
3501 2818 0
2819 3501 26
3501 2819 0
2820 3501 26
3501 2820 0
2821 3501 26
3501 2821 0
2822 3501 26
3501 2822 0
2823 3501 26
3501 2823 0
2824 3501 26
3501 2824 0
2825 3501 26
3501 2825 0
2826 3501 26
3501 2826 0
2827 3501 26
3501 2827 0
2828 3501 26
3501 2828 0
2829 3501 26
3501 2829 0
2830 3501 26
3501 2830 0
2831 3501 26
3501 2831 0
2832 3501 26
3501 2832 0
2833 3501 26
3501 2833 0
2834 3501 26
3501 2834 0
2835 3501 26
3501 2835 0
2836 3501 26
3501 2836 0
2837 3501 26
3501 2837 0
2838 3501 26
3501 2838 0
2839 3501 26
3501 2839 0
2840 3501 26
3501 2840 0
2841 3501 26
3501 2841 0
2842 3501 26
3501 2842 0
2843 3501 26
3501 2843 0
2844 3501 26
3501 2844 0
2845 3501 26
3501 2845 0
2846 3501 26
3501 2846 0
2847 3501 26
3501 2847 0
2848 3501 26
3501 2848 0
2849 3501 26
3501 2849 0
2850 3501 26
3501 2850 0
2851 3501 26
3501 2851 0
2852 3501 26
3501 2852 0
2853 3501 26
3501 2853 0
2854 3501 26
3501 2854 0
2855 3501 26
3501 2855 0
2856 3501 26
3501 2856 0
2857 3501 26
3501 2857 0
2858 3501 26
3501 2858 0
2859 3501 26
3501 2859 0
2860 3501 26
3501 2860 0
2861 3501 26
3501 2861 0
2862 3501 26
3501 2862 0
2863 3501 26
3501 2863 0
2864 3501 26
3501 2864 0
2865 3501 26
3501 2865 0
2866 3501 26
3501 2866 0
2867 3501 26
3501 2867 0
2868 3501 26
3501 2868 0
2869 3501 26
3501 2869 0
2870 3501 26
3501 2870 0
2871 3501 26
3501 2871 0
2872 3501 26
3501 2872 0
2873 3501 26
3501 2873 0
2874 3501 26
3501 2874 0
2875 3501 26
3501 2875 0
2876 3501 26
3501 2876 0
2877 3501 26
3501 2877 0
2878 3501 26
3501 2878 0
2879 3501 26
3501 2879 0
2880 3501 26
3501 2880 0
2881 3501 26
3501 2881 0
2882 3501 26
3501 2882 0
2883 3501 26
3501 2883 0
2884 3501 26
3501 2884 0
2885 3501 26
3501 2885 0
2886 3501 26
3501 2886 0
2887 3501 26
3501 2887 0
2888 3501 26
3501 2888 0
2889 3501 26
3501 2889 0
2890 3501 26
3501 2890 0
2891 3501 26
3501 2891 0
2892 3501 26
3501 2892 0
2893 3501 26
3501 2893 0
2894 3501 26
3501 2894 0
2895 3501 26
3501 2895 0
2896 3501 26
3501 2896 0
2897 3501 26
3501 2897 0
2898 3501 26
3501 2898 0
2899 3501 26
3501 2899 0
2900 3501 26
3501 2900 0
2901 3501 26
3501 2901 0
2902 3501 26
3501 2902 0
2903 3501 26
3501 2903 0
2904 3501 26
3501 2904 0
2905 3501 26
3501 2905 0
2906 3501 26
3501 2906 0
2907 3501 26
3501 2907 0
2908 3501 26
3501 2908 0
2909 3501 26
3501 2909 0
2910 3501 26
3501 2910 0
2911 3501 26
3501 2911 0
2912 3501 26
3501 2912 0
2913 3501 26
3501 2913 0
2914 3501 26
3501 2914 0
2915 3501 26
3501 2915 0
2916 3501 26
3501 2916 0
2917 3501 26
3501 2917 0
2918 3501 26
3501 2918 0
2919 3501 26
3501 2919 0
2920 3501 26
3501 2920 0
2921 3501 26
3501 2921 0
2922 3501 26
3501 2922 0
2923 3501 26
3501 2923 0
2924 3501 26
3501 2924 0
2925 3501 26
3501 2925 0
2926 3501 26
3501 2926 0
2927 3501 26
3501 2927 0
2928 3501 26
3501 2928 0
2929 3501 26
3501 2929 0
2930 3501 26
3501 2930 0
2931 3501 26
3501 2931 0
2932 3501 26
3501 2932 0
2933 3501 26
3501 2933 0
2934 3501 26
3501 2934 0
2935 3501 26
3501 2935 0
2936 3501 26
3501 2936 0
2937 3501 26
3501 2937 0
2938 3501 26
3501 2938 0
2939 3501 26
3501 2939 0
2940 3501 26
3501 2940 0
2941 3501 26
3501 2941 0
2942 3501 26
3501 2942 0
2943 3501 26
3501 2943 0
2944 3501 26
3501 2944 0
2945 3501 26
3501 2945 0
2946 3501 26
3501 2946 0
2947 3501 26
3501 2947 0
2948 3501 26
3501 2948 0
2949 3501 26
3501 2949 0
2950 3501 26
3501 2950 0
2951 3501 26
3501 2951 0
2952 3501 26
3501 2952 0
2953 3501 26
3501 2953 0
2954 3501 26
3501 2954 0
2955 3501 26
3501 2955 0
2956 3501 26
3501 2956 0
2957 3501 26
3501 2957 0
2958 3501 26
3501 2958 0
2959 3501 26
3501 2959 0
2960 3501 26
3501 2960 0
2961 3501 26
3501 2961 0
2962 3501 26
3501 2962 0
2963 3501 26
3501 2963 0
2964 3501 26
3501 2964 0
2965 3501 26
3501 2965 0
2966 3501 26
3501 2966 0
2967 3501 26
3501 2967 0
2968 3501 26
3501 2968 0
2969 3501 26
3501 2969 0
2970 3501 26
3501 2970 0
2971 3501 26
3501 2971 0
2972 3501 26
3501 2972 0
2973 3501 26
3501 2973 0
2974 3501 26
3501 2974 0
2975 3501 26
3501 2975 0
2976 3501 26
3501 2976 0
2977 3501 26
3501 2977 0
2978 3501 26
3501 2978 0
2979 3501 26
3501 2979 0
2980 3501 26
3501 2980 0
2981 3501 26
3501 2981 0
2982 3501 26
3501 2982 0
2983 3501 26
3501 2983 0
2984 3501 26
3501 2984 0
2985 3501 26
3501 2985 0
2986 3501 26
3501 2986 0
2987 3501 26
3501 2987 0
2988 3501 26
3501 2988 0
2989 3501 26
3501 2989 0
2990 3501 26
3501 2990 0
2991 3501 26
3501 2991 0
2992 3501 26
3501 2992 0
2993 3501 26
3501 2993 0
2994 3501 26
3501 2994 0
2995 3501 26
3501 2995 0
2996 3501 26
3501 2996 0
2997 3501 26
3501 2997 0
2998 3501 26
3501 2998 0
2999 3501 26
3501 2999 0
3000 3501 26
3501 3000 0
3001 3501 26
3501 3001 0
3002 3501 26
3501 3002 0
3003 3501 26
3501 3003 0
3004 3501 26
3501 3004 0
3005 3501 26
3501 3005 0
3006 3501 26
3501 3006 0
3007 3501 26
3501 3007 0
3008 3501 26
3501 3008 0
3009 3501 26
3501 3009 0
3010 3501 26
3501 3010 0
3011 3501 26
3501 3011 0
3012 3501 26
3501 3012 0
3013 3501 26
3501 3013 0
3014 3501 26
3501 3014 0
3015 3501 26
3501 3015 0
3016 3501 26
3501 3016 0
3017 3501 26
3501 3017 0
3018 3501 26
3501 3018 0
3019 3501 26
3501 3019 0
3020 3501 26
3501 3020 0
3021 3501 26
3501 3021 0
3022 3501 26
3501 3022 0
3023 3501 26
3501 3023 0
3024 3501 26
3501 3024 0
3025 3501 26
3501 3025 0
3026 3501 26
3501 3026 0
3027 3501 26
3501 3027 0
3028 3501 26
3501 3028 0
3029 3501 26
3501 3029 0
3030 3501 26
3501 3030 0
3031 3501 26
3501 3031 0
3032 3501 26
3501 3032 0
3033 3501 26
3501 3033 0
3034 3501 26
3501 3034 0
3035 3501 26
3501 3035 0
3036 3501 26
3501 3036 0
3037 3501 26
3501 3037 0
3038 3501 26
3501 3038 0
3039 3501 26
3501 3039 0
3040 3501 26
3501 3040 0
3041 3501 26
3501 3041 0
3042 3501 26
3501 3042 0
3043 3501 26
3501 3043 0
3044 3501 26
3501 3044 0
3045 3501 26
3501 3045 0
3046 3501 26
3501 3046 0
3047 3501 26
3501 3047 0
3048 3501 26
3501 3048 0
3049 3501 26
3501 3049 0
3050 3501 26
3501 3050 0
3051 3501 26
3501 3051 0
3052 3501 26
3501 3052 0
3053 3501 26
3501 3053 0
3054 3501 26
3501 3054 0
3055 3501 26
3501 3055 0
3056 3501 26
3501 3056 0
3057 3501 26
3501 3057 0
3058 3501 26
3501 3058 0
3059 3501 26
3501 3059 0
3060 3501 26
3501 3060 0
3061 3501 26
3501 3061 0
3062 3501 26
3501 3062 0
3063 3501 26
3501 3063 0
3064 3501 26
3501 3064 0
3065 3501 26
3501 3065 0
3066 3501 26
3501 3066 0
3067 3501 26
3501 3067 0
3068 3501 26
3501 3068 0
3069 3501 26
3501 3069 0
3070 3501 26
3501 3070 0
3071 3501 26
3501 3071 0
3072 3501 26
3501 3072 0
3073 3501 26
3501 3073 0
3074 3501 26
3501 3074 0
3075 3501 26
3501 3075 0
3076 3501 26
3501 3076 0
3077 3501 26
3501 3077 0
3078 3501 26
3501 3078 0
3079 3501 26
3501 3079 0
3080 3501 26
3501 3080 0
3081 3501 26
3501 3081 0
3082 3501 26
3501 3082 0
3083 3501 26
3501 3083 0
3084 3501 26
3501 3084 0
3085 3501 26
3501 3085 0
3086 3501 26
3501 3086 0
3087 3501 26
3501 3087 0
3088 3501 26
3501 3088 0
3089 3501 26
3501 3089 0
3090 3501 26
3501 3090 0
3091 3501 26
3501 3091 0
3092 3501 26
3501 3092 0
3093 3501 26
3501 3093 0
3094 3501 26
3501 3094 0
3095 3501 26
3501 3095 0
3096 3501 26
3501 3096 0
3097 3501 26
3501 3097 0
3098 3501 26
3501 3098 0
3099 3501 26
3501 3099 0
3100 3501 26
3501 3100 0
3101 3501 26
3501 3101 0
3102 3501 26
3501 3102 0
3103 3501 26
3501 3103 0
3104 3501 26
3501 3104 0
3105 3501 26
3501 3105 0
3106 3501 26
3501 3106 0
3107 3501 26
3501 3107 0
3108 3501 26
3501 3108 0
3109 3501 26
3501 3109 0
3110 3501 26
3501 3110 0
3111 3501 26
3501 3111 0
3112 3501 26
3501 3112 0
3113 3501 26
3501 3113 0
3114 3501 26
3501 3114 0
3115 3501 26
3501 3115 0
3116 3501 26
3501 3116 0
3117 3501 26
3501 3117 0
3118 3501 26
3501 3118 0
3119 3501 26
3501 3119 0
3120 3501 26
3501 3120 0
3121 3501 26
3501 3121 0
3122 3501 26
3501 3122 0
3123 3501 26
3501 3123 0
3124 3501 26
3501 3124 0
3125 3501 26
3501 3125 0
3126 3501 26
3501 3126 0
3127 3501 26
3501 3127 0
3128 3501 26
3501 3128 0
3129 3501 26
3501 3129 0
3130 3501 26
3501 3130 0
3131 3501 26
3501 3131 0
3132 3501 26
3501 3132 0
3133 3501 26
3501 3133 0
3134 3501 26
3501 3134 0
3135 3501 26
3501 3135 0
3136 3501 26
3501 3136 0
3137 3501 26
3501 3137 0
3138 3501 26
3501 3138 0
3139 3501 26
3501 3139 0
3140 3501 26
3501 3140 0
3141 3501 26
3501 3141 0
3142 3501 26
3501 3142 0
3143 3501 26
3501 3143 0
3144 3501 26
3501 3144 0
3145 3501 26
3501 3145 0
3146 3501 26
3501 3146 0
3147 3501 26
3501 3147 0
3148 3501 26
3501 3148 0
3149 3501 26
3501 3149 0
3150 3501 26
3501 3150 0
3151 3501 26
3501 3151 0
3152 3501 26
3501 3152 0
3153 3501 26
3501 3153 0
3154 3501 26
3501 3154 0
3155 3501 26
3501 3155 0
3156 3501 26
3501 3156 0
3157 3501 26
3501 3157 0
3158 3501 26
3501 3158 0
3159 3501 26
3501 3159 0
3160 3501 26
3501 3160 0
3161 3501 26
3501 3161 0
3162 3501 26
3501 3162 0
3163 3501 26
3501 3163 0
3164 3501 26
3501 3164 0
3165 3501 26
3501 3165 0
3166 3501 26
3501 3166 0
3167 3501 26
3501 3167 0
3168 3501 26
3501 3168 0
3169 3501 26
3501 3169 0
3170 3501 26
3501 3170 0
3171 3501 26
3501 3171 0
3172 3501 26
3501 3172 0
3173 3501 26
3501 3173 0
3174 3501 26
3501 3174 0
3175 3501 26
3501 3175 0
3176 3501 26
3501 3176 0
3177 3501 26
3501 3177 0
3178 3501 26
3501 3178 0
3179 3501 26
3501 3179 0
3180 3501 26
3501 3180 0
3181 3501 26
3501 3181 0
3182 3501 26
3501 3182 0
3183 3501 26
3501 3183 0
3184 3501 26
3501 3184 0
3185 3501 26
3501 3185 0
3186 3501 26
3501 3186 0
3187 3501 26
3501 3187 0
3188 3501 26
3501 3188 0
3189 3501 26
3501 3189 0
3190 3501 26
3501 3190 0
3191 3501 26
3501 3191 0
3192 3501 26
3501 3192 0
3193 3501 26
3501 3193 0
3194 3501 26
3501 3194 0
3195 3501 26
3501 3195 0
3196 3501 26
3501 3196 0
3197 3501 26
3501 3197 0
3198 3501 26
3501 3198 0
3199 3501 26
3501 3199 0
3200 3501 26
3501 3200 0
3201 3501 26
3501 3201 0
3202 3501 26
3501 3202 0
3203 3501 26
3501 3203 0
3204 3501 26
3501 3204 0
3205 3501 26
3501 3205 0
3206 3501 26
3501 3206 0
3207 3501 26
3501 3207 0
3208 3501 26
3501 3208 0
3209 3501 26
3501 3209 0
3210 3501 26
3501 3210 0
3211 3501 26
3501 3211 0
3212 3501 26
3501 3212 0
3213 3501 26
3501 3213 0
3214 3501 26
3501 3214 0
3215 3501 26
3501 3215 0
3216 3501 26
3501 3216 0
3217 3501 26
3501 3217 0
3218 3501 26
3501 3218 0
3219 3501 26
3501 3219 0
3220 3501 26
3501 3220 0
3221 3501 26
3501 3221 0
3222 3501 26
3501 3222 0
3223 3501 26
3501 3223 0
3224 3501 26
3501 3224 0
3225 3501 26
3501 3225 0
3226 3501 26
3501 3226 0
3227 3501 26
3501 3227 0
3228 3501 26
3501 3228 0
3229 3501 26
3501 3229 0
3230 3501 26
3501 3230 0
3231 3501 26
3501 3231 0
3232 3501 26
3501 3232 0
3233 3501 26
3501 3233 0
3234 3501 26
3501 3234 0
3235 3501 26
3501 3235 0
3236 3501 26
3501 3236 0
3237 3501 26
3501 3237 0
3238 3501 26
3501 3238 0
3239 3501 26
3501 3239 0
3240 3501 26
3501 3240 0
3241 3501 26
3501 3241 0
3242 3501 26
3501 3242 0
3243 3501 26
3501 3243 0
3244 3501 26
3501 3244 0
3245 3501 26
3501 3245 0
3246 3501 26
3501 3246 0
3247 3501 26
3501 3247 0
3248 3501 26
3501 3248 0
3249 3501 26
3501 3249 0
3250 3501 26
3501 3250 0
3251 3501 26
3501 3251 0
3252 3501 26
3501 3252 0
3253 3501 26
3501 3253 0
3254 3501 26
3501 3254 0
3255 3501 26
3501 3255 0
3256 3501 26
3501 3256 0
3257 3501 26
3501 3257 0
3258 3501 26
3501 3258 0
3259 3501 26
3501 3259 0
3260 3501 26
3501 3260 0
3261 3501 26
3501 3261 0
3262 3501 26
3501 3262 0
3263 3501 26
3501 3263 0
3264 3501 26
3501 3264 0
3265 3501 26
3501 3265 0
3266 3501 26
3501 3266 0
3267 3501 26
3501 3267 0
3268 3501 26
3501 3268 0
3269 3501 26
3501 3269 0
3270 3501 26
3501 3270 0
3271 3501 26
3501 3271 0
3272 3501 26
3501 3272 0
3273 3501 26
3501 3273 0
3274 3501 26
3501 3274 0
3275 3501 26
3501 3275 0
3276 3501 26
3501 3276 0
3277 3501 26
3501 3277 0
3278 3501 26
3501 3278 0
3279 3501 26
3501 3279 0
3280 3501 26
3501 3280 0
3281 3501 26
3501 3281 0
3282 3501 26
3501 3282 0
3283 3501 26
3501 3283 0
3284 3501 26
3501 3284 0
3285 3501 26
3501 3285 0
3286 3501 26
3501 3286 0
3287 3501 26
3501 3287 0
3288 3501 26
3501 3288 0
3289 3501 26
3501 3289 0
3290 3501 26
3501 3290 0
3291 3501 26
3501 3291 0
3292 3501 26
3501 3292 0
3293 3501 26
3501 3293 0
3294 3501 26
3501 3294 0
3295 3501 26
3501 3295 0
3296 3501 26
3501 3296 0
3297 3501 26
3501 3297 0
3298 3501 26
3501 3298 0
3299 3501 26
3501 3299 0
3300 3501 26
3501 3300 0
3301 3501 26
3501 3301 0
3302 3501 26
3501 3302 0
3303 3501 26
3501 3303 0
3304 3501 26
3501 3304 0
3305 3501 26
3501 3305 0
3306 3501 26
3501 3306 0
3307 3501 26
3501 3307 0
3308 3501 26
3501 3308 0
3309 3501 26
3501 3309 0
3310 3501 26
3501 3310 0
3311 3501 26
3501 3311 0
3312 3501 26
3501 3312 0
3313 3501 26
3501 3313 0
3314 3501 26
3501 3314 0
3315 3501 26
3501 3315 0
3316 3501 26
3501 3316 0
3317 3501 26
3501 3317 0
3318 3501 26
3501 3318 0
3319 3501 26
3501 3319 0
3320 3501 26
3501 3320 0
3321 3501 26
3501 3321 0
3322 3501 26
3501 3322 0
3323 3501 26
3501 3323 0
3324 3501 26
3501 3324 0
3325 3501 26
3501 3325 0
3326 3501 26
3501 3326 0
3327 3501 26
3501 3327 0
3328 3501 26
3501 3328 0
3329 3501 26
3501 3329 0
3330 3501 26
3501 3330 0
3331 3501 26
3501 3331 0
3332 3501 26
3501 3332 0
3333 3501 26
3501 3333 0
3334 3501 26
3501 3334 0
3335 3501 26
3501 3335 0
3336 3501 26
3501 3336 0
3337 3501 26
3501 3337 0
3338 3501 26
3501 3338 0
3339 3501 26
3501 3339 0
3340 3501 26
3501 3340 0
3341 3501 26
3501 3341 0
3342 3501 26
3501 3342 0
3343 3501 26
3501 3343 0
3344 3501 26
3501 3344 0
3345 3501 26
3501 3345 0
3346 3501 26
3501 3346 0
3347 3501 26
3501 3347 0
3348 3501 26
3501 3348 0
3349 3501 26
3501 3349 0
3350 3501 26
3501 3350 0
3351 3501 26
3501 3351 0
3352 3501 26
3501 3352 0
3353 3501 26
3501 3353 0
3354 3501 26
3501 3354 0
3355 3501 26
3501 3355 0
3356 3501 26
3501 3356 0
3357 3501 26
3501 3357 0
3358 3501 26
3501 3358 0
3359 3501 26
3501 3359 0
3360 3501 26
3501 3360 0
3361 3501 26
3501 3361 0
3362 3501 26
3501 3362 0
3363 3501 26
3501 3363 0
3364 3501 26
3501 3364 0
3365 3501 26
3501 3365 0
3366 3501 26
3501 3366 0
3367 3501 26
3501 3367 0
3368 3501 26
3501 3368 0
3369 3501 26
3501 3369 0
3370 3501 26
3501 3370 0
3371 3501 26
3501 3371 0
3372 3501 26
3501 3372 0
3373 3501 26
3501 3373 0
3374 3501 26
3501 3374 0
3375 3501 26
3501 3375 0
3376 3501 26
3501 3376 0
3377 3501 26
3501 3377 0
3378 3501 26
3501 3378 0
3379 3501 26
3501 3379 0
3380 3501 26
3501 3380 0
3381 3501 26
3501 3381 0
3382 3501 26
3501 3382 0
3383 3501 26
3501 3383 0
3384 3501 26
3501 3384 0
3385 3501 26
3501 3385 0
3386 3501 26
3501 3386 0
3387 3501 26
3501 3387 0
3388 3501 26
3501 3388 0
3389 3501 26
3501 3389 0
3390 3501 26
3501 3390 0
3391 3501 26
3501 3391 0
3392 3501 26
3501 3392 0
3393 3501 26
3501 3393 0
3394 3501 26
3501 3394 0
3395 3501 26
3501 3395 0
3396 3501 26
3501 3396 0
3397 3501 26
3501 3397 0
3398 3501 26
3501 3398 0
3399 3501 26
3501 3399 0
3400 3501 26
3501 3400 0
3401 3501 26
3501 3401 0
3402 3501 26
3501 3402 0
3403 3501 26
3501 3403 0
3404 3501 26
3501 3404 0
3405 3501 26
3501 3405 0
3406 3501 26
3501 3406 0
3407 3501 26
3501 3407 0
3408 3501 26
3501 3408 0
3409 3501 26
3501 3409 0
3410 3501 26
3501 3410 0
3411 3501 26
3501 3411 0
3412 3501 26
3501 3412 0
3413 3501 26
3501 3413 0
3414 3501 26
3501 3414 0
3415 3501 26
3501 3415 0
3416 3501 26
3501 3416 0
3417 3501 26
3501 3417 0
3418 3501 26
3501 3418 0
3419 3501 26
3501 3419 0
3420 3501 26
3501 3420 0
3421 3501 26
3501 3421 0
3422 3501 26
3501 3422 0
3423 3501 26
3501 3423 0
3424 3501 26
3501 3424 0
3425 3501 26
3501 3425 0
3426 3501 26
3501 3426 0
3427 3501 26
3501 3427 0
3428 3501 26
3501 3428 0
3429 3501 26
3501 3429 0
3430 3501 26
3501 3430 0
3431 3501 26
3501 3431 0
3432 3501 26
3501 3432 0
3433 3501 26
3501 3433 0
3434 3501 26
3501 3434 0
3435 3501 26
3501 3435 0
3436 3501 26
3501 3436 0
3437 3501 26
3501 3437 0
3438 3501 26
3501 3438 0
3439 3501 26
3501 3439 0
3440 3501 26
3501 3440 0
3441 3501 26
3501 3441 0
3442 3501 26
3501 3442 0
3443 3501 26
3501 3443 0
3444 3501 26
3501 3444 0
3445 3501 26
3501 3445 0
3446 3501 26
3501 3446 0
3447 3501 26
3501 3447 0
3448 3501 26
3501 3448 0
3449 3501 26
3501 3449 0
3450 3501 26
3501 3450 0
3451 3501 26
3501 3451 0
3452 3501 26
3501 3452 0
3453 3501 26
3501 3453 0
3454 3501 26
3501 3454 0
3455 3501 26
3501 3455 0
3456 3501 26
3501 3456 0
3457 3501 26
3501 3457 0
3458 3501 26
3501 3458 0
3459 3501 26
3501 3459 0
3460 3501 26
3501 3460 0
3461 3501 26
3501 3461 0
3462 3501 26
3501 3462 0
3463 3501 26
3501 3463 0
3464 3501 26
3501 3464 0
3465 3501 26
3501 3465 0
3466 3501 26
3501 3466 0
3467 3501 26
3501 3467 0
3468 3501 26
3501 3468 0
3469 3501 26
3501 3469 0
3470 3501 26
3501 3470 0
3471 3501 26
3501 3471 0
3472 3501 26
3501 3472 0
3473 3501 26
3501 3473 0
3474 3501 26
3501 3474 0
3475 3501 26
3501 3475 0
3476 3501 26
3501 3476 0
3477 3501 26
3501 3477 0
3478 3501 26
3501 3478 0
3479 3501 26
3501 3479 0
3480 3501 26
3501 3480 0
3481 3501 26
3501 3481 0
3482 3501 26
3501 3482 0
3483 3501 26
3501 3483 0
3484 3501 26
3501 3484 0
3485 3501 26
3501 3485 0
3486 3501 26
3501 3486 0
3487 3501 26
3501 3487 0
3488 3501 26
3501 3488 0
3489 3501 26
3501 3489 0
3490 3501 26
3501 3490 0
3491 3501 26
3501 3491 0
3492 3501 26
3501 3492 0
3493 3501 26
3501 3493 0
3494 3501 26
3501 3494 0
3495 3501 26
3501 3495 0
3496 3501 26
3501 3496 0
3497 3501 26
3501 3497 0
3498 3501 26
3501 3498 0
3499 3501 26
3501 3499 0
3500 3501 26
3501 3500 0
