99 98 97 196
1 99 1
99 1 0
2 99 1
99 2 0
3 99 1
99 3 0
4 99 1
99 4 0
5 99 1
99 5 0
6 99 1
99 6 0
7 99 1
99 7 0
8 99 1
99 8 0
9 99 1
99 9 0
10 99 1
99 10 0
11 99 1
99 11 0
12 99 1
99 12 0
13 99 1
99 13 0
14 99 1
99 14 0
15 99 1
99 15 0
16 99 1
99 16 0
17 99 1
99 17 0
18 99 1
99 18 0
19 99 1
99 19 0
20 99 1
99 20 0
21 99 1
99 21 0
22 99 1
99 22 0
23 99 1
99 23 0
24 99 1
99 24 0
25 99 1
99 25 0
26 99 1
99 26 0
27 99 1
99 27 0
28 99 1
99 28 0
29 99 1
99 29 0
30 99 1
99 30 0
31 99 1
99 31 0
32 99 1
99 32 0
33 99 1
99 33 0
34 99 1
99 34 0
35 99 1
99 35 0
36 99 1
99 36 0
37 99 1
99 37 0
38 99 1
99 38 0
39 99 1
99 39 0
40 99 1
99 40 0
41 99 1
99 41 0
42 99 1
99 42 0
43 99 1
99 43 0
44 99 1
99 44 0
45 99 1
99 45 0
46 99 1
99 46 0
47 99 1
99 47 0
48 99 1
99 48 0
49 99 1
99 49 0
50 99 1
99 50 0
51 99 1
99 51 0
52 99 1
99 52 0
53 99 1
99 53 0
54 99 1
99 54 0
55 99 1
99 55 0
56 99 1
99 56 0
57 99 1
99 57 0
58 99 1
99 58 0
59 99 1
99 59 0
60 99 1
99 60 0
61 99 1
99 61 0
62 99 1
99 62 0
63 99 1
99 63 0
64 99 1
99 64 0
65 99 1
99 65 0
66 99 1
99 66 0
67 99 1
99 67 0
68 99 1
99 68 0
69 99 1
99 69 0
70 99 1
99 70 0
71 99 1
99 71 0
72 99 1
99 72 0
73 99 1
99 73 0
74 99 1
99 74 0
75 99 1
99 75 0
76 99 1
99 76 0
77 99 1
99 77 0
78 99 1
99 78 0
79 99 1
99 79 0
80 99 1
99 80 0
81 99 1
99 81 0
82 99 1
99 82 0
83 99 1
99 83 0
84 99 1
99 84 0
85 99 1
99 85 0
86 99 1
99 86 0
87 99 1
99 87 0
88 99 1
99 88 0
89 99 1
99 89 0
90 99 1
99 90 0
91 99 1
99 91 0
92 99 1
99 92 0
93 99 1
99 93 0
94 99 1
99 94 0
95 99 1
99 95 0
96 99 6
99 96 0
97 99 6
99 97 0
98 99 6
99 98 0
